1.00013125,4.8848960881005
1.00046458333333,4.89322942186845
1.00079791666667,4.89296900518821
1.00113125,4.89296900518821
1.00146458333333,4.88815129660361
1.00179791666667,4.88945338000485
1.00213125,4.88138046291715
1.00246458333333,4.87799504607392
1.00279791666667,4.87434921255044
1.00313125,4.87526067093131
1.00346458333333,4.8768231710128
1.00379791666667,4.88020858785603
1.00413125,4.88567733814125
1.00446458333333,4.886458588182
1.00479791666667,4.88750025490299
1.00513125,4.88723983822274
1.00546458333333,4.88828150494373
1.00579791666667,4.88437525474001
1.00613125,4.88385442137951
1.00646458333333,4.88424504639988
1.00679791666667,4.88606796316162
1.00713125,4.886458588182
1.00746458333333,4.88203150461777
1.00779791666667,4.87630233765231
1.00813125,4.86809921222448
1.00846458333333,4.86731796218373
1.00879791666667,4.8735679625097
1.00913125,4.88697942154249
1.00946458333333,4.88658879652212
1.00979791666667,4.88125025457703
1.01013125,4.87487004591094
1.01046458333333,4.87421900421032
1.01079791666667,4.8730471291492
1.01113125,4.86914087894547
1.01146458333333,4.8725262957887
1.01179791666667,4.87408879587019
1.01213125,4.8692710872856
1.01246458333333,4.86640650380286
1.01279791666667,4.86692733716336
1.01313125,4.87148462906771
1.01346458333333,4.8730471291492
1.01379791666667,4.8725262957887
1.01413125,4.87591171263193
1.01446458333333,4.87695337935293
1.01479791666667,4.87421900421032
1.01513125,4.86184921189852
1.01546458333333,4.85390650315094
1.01579791666667,4.8515627530287
1.01613125,4.85494816987193
1.01646458333333,4.85247421140957
1.01679791666667,4.84908879456634
1.01713125,4.84687525278423
1.01746458333333,4.84388046096137
1.01779791666666,4.84010441909777
1.01813125,4.84270858590025
1.01846458333333,4.84791691950522
1.01879791666666,4.85390650315094
1.01913125,4.85416691983119
1.01946458333333,4.85716171165404
1.01979791666666,4.85768254501454
1.02013125,4.85429712817131
1.02046458333333,4.85312525311019
1.02079791666666,4.84817733618547
1.02113125,4.8520835863892
1.02146458333333,4.8520835863892
1.02179791666666,4.85950546177628
1.02213125,4.85924504509603
1.02246458333333,4.85559921157255
1.02279791666666,4.85026066962746
1.02313125,4.84335962760088
1.02346458333333,4.83580754387367
1.02379791666666,4.83463566881255
1.02413125,4.83723983561504
1.02446458333333,4.84192733585951
1.02479791666666,4.83710962727491
1.02513125,4.83723983561504
1.02546458333333,4.83294296039094
1.02579791666666,4.83138046030945
1.02613125,4.82421900160261
1.02646458333333,4.82656275172485
1.02679791666666,4.83268254371069
1.02713125,4.84114608581876
1.02746458333333,4.84375025262125
1.02779791666666,4.84075546079839
1.02813125,4.83984400241752
1.02846458333333,4.84531275270274
1.02879791666666,4.84570337772311
1.02913125,4.84427108598175
1.02946458333333,4.83281275205081
1.02979791666666,4.83020858524833
1.03013125,4.83190129366994
1.03046458333333,4.83906275237678
1.03079791666666,4.84231796087988
1.03113125,4.84231796087988
1.03146458333333,4.8391929607169
1.03179791666666,4.83463566881255
1.03213125,4.82890650184709
1.03246458333333,4.82643254338473
1.03279791666666,4.83020858524833
1.03313125,4.83242212703044
1.03346458333333,4.83307316873106
1.03379791666666,4.83098983528907
1.03413125,4.8300783769082
1.03446458333333,4.82825546014647
1.03479791666666,4.82578150168411
1.03513125,4.82161483480013
1.03546458333333,4.82005233471864
1.03579791666666,4.82174504314025
1.03613125,4.82187525148038
1.03646458333333,4.82369816824212
1.03679791666666,4.8182294179569
1.03713125,4.81614608451491
1.03746458333333,4.81744816791615
1.03779791666666,4.82565129334398
1.03813125,4.83255233537057
1.03846458333333,4.83320337707119
1.03879791666666,4.8300783769082
1.03913125,4.82565129334398
1.03946458333333,4.82369816824212
1.03979791666666,4.82265650152112
1.04013125,4.82578150168411
1.04046458333333,4.82617212670448
1.04079791666666,4.82148462646001
1.04113125,4.81992212637852
1.04146458333333,4.82018254305876
1.04179791666666,4.8273440017656
1.04213125,4.83151066864957
1.04246458333333,4.83580754387367
1.04279791666666,4.83710962727491
1.04313125,4.83385441877181
1.04346458333333,4.83020858524833
1.04379791666666,4.82565129334398
1.04413125,4.82434920994274
1.04446458333333,4.82708358508535
1.04479791666666,4.82747421010572
1.04513125,4.82721379342547
1.04546458333333,4.82369816824212
1.04579791666666,4.82786483512609
1.04613125,4.83046900192858
1.04646458333333,4.82825546014647
1.04679791666666,4.82135441811988
1.04713125,4.82161483480013
1.04746458333333,4.82356795990199
1.04779791666666,4.82382837658224
1.04813124999999,4.81848983463715
1.04846458333333,4.81653670953529
1.04879791666666,4.81666691787541
1.04913124999999,4.82148462646001
1.04946458333333,4.82434920994274
1.04979791666666,4.82786483512609
1.05013124999999,4.82460962662299
1.05046458333333,4.8220054598205
1.05079791666666,4.82057316807914
1.05113124999999,4.81744816791615
1.05146458333333,4.81419295941305
1.05179791666666,4.81302108435193
1.05213124999999,4.82070337641926
1.05246458333333,4.82695337674522
1.05279791666666,4.82473983496311
1.05313124999999,4.81731795957603
1.05346458333333,4.80872420912783
1.05379791666666,4.81080754256982
1.05413124999999,4.81250025099143
1.05446458333333,4.82070337641926
1.05479791666666,4.82369816824212
1.05513124999999,4.82148462646001
1.05546458333333,4.82122420977976
1.05579791666666,4.81744816791615
1.05613124999999,4.81809920961678
1.05646458333333,4.81640650119516
1.05679791666666,4.81627629285504
1.05713124999999,4.81536483447417
1.05746458333333,4.81367212605255
1.05779791666666,4.81328150103218
1.05813124999999,4.81302108435193
1.05846458333333,4.81002629252907
1.05879791666666,4.80625025066547
1.05913124999999,4.80781275074696
1.05946458333333,4.81158879261056
1.05979791666666,4.81184920929081
1.06013124999999,4.80950545916858
1.06046458333333,4.80494816726423
1.06079791666666,4.80494816726423
1.06113124999999,4.80494816726423
1.06146458333333,4.8058596256451
1.06179791666666,4.80885441746796
1.06213124999999,4.81041691754945
1.06246458333333,4.81276066767168
1.06279791666666,4.81171900095069
1.06313124999999,4.80598983398522
1.06346458333333,4.80377629220311
1.06379791666666,4.80572941730497
1.06413124999999,4.81145858427044
1.06446458333333,4.81184920929081
1.06479791666666,4.80807316742721
1.06513124999999,4.80781275074696
1.06546458333333,4.81028670920932
1.06579791666666,4.80846379244758
1.06613124999999,4.8058596256451
1.06646458333333,4.80039087535988
1.06679791666666,4.7977867085574
1.06713124999999,4.79505233341479
1.06746458333333,4.79101587487094
1.06779791666666,4.79179712491168
1.06813124999999,4.79036483317032
1.06846458333333,4.7924481666123
1.06879791666666,4.79440129171417
1.06913124999999,4.79231795827218
1.06946458333333,4.78906274976907
1.06979791666666,4.78671899964684
1.07013124999999,4.78854191640858
1.07046458333333,4.79023462483019
1.07079791666666,4.78854191640858
1.07113124999999,4.78880233308882
1.07146458333333,4.78763045802771
1.07179791666666,4.78984399980982
1.07213124999999,4.78789087470796
1.07246458333333,4.78750024968758
1.07279791666666,4.78632837462646
1.07313124999999,4.78697941632709
1.07346458333333,4.78997420814994
1.07379791666666,4.79309920831292
1.07413124999999,4.79414087503392
1.07446458333333,4.79622420847591
1.07479791666666,4.79257837495243
1.07513124999999,4.78958358312957
1.07546458333333,4.77994816596038
1.07579791666666,4.77773462417827
1.07613124999999,4.77890649923938
1.07646458333333,4.78411483284435
1.07679791666666,4.78984399980982
1.07713124999999,4.78802108304808
1.07746458333333,4.78893254142895
1.07779791666666,4.78984399980982
1.07813124999999,4.79765650021727
1.07846458333332,4.80338566718274
1.07879791666666,4.80169295876112
1.07913124999999,4.79622420847591
1.07946458333332,4.78854191640858
1.07979791666666,4.78307316612336
1.08013124999999,4.77916691591963
1.08046458333332,4.77968774928013
1.08079791666666,4.78346379114373
1.08113124999999,4.78554712458572
1.08146458333332,4.78737004134746
1.08179791666666,4.78945337478945
1.08213124999999,4.78893254142895
1.08246458333332,4.78541691624559
1.08279791666666,4.78502629122522
1.08313124999999,4.78841170806845
1.08346458333332,4.78893254142895
1.08379791666666,4.78671899964684
1.08413124999999,4.78359399948386
1.08446458333332,4.78190129106224
1.08479791666666,4.77669295745727
1.08513124999999,4.77929712425976
1.08546458333332,4.78164087438199
1.08579791666666,4.78776066636783
1.08613124999999,4.78502629122522
1.08646458333332,4.78281274944311
1.08679791666666,4.77981795762025
1.08713124999999,4.77617212409677
1.08746458333332,4.77304712393379
1.08779791666666,4.77317733227392
1.08813124999999,4.7757814990764
1.08846458333332,4.77942733259988
1.08879791666666,4.7811200410215
1.08913124999999,4.78072941600112
1.08946458333332,4.77929712425976
1.08979791666666,4.7811200410215
1.09013124999999,4.78632837462646
1.09046458333332,4.79335962499317
1.09079791666666,4.79440129171417
1.09113124999999,4.79401066669379
1.09146458333332,4.79205754159193
1.09179791666666,4.79075545819069
1.09213124999999,4.79127629155119
1.09246458333332,4.79453150005429
1.09279791666666,4.79518254175491
1.09313124999999,4.79791691689752
1.09346458333332,4.79843775025802
1.09379791666666,4.80520858394448
1.09413124999999,4.81093775090994
1.09446458333332,4.82695337674522
1.09479791666666,4.84270858590025
1.09513124999999,4.85755233667442
1.09546458333332,4.8639325453405
1.09579791666666,4.87044296234672
1.09613124999999,4.87460962923069
1.09646458333332,4.88098983789678
1.09679791666666,4.89140650510672
1.09713124999999,4.90546900584013
1.09746458333332,4.9149742146692
1.09779791666666,4.9230471317569
1.09813124999999,4.93190129888535
1.09846458333332,4.94192734107492
1.09879791666666,4.94739609136013
1.09913124999999,4.95299504998548
1.09946458333332,4.9579429669102
1.09979791666666,4.96158880043367
1.10013124999999,4.96002630035218
1.10046458333332,4.95416692504659
1.10079791666666,4.95546900844784
1.10113124999999,4.96041692537256
1.10146458333332,4.96679713403864
1.10179791666666,4.96575546731765
1.10213124999999,4.95729192520957
1.10246458333332,4.94687525799964
1.10279791666666,4.93710963249032
1.10313124999999,4.93229192390572
1.10346458333332,4.92903671540262
1.10379791666666,4.92018254827417
1.10413124999999,4.90625025588088
1.10446458333332,4.89088567174622
1.10479791666666,4.87838567109429
1.10513124999999,4.86679712882324
1.10546458333332,4.86093775351765
1.10579791666666,4.85677108663367
1.10613124999999,4.85481796153181
1.10646458333332,4.84648462776386
1.10679791666666,4.83033879358845
1.10713124999999,4.81406275107292
1.10746458333332,4.80598983398522
1.10779791666666,4.80729191738647
1.10813124999999,4.80572941730497
1.10846458333332,4.7967450418364
1.10879791666665,4.7843752495246
1.10913124999999,4.77408879065479
1.10946458333332,4.76992212377081
1.10979791666665,4.77135441551218
1.11013124999999,4.77031274879118
1.11046458333332,4.76835962368932
1.11079791666665,4.76302108174423
1.11113124999999,4.76406274846522
1.11146458333332,4.76367212344485
1.11179791666665,4.76432316514547
1.11213124999999,4.76380233178497
1.11246458333332,4.76015649826149
1.11279791666665,4.75937524822075
1.11313124999999,4.75703149809851
1.11346458333332,4.76263045672386
1.11379791666665,4.76536483186646
1.11413124999999,4.76835962368932
1.11446458333332,4.76601587356709
1.11479791666665,4.76536483186646
1.11513124999999,4.76237004004361
1.11546458333332,4.76562524854671
1.11579791666665,4.76614608190721
1.11613124999999,4.77109399883193
1.11646458333332,4.7714846238523
1.11679791666665,4.77786483251839
1.11713124999999,4.77656274911715
1.11746458333332,4.77487004069553
1.11779791666665,4.76927108207019
1.11813124999999,4.77044295713131
1.11846458333332,4.77213566555292
1.11879791666665,4.76992212377081
1.11913124999999,4.76549504020659
1.11946458333332,4.76419295680535
1.11979791666665,4.76250024838373
1.12013124999999,4.76223983170348
1.12046458333332,4.75794295647938
1.12079791666665,4.75442733129603
1.12113124999999,4.75325545623491
1.12146458333332,4.7591148315405
1.12179791666665,4.76484399850597
1.12213124999999,4.7671877486282
1.12246458333332,4.76614608190721
1.12279791666665,4.76614608190721
1.12313124999999,4.76315129008435
1.12346458333332,4.7553387896769
1.12379791666665,4.7505210810923
1.12413124999999,4.75403670627566
1.12446458333332,4.7553387896769
1.12479791666665,4.75742212311889
1.12513124999999,4.75494816465653
1.12546458333332,4.759635664901
1.12579791666665,4.76184920668311
1.12613124999999,4.76263045672386
1.12646458333332,4.76354191510472
1.12679791666665,4.75729191477876
1.12713124999999,4.75651066473802
1.12746458333332,4.7510419144528
1.12779791666665,4.75403670627566
1.12813124999999,4.74804712262994
1.12846458333332,4.74127628894348
1.12879791666665,4.73697941371938
1.12913124999999,4.74075545558299
1.12946458333332,4.74765649760957
1.12979791666665,4.75442733129603
1.13013124999999,4.75572941469727
1.13046458333332,4.75559920635715
1.13079791666665,4.74895858101081
1.13113124999999,4.75338566457504
1.13146458333332,4.75716170643864
1.13179791666665,4.76171899834299
1.13213124999999,4.75794295647938
1.13246458333332,4.75416691461578
1.13279791666665,4.75442733129603
1.13313124999999,4.75117212279292
1.13346458333332,4.74843774765031
1.13379791666665,4.74843774765031
1.13413124999999,4.74882837267069
1.13446458333332,4.75182316449354
1.13479791666665,4.74778670594969
1.13513124999999,4.74778670594969
1.13546458333332,4.75013045607193
1.13579791666665,4.75325545623491
1.13613124999999,4.7515627478133
1.13646458333332,4.74596378918795
1.13679791666665,4.7467450392287
1.13713124999999,4.75273462287441
1.13746458333332,4.76080753996212
1.13779791666665,4.7591148315405
1.13813124999999,4.75885441486025
1.13846458333332,4.7542971229559
1.13879791666665,4.75338566457504
1.13913124999998,4.75312524789479
1.13946458333332,4.7558596230374
1.13979791666665,4.75729191477876
1.14013124999998,4.75729191477876
1.14046458333332,4.75377628959541
1.14079791666665,4.75299503955466
1.14113124999998,4.74557316416758
1.14146458333332,4.74062524724286
1.14179791666665,4.73541691363789
1.14213124999998,4.73723983039963
1.14246458333332,4.73919295550149
1.14279791666665,4.73997420554224
1.14313124999998,4.74375024740584
1.14346458333332,4.74687524756882
1.14379791666665,4.75130233113305
1.14413124999998,4.7505210810923
1.14446458333332,4.74700545590895
1.14479791666665,4.74127628894348
1.14513124999998,4.73346378853603
1.14546458333332,4.72695337152982
1.14579791666665,4.73216170513479
1.14613124999998,4.7429689973651
1.14646458333332,4.75195337283367
1.14679791666665,4.75455753963615
1.14713124999998,4.74987003939168
1.14746458333332,4.74401066408609
1.14779791666665,4.74179712230398
1.14813124999998,4.74544295582746
1.14846458333332,4.74921899769106
1.14879791666665,4.74713566424907
1.14913124999998,4.73841170546075
1.14946458333332,4.73567733031814
1.14979791666665,4.73125024675392
1.15013124999998,4.73580753865826
1.15046458333332,4.73945337218174
1.15079791666665,4.74687524756882
1.15113124999998,4.75169295615342
1.15146458333332,4.74960962271143
1.15179791666665,4.74804712262994
1.15213124999998,4.74388045574597
1.15246458333332,4.74166691396385
1.15279791666665,4.74375024740584
1.15313124999998,4.74973983105156
1.15346458333332,4.75677108141826
1.15379791666665,4.75520858133677
1.15413124999998,4.74856795599044
1.15446458333332,4.74270858068485
1.15479791666665,4.7419273306441
1.15513124999998,4.74257837234472
1.15546458333332,4.74505233080708
1.15579791666665,4.74453149744659
1.15613124999998,4.74609399752808
1.15646458333332,4.7429689973651
1.15679791666665,4.73528670529777
1.15713124999998,4.72981795501255
1.15746458333332,4.73242212181503
1.15779791666665,4.73945337218174
1.15813124999998,4.73932316384162
1.15846458333332,4.73515649695764
1.15879791666665,4.73515649695764
1.15913124999998,4.73450545525702
1.15946458333332,4.7343752469169
1.15979791666665,4.73098983007367
1.16013124999998,4.73203149679466
1.16046458333332,4.73268253849528
1.16079791666665,4.73411483023665
1.16113124999998,4.73190128845454
1.16146458333332,4.72877628829156
1.16179791666665,4.72799503825081
1.16213124999998,4.72760441323044
1.16246458333332,4.73177108011441
1.16279791666665,4.73190128845454
1.16313124999998,4.7343752469169
1.16346458333332,4.72968774667243
1.16379791666665,4.72851587161131
1.16413124999998,4.72877628829156
1.16446458333332,4.73580753865826
1.16479791666665,4.73463566359715
1.16513124999998,4.73359399687615
1.16546458333332,4.73229191347491
1.16579791666665,4.72968774667243
1.16613124999998,4.72487003808783
1.16646458333332,4.72031274618348
1.16679791666665,4.72343774634646
1.16713124999998,4.72213566294522
1.16746458333332,4.71875024610199
1.16779791666665,4.72005232950323
1.16813124999998,4.73203149679466
1.16846458333332,4.74218774732435
1.16879791666665,4.74179712230398
1.16913124999998,4.73841170546075
1.16946458333331,4.73242212181503
1.16979791666665,4.72734399655019
1.17013124999998,4.7257814964687
1.17046458333331,4.73046899671317
1.17079791666667,4.74075545558299
1.17113125,4.74492212246696
1.17146458333333,4.74531274748733
1.17179791666667,4.74713566424907
1.17213125,4.74492212246696
1.17246458333333,4.73958358052187
1.17279791666667,4.73281274683541
1.17313125,4.73398462189653
1.17346458333333,4.73750024707988
1.17379791666667,4.73880233048112
1.17413125,4.73359399687615
1.17446458333333,4.73645858035889
1.17479791666667,4.73802108044038
1.17513125,4.74309920570522
1.17546458333333,4.74166691396385
1.17579791666667,4.73697941371938
1.17613125,4.7381512887805
1.17646458333333,4.73880233048112
1.17679791666667,4.7462242058682
1.17713125,4.74973983105156
1.17746458333333,4.75143253947317
1.17779791666667,4.75013045607193
1.17813125,4.75065128943243
1.17846458333333,4.75338566457504
1.17879791666667,4.75247420619417
1.17913125,4.74596378918795
1.17946458333333,4.73906274716137
1.17979791666667,4.7424481640046
1.18013125,4.75130233113305
1.18046458333333,4.75885441486025
1.18079791666667,4.76002628992137
1.18113125,4.75234399785404
1.18146458333333,4.75195337283367
1.18179791666667,4.74700545590895
1.18213125,4.7505210810923
1.18246458333333,4.74583358084783
1.18279791666667,4.75000024773181
1.18313125,4.75143253947317
1.18346458333333,4.75247420619417
1.18379791666667,4.75364608125528
1.18413125,4.75494816465653
1.18446458333333,4.7558596230374
1.18479791666667,4.75494816465653
1.18513125,4.75091170611267
1.18546458333333,4.75286483121454
1.18579791666667,4.74856795599044
1.18613125,4.74908878935094
1.18646458333333,4.74661483088858
1.18679791666667,4.74453149744659
1.18713125,4.73802108044038
1.18746458333333,4.73359399687615
1.18779791666667,4.73632837201876
1.18813125,4.7424481640046
1.18846458333333,4.7429689973651
1.18879791666666,4.7419273306441
1.18913125,4.73580753865826
1.18946458333333,4.73294295517553
1.18979791666666,4.7343752469169
1.19013125,4.73893253882125
1.19046458333333,4.74505233080708
1.19079791666666,4.73841170546075
1.19113125,4.73359399687615
1.19146458333333,4.73138045509404
1.19179791666666,4.73359399687615
1.19213125,4.73632837201876
1.19246458333333,4.73710962205951
1.19279791666666,4.74127628894348
1.19313125,4.74088566392311
1.19346458333333,4.73737003873976
1.19379791666666,4.73307316351566
1.19413125,4.73138045509404
1.19446458333333,4.73515649695764
1.19479791666666,4.73450545525702
1.19513125,4.73619816367864
1.19546458333333,4.73229191347491
1.19579791666666,4.73242212181503
1.19613125,4.73294295517553
1.19646458333333,4.73554712197802
1.19679791666666,4.73606795533851
1.19713125,4.73112003841379
1.19746458333333,4.72916691331193
1.19779791666666,4.72109399622423
1.19813125,4.71796899606125
1.19846458333333,4.71640649597975
1.19879791666666,4.71914087112236
1.19913125,4.72252628796559
1.19946458333333,4.72304712132609
1.19979791666666,4.72369816302671
1.20013125,4.72473982974771
1.20046458333333,4.72252628796559
1.20079791666666,4.72591170480882
1.20113125,4.72994816335267
1.20146458333333,4.73098983007367
1.20179791666666,4.72760441323044
1.20213125,4.72252628796559
1.20246458333333,4.72421899638721
1.20279791666666,4.72291691298597
1.20313125,4.71679712100013
1.20346458333333,4.7171877460205
1.20379791666666,4.72161482958472
1.20413125,4.72708357986994
1.20446458333333,4.72447941306746
1.20479791666666,4.7214846212446
1.20513125,4.72447941306746
1.20546458333333,4.72408878804708
1.20579791666666,4.72057316286373
1.20613125,4.71614607929951
1.20646458333333,4.71458357921802
1.20679791666666,4.71510441257851
1.20713125,4.71692732934025
1.20746458333333,4.71927107946249
1.20779791666666,4.7220054546051
1.20813125,4.72031274618348
1.20846458333333,4.71536482925876
1.20879791666666,4.71575545427913
1.20913125,4.71223982909578
1.20946458333333,4.71432316253777
1.20979791666666,4.71354191249702
1.21013125,4.71458357921802
1.21046458333333,4.71432316253777
1.21079791666666,4.71184920407541
1.21113125,4.71080753735441
1.21146458333333,4.71080753735441
1.21179791666666,4.70898462059267
1.21213125,4.7053387870692
1.21246458333333,4.70585962042969
1.21279791666666,4.71067732901429
1.21313125,4.71536482925876
1.21346458333333,4.70755232885131
1.21379791666666,4.70221378690621
1.21413125,4.7005210784846
1.21446458333333,4.70390649532783
1.21479791666666,4.70416691200808
1.21513125,4.70286482860683
1.21546458333333,4.69544295321975
1.21579791666666,4.69401066147839
1.21613125,4.69752628666174
1.21646458333333,4.70559920374944
1.21679791666666,4.70585962042969
1.21713125,4.70039087014447
1.21746458333333,4.69947941176361
1.21779791666666,4.69596378658025
1.21813125,4.69388045313826
1.21846458333333,4.69322941143764
1.21879791666666,4.69739607832162
1.21913124999999,4.70221378690621
1.21946458333333,4.69869816172286
1.21979791666666,4.69713566164137
1.22013124999999,4.69218774471665
1.22046458333333,4.6876304528123
1.22079791666666,4.68450545264932
1.22113124999999,4.68554711937031
1.22146458333333,4.69348982811789
1.22179791666666,4.6962242032605
1.22213124999999,4.69492211985926
1.22246458333333,4.68828149451292
1.22279791666666,4.67981795240485
1.22313124999999,4.68138045248634
1.22346458333333,4.68750024447218
1.22379791666666,4.69882837006298
1.22413124999999,4.70351587030746
1.22446458333333,4.69856795338274
1.22479791666666,4.69166691135615
1.22513124999999,4.68112003580609
1.22546458333333,4.6828127442277
1.22579791666666,4.68723982779193
1.22613124999999,4.69648461994075
1.22646458333333,4.69739607832162
1.22679791666666,4.69661482828087
1.22713124999999,4.69362003645801
1.22746458333333,4.69049503629503
1.22779791666666,4.69010441127466
1.22813124999999,4.69114607799565
1.22846458333333,4.6924481613969
1.22879791666666,4.69752628666174
1.22913124999999,4.70169295354572
1.22946458333333,4.70403670366795
1.22979791666666,4.69921899508336
1.23013124999999,4.69531274487963
1.23046458333333,4.69322941143764
1.23079791666666,4.69479191151913
1.23113124999999,4.69791691168211
1.23146458333333,4.70403670366795
1.23179791666666,4.71002628731367
1.23213124999999,4.71184920407541
1.23246458333333,4.71406274585752
1.23279791666666,4.70885441225255
1.23313124999999,4.70507837038895
1.23346458333333,4.70182316188584
1.23379791666666,4.7080731622118
1.23413124999999,4.7134117041569
1.23446458333333,4.71653670431988
1.23479791666666,4.71549503759888
1.23513124999999,4.71367212083715
1.23546458333333,4.71145857905503
1.23579791666666,4.70572941208957
1.23613124999999,4.70625024545006
1.23646458333333,4.70677107881056
1.23679791666666,4.71158878739516
1.23713124999999,4.71640649597975
1.23746458333333,4.71692732934025
1.23779791666666,4.71171899573528
1.23813124999999,4.70078149516485
1.23846458333333,4.69921899508336
1.23879791666666,4.70703149549081
1.23913124999999,4.71458357921802
1.23946458333333,4.71809920440137
1.23979791666666,4.7134117041569
1.24013124999999,4.7091148289328
1.24046458333333,4.70833357889205
1.24079791666666,4.71197941241553
1.24113124999999,4.71627628763963
1.24146458333333,4.71640649597975
1.24179791666666,4.7134117041569
1.24213124999999,4.71106795403466
1.24246458333333,4.70572941208957
1.24279791666666,4.70312524528708
1.24313124999999,4.70234399524634
1.24346458333333,4.70794295387168
1.24379791666666,4.71367212083715
1.24413124999999,4.71640649597975
1.24446458333333,4.71796899606125
1.24479791666666,4.71354191249702
1.24513124999999,4.70690128715069
1.24546458333333,4.69791691168211
1.24579791666666,4.69205753637652
1.24613124999999,4.69531274487963
1.24646458333333,4.69856795338274
1.24679791666666,4.70234399524634
1.24713124999999,4.70247420358646
1.24746458333333,4.70013045346423
1.24779791666666,4.696745036621
1.24813124999999,4.69544295321975
1.24846458333333,4.69726586998149
1.24879791666666,4.69856795338274
1.24913124999999,4.70156274520559
1.24946458333332,4.7010419118451
1.24979791666666,4.69908878674323
1.25013124999999,4.69817732836236
1.25046458333332,4.69856795338274
1.25079791666666,4.70507837038895
1.25113124999999,4.7010419118451
1.25146458333332,4.70390649532783
1.25179791666666,4.7005210784846
1.25213124999999,4.70156274520559
1.25246458333332,4.69843774504261
1.25279791666666,4.69752628666174
1.25313124999999,4.69960962010373
1.25346458333332,4.70182316188584
1.25379791666666,4.70260441192659
1.25413124999999,4.6957033699
1.25446458333332,4.69362003645801
1.25479791666666,4.69205753637652
1.25513124999999,4.69596378658025
1.25546458333332,4.68854191119317
1.25579791666666,4.68528670269006
1.25613124999999,4.67864607734373
1.25646458333332,4.68515649434994
1.25679791666666,4.68971378625429
1.25713124999999,4.6919273280364
1.25746458333332,4.69401066147839
1.25779791666666,4.69075545297528
1.25813124999999,4.69049503629503
1.25846458333332,4.68828149451292
1.25879791666666,4.69088566131541
1.25913124999999,4.69010441127466
1.25946458333332,4.6871096194518
1.25979791666666,4.68515649434994
1.26013124999999,4.68515649434994
1.26046458333332,4.68359399426845
1.26079791666666,4.67513045216037
1.26113124999999,4.67460961879988
1.26146458333332,4.67994816074497
1.26179791666666,4.68697941111168
1.26213124999999,4.69075545297528
1.26246458333332,4.68554711937031
1.26279791666666,4.68619816107093
1.26313124999999,4.68294295256783
1.26346458333332,4.68125024414621
1.26379791666666,4.6795575357246
1.26413124999999,4.67721378560236
1.26446458333332,4.67695336892211
1.26479791666666,4.67656274390174
1.26513124999999,4.6790367023641
1.26546458333332,4.68346378592833
1.26579791666666,4.68346378592833
1.26613124999999,4.68268253588758
1.26646458333332,4.68046899410547
1.26679791666666,4.68489607766969
1.26713124999999,4.68997420293454
1.26746458333332,4.69414086981851
1.26779791666666,4.69401066147839
1.26813124999999,4.68411482762895
1.26846458333332,4.67473982714
1.26879791666666,4.66588566001155
1.26913124999999,4.67473982714
1.26946458333332,4.68632836941106
1.26979791666666,4.68971378625429
1.27013124999999,4.68098982746596
1.27046458333332,4.67187524365727
1.27079791666666,4.66875024349429
1.27113124999999,4.66940128519491
1.27146458333332,4.66862003515416
1.27179791666666,4.67473982714
1.27213124999999,4.67695336892211
1.27246458333332,4.67994816074497
1.27279791666666,4.67565128552087
1.27313124999999,4.67617211888137
1.27346458333332,4.6795575357246
1.27379791666666,4.68489607766969
1.27413124999999,4.6833335775882
1.27446458333332,4.67447941045975
1.27479791666666,4.66510440997081
1.27513124999999,4.66471378495044
1.27546458333332,4.67135441029677
1.27579791666666,4.67760441062273
1.27613124999999,4.68046899410547
1.27646458333332,4.68085961912584
1.27679791666666,4.67513045216037
1.27713124999999,4.66862003515416
1.27746458333332,4.66848982681404
1.27779791666665,4.67434920211963
1.27813124999999,4.67838566066348
1.27846458333332,4.67500024382025
1.27879791666665,4.67018253523565
1.27913124999999,4.67109399361652
1.27946458333332,4.67434920211963
1.27979791666665,4.67981795240485
1.28013124999999,4.68320336924808
1.28046458333332,4.68072941078572
1.28079791666665,4.67708357726224
1.28113124999999,4.66875024349429
1.28146458333332,4.67122420195665
1.28179791666665,4.67434920211963
1.28213124999999,4.67890649402398
1.28246458333332,4.67487003548013
1.28279791666665,4.67083357693628
1.28313124999999,4.66510440997081
1.28346458333332,4.66354190988932
1.28379791666665,4.66406274324982
1.28413124999999,4.66302107652882
1.28446458333332,4.66354190988932
1.28479791666665,4.66250024316832
1.28513124999999,4.66393253490969
1.28546458333332,4.66484399329056
1.28579791666665,4.66393253490969
1.28613124999999,4.66276065984857
1.28646458333332,4.65820336794423
1.28679791666665,4.66054711806646
1.28713124999999,4.66302107652882
1.28746458333332,4.66862003515416
1.28779791666665,4.6671877434128
1.28813124999999,4.66627628503193
1.28846458333332,4.66510440997081
1.28879791666665,4.66796899345354
1.28913124999999,4.67395857709926
1.28946458333332,4.67473982714
1.28979791666665,4.6714846186369
1.29013124999999,4.66796899345354
1.29046458333332,4.66210961814795
1.29079791666665,4.66432315993006
1.29113124999999,4.66406274324982
1.29146458333332,4.6671877434128
1.29179791666665,4.66171899312758
1.29213124999999,4.65911482632509
1.29246458333332,4.66263045150845
1.29279791666665,4.66822941013379
1.29313124999999,4.67226586867764
1.29346458333332,4.67382836875913
1.29379791666665,4.67591170220112
1.29413124999999,4.67552107718075
1.29446458333332,4.66809920179367
1.29479791666665,4.66158878478745
1.29513124999999,4.66093774308683
1.29546458333332,4.66458357661031
1.29579791666665,4.66432315993006
1.29613124999999,4.66432315993006
1.29646458333332,4.66341170154919
1.29679791666665,4.66197940980783
1.29713124999999,4.6628908681887
1.29746458333332,4.66445336827019
1.29779791666665,4.66770857677329
1.29813124999999,4.66575545167143
1.29846458333332,4.66054711806646
1.29879791666665,4.66458357661031
1.29913124999999,4.66510440997081
1.29946458333332,4.67018253523565
1.29979791666665,4.67161482697702
1.30013124999999,4.67460961879988
1.30046458333332,4.67291691037826
1.30079791666665,4.67421899377951
1.30113124999999,4.67565128552087
1.30146458333332,4.67539086884062
1.30179791666665,4.67343774373876
1.30213124999999,4.67500024382025
1.30246458333332,4.6795575357246
1.30279791666665,4.68072941078572
1.30313124999999,4.68216170252708
1.30346458333332,4.68320336924808
1.30379791666665,4.68489607766969
1.30413124999999,4.68463566098944
1.30446458333332,4.68906274455367
1.30479791666665,4.69023461961478
1.30513124999999,4.69296899475739
1.30546458333332,4.68789086949255
1.30579791666665,4.68177107750671
1.30613124999999,4.67981795240485
1.30646458333332,4.68307316090795
1.30679791666665,4.69088566131541
1.30713124999999,4.69101586965553
1.30746458333332,4.68554711937031
1.30779791666665,4.68216170252708
1.30813124999998,4.68697941111168
1.30846458333332,4.69309920309752
1.30879791666665,4.69947941176361
1.30913124999998,4.70442732868833
1.30946458333332,4.70937524561305
1.30979791666665,4.70898462059267
1.31013124999998,4.70559920374944
1.31046458333332,4.70390649532783
1.31079791666665,4.70494816204882
1.31113124999998,4.70677107881056
1.31146458333332,4.70820337055193
1.31179791666665,4.70677107881056
1.31213124999998,4.70260441192659
1.31246458333332,4.7000002451241
1.31279791666665,4.70065128682472
1.31313124999998,4.69869816172286
1.31346458333332,4.69752628666174
1.31379791666665,4.69153670301603
1.31413124999998,4.68502628600982
1.31446458333332,4.68593774439069
1.31479791666665,4.69296899475739
1.31513124999998,4.70846378723218
1.31546458333332,4.71263045411615
1.31579791666665,4.70963566229329
1.31613124999998,4.69869816172286
1.31646458333332,4.69596378658025
1.31679791666665,4.69882837006298
1.31713124999998,4.69921899508336
1.31746458333332,4.69648461994075
1.31779791666665,4.69166691135615
1.31813124999998,4.69062524463516
1.31846458333332,4.69257836973702
1.31879791666665,4.69427107815864
1.31913124999998,4.69348982811789
1.31946458333332,4.68984399459441
1.31979791666665,4.69062524463516
1.32013124999998,4.69388045313826
1.32046458333332,4.69414086981851
1.32079791666665,4.68450545264932
1.32113124999998,4.68020857742522
1.32146458333332,4.68177107750671
1.32179791666665,4.68671899443143
1.32213124999998,4.68541691103019
1.32246458333332,4.68229191086721
1.32279791666665,4.67942732738447
1.32313124999998,4.67408878543938
1.32346458333332,4.67161482697702
1.32379791666665,4.67447941045975
1.32413124999998,4.68359399426845
1.32446458333332,4.6881512861728
1.32479791666665,4.68789086949255
1.32513124999998,4.68046899410547
1.32546458333332,4.67656274390174
1.32579791666665,4.67369816041901
1.32613124999998,4.67721378560236
1.32646458333332,4.67539086884062
1.32679791666665,4.67630232722149
1.32713124999998,4.67513045216037
1.32746458333332,4.67382836875913
1.32779791666665,4.6752606605005
1.32813124999998,4.67812524398323
1.32846458333332,4.67994816074497
1.32879791666665,4.67890649402398
1.32913124999998,4.67447941045975
1.32946458333332,4.67734399394249
1.32979791666665,4.68229191086721
1.33013124999998,4.68450545264932
1.33046458333332,4.68424503596907
1.33079791666665,4.68098982746596
1.33113124999998,4.67981795240485
1.33146458333332,4.68151066082646
1.33179791666665,4.67981795240485
1.33213124999998,4.68229191086721
1.33246458333332,4.6795575357246
1.33279791666665,4.68138045248634
1.33313124999998,4.68151066082646
1.33346458333332,4.6833335775882
1.33379791666665,4.68632836941106
1.33413124999998,4.68567732771044
1.33446458333332,4.68606795273081
1.33479791666665,4.68294295256783
1.33513124999998,4.68229191086721
1.33546458333332,4.6790367023641
1.33579791666665,4.67447941045975
1.33613124999998,4.67695336892211
1.33646458333332,4.67799503564311
1.33679791666665,4.68463566098944
1.33713124999998,4.68841170285305
1.33746458333332,4.6914064946759
1.33779791666665,4.69283878641727
1.33813124999998,4.69179711969628
1.33846458333331,4.68984399459441
1.33879791666665,4.68372420260857
1.33913124999998,4.68242211920733
1.33946458333331,4.68697941111168
1.33979791666665,4.69609399492038
1.34013124999998,4.69908878674323
1.34046458333331,4.69544295321975
1.34079791666665,4.69075545297528
1.34113124999998,4.68828149451292
1.34146458333333,4.69036482795491
1.34179791666667,4.69427107815864
1.34213125,4.69713566164137
1.34246458333333,4.69960962010373
1.34279791666667,4.69895857840311
1.34313125,4.69921899508336
1.34346458333333,4.69388045313826
1.34379791666667,4.68802107783267
1.34413125,4.68828149451292
1.34446458333333,4.69375024479814
1.34479791666667,4.69596378658025
1.34513125,4.68893253621354
1.34546458333333,4.68177107750671
1.34579791666667,4.68072941078572
1.34613125,4.68880232787342
1.34646458333333,4.69843774504261
1.34679791666667,4.70325545362721
1.34713125,4.70247420358646
1.34746458333333,4.69388045313826
1.34779791666667,4.69335961977777
1.34813125,4.69635441160062
1.34846458333333,4.70338566196733
1.34879791666667,4.70781274553156
1.34913125,4.70716170383093
1.34946458333333,4.70325545362721
1.34979791666667,4.70039087014447
1.35013125,4.70234399524634
1.35046458333333,4.70820337055193
1.35079791666667,4.70742212051118
1.35113125,4.70677107881056
1.35146458333333,4.70273462026671
1.35179791666667,4.70638045379019
1.35213125,4.70729191217106
1.35246458333333,4.70872420391243
1.35279791666667,4.70390649532783
1.35313125,4.69322941143764
1.35346458333333,4.69036482795491
1.35379791666667,4.68971378625429
1.35413125,4.69895857840311
1.35446458333333,4.69947941176361
1.35479791666667,4.70091170350497
1.35513125,4.69700545330124
1.35546458333333,4.69531274487963
1.35579791666667,4.69270857807715
1.35613125,4.69309920309752
1.35646458333333,4.69804712002224
1.35679791666667,4.69895857840311
1.35713125,4.70468774536857
1.35746458333333,4.70742212051118
1.35779791666667,4.7123700374359
1.35813125,4.71145857905503
1.35846458333333,4.70820337055193
1.35879791666666,4.71067732901429
1.35913125,4.71263045411615
1.35946458333333,4.71940128780261
1.35979791666666,4.72460962140758
1.36013125,4.72552107978845
1.36046458333333,4.72669295484957
1.36079791666666,4.72604191314895
1.36113125,4.72864607995143
1.36146458333333,4.72343774634646
1.36179791666666,4.72239607962547
1.36213125,4.72812524659094
1.36246458333333,4.73281274683541
1.36279791666666,4.72994816335267
1.36313125,4.72942732999218
1.36346458333333,4.73802108044038
1.36379791666666,4.75117212279292
1.36413125,4.75455753963615
1.36446458333333,4.75416691461578
1.36479791666666,4.75078149777255
1.36513125,4.7553387896769
1.36546458333333,4.76419295680535
1.36579791666666,4.77122420717205
1.36613125,4.77421899899491
1.36646458333333,4.77434920733504
1.36679791666666,4.78502629122522
1.36713125,4.79192733325181
1.36746458333333,4.80091170872038
1.36779791666666,4.80598983398522
1.36813125,4.81432316775317
1.36846458333333,4.8263023350446
1.36879791666666,4.83333358541131
1.36913125,4.83515650217305
1.36946458333333,4.84179712751939
1.36979791666666,4.85247421140957
1.37013125,4.87070337902696
1.37046458333333,4.8816408795974
1.37079791666666,4.88932317166473
1.37113125,4.8977867137728
1.37146458333333,4.90937525604386
1.37179791666666,4.92473984017852
1.37213125,4.93828150755144
1.37246458333333,4.94674504965951
1.37279791666666,4.95781275857007
1.37313125,4.970312759222
1.37346458333333,4.9821617181733
1.37379791666666,4.98737005177827
1.37413125,4.99440130214498
1.37446458333333,5.00755234449753
1.37479791666666,5.01966172012908
1.37513125,5.02799505389703
1.37546458333333,5.03098984571989
1.37579791666666,5.03450547090324
1.37613125,5.03541692928411
1.37646458333333,5.03841172110697
1.37679791666666,5.04388047139219
1.37713125,5.04270859633107
1.37746458333333,5.03828151276684
1.37779791666666,5.02877630393778
1.37813125,5.02434922037355
1.37846458333333,5.02825547057728
1.37879791666666,5.03789088774647
1.37913125,5.04713567989529
1.37946458333333,5.04830755495641
1.37979791666666,5.04283880467119
1.38013125,5.03606797098473
1.38046458333333,5.03216172078101
1.38079791666666,5.02968776231865
1.38113125,5.02955755397852
1.38146458333333,5.02877630393778
1.38179791666666,5.02851588725753
1.38213125,5.02487005373405
1.38246458333333,5.01888047008833
1.38279791666666,5.01862005340809
1.38313125,5.01914088676858
1.38346458333333,5.01770859502722
1.38379791666666,5.00898463623889
1.38413125,5.00221380255243
1.38446458333333,4.99700546894746
1.38479791666666,4.99205755202274
1.38513125,4.9875002601184
1.38546458333333,4.98385442659492
1.38579791666666,4.98880234351964
1.38613125,4.98411484327517
1.38646458333333,4.9778648429492
1.38679791666666,4.97851588464982
1.38713125,4.98867213517951
1.38746458333333,4.99583359388635
1.38779791666666,4.99401067712461
1.38813125,4.98828151015914
1.38846458333333,4.98098984311218
1.38879791666666,4.97942734303069
1.38913124999999,4.97812525962945
1.38946458333333,4.98242213485355
1.38979791666666,4.97812525962945
1.39013124999999,4.97552109282697
1.39046458333333,4.970312759222
1.39079791666666,4.97018255088187
1.39113124999999,4.97278671768436
1.39146458333333,4.97526067614672
1.39179791666666,4.97174505096336
1.39213124999999,4.96536484229728
1.39246458333333,4.96679713403864
1.39279791666666,4.970312759222
1.39313124999999,4.96901067582076
1.39346458333333,4.96132838375343
1.39379791666666,4.95911484197131
1.39413124999999,4.96158880043367
1.39446458333333,4.96406275889603
1.39479791666666,4.96289088383492
1.39513124999999,4.96562525897753
1.39546458333333,4.96588567565777
1.39579791666666,4.96276067549479
1.39613124999999,4.95182317492436
1.39646458333333,4.95000025816262
1.39679791666666,4.95117213322374
1.39713124999999,4.95598984180833
1.39746458333333,4.95651067516883
1.39779791666666,4.94973984148237
1.39813124999999,4.94375025783666
1.39846458333333,4.94427109119715
1.39879791666666,4.95039088318299
1.39913124999999,4.95104192488361
1.39946458333333,4.94557317459839
1.39979791666666,4.93854192423169
1.40013124999999,4.9402346326533
1.40046458333333,4.9407554660138
1.40079791666666,4.93984400763293
1.40113124999999,4.93580754908908
1.40146458333333,4.93046900714398
1.40179791666666,4.93085963216436
1.40213124999999,4.93320338228659
1.40246458333333,4.93307317394647
1.40279791666666,4.93203150722547
1.40313124999999,4.93033879880386
1.40346458333333,4.93307317394647
1.40379791666666,4.93307317394647
1.40413124999999,4.92656275694026
1.40446458333333,4.92161484001554
1.40479791666666,4.91783879815193
1.40513124999999,4.92109400665504
1.40546458333333,4.92395859013777
1.40579791666666,4.92578150689951
1.40613124999999,4.92630234026001
1.40646458333333,4.91835963151243
1.40679791666666,4.91614608973032
1.40713124999999,4.90989608940436
1.40746458333333,4.91341171458771
1.40779791666666,4.91080754778523
1.40813124999999,4.9117190061661
1.40846458333333,4.91054713110498
1.40879791666666,4.91263046454696
1.40913124999999,4.91796900649206
1.40946458333333,4.92239609005628
1.40979791666666,4.91822942317231
1.41013124999999,4.91380233960808
1.41046458333333,4.90651067256113
1.41079791666666,4.90768254762224
1.41113124999999,4.90911483936361
1.41146458333333,4.91028671442473
1.41179791666666,4.90729192260187
1.41213124999999,4.90768254762224
1.41246458333333,4.91054713110498
1.41279791666666,4.906380464221
1.41313124999999,4.90273463069752
1.41346458333333,4.90247421401728
1.41379791666666,4.90403671409877
1.41413124999999,4.90286483903765
1.41446458333333,4.89739608875243
1.41479791666666,4.89114608842647
1.41513124999999,4.88932317166473
1.41546458333333,4.8891929633246
1.41579791666666,4.8977867137728
1.41613124999999,4.90065129725554
1.41646458333333,4.89544296365057
1.41679791666666,4.88658879652212
1.41713124999999,4.8816408795974
1.41746458333333,4.88307317133877
1.41779791666666,4.88958358834498
1.41813124999999,4.88958358834498
1.41846458333333,4.88580754648137
1.41879791666666,4.87656275433255
1.41913124999999,4.87291692080908
1.41946458333332,4.87812525441404
1.41979791666666,4.87890650445479
1.42013124999999,4.88098983789678
1.42046458333332,4.88046900453628
1.42079791666666,4.87838567109429
1.42113124999999,4.88007837951591
1.42146458333332,4.8805992128764
1.42179791666666,4.88359400469926
1.42213124999999,4.88346379635914
1.42246458333332,4.87838567109429
1.42279791666666,4.87330754582945
1.42313124999999,4.86484400372137
1.42346458333332,4.86315129529976
1.42379791666666,4.86458358704113
1.42413124999999,4.86302108695963
1.42446458333332,4.86002629513678
1.42479791666666,4.8553387948923
1.42513124999999,4.85416691983119
1.42546458333332,4.85377629481081
1.42579791666666,4.85598983659293
1.42613124999999,4.85950546177628
1.42646458333332,4.85742212833429
1.42679791666666,4.85455754485156
1.42713124999999,4.85013046128734
1.42746458333332,4.85221379472932
1.42779791666666,4.85781275335467
1.42813124999999,4.86354192032013
1.42846458333332,4.86575546210224
1.42879791666666,4.86289087861951
1.42913124999999,4.86002629513678
1.42946458333332,4.86367212866026
1.42979791666666,4.86328150363988
1.43013124999999,4.86106796185777
1.43046458333332,4.85065129464783
1.43079791666666,4.85169296136883
1.43113124999999,4.84596379440336
1.43146458333332,4.84375025262125
1.43179791666666,4.8397137940774
1.43213124999999,4.84166691917926
1.43246458333332,4.84479191934224
1.43279791666666,4.84440129432187
1.43313124999999,4.84049504411814
1.43346458333332,4.84075546079839
1.43379791666666,4.84492212768237
1.43413124999999,4.85078150298796
1.43446458333332,4.84908879456634
1.43479791666666,4.84114608581876
1.43513124999999,4.83346379375143
1.43546458333332,4.82799504346622
1.43579791666666,4.82929712686746
1.43613124999999,4.83268254371069
1.43646458333332,4.83945337739715
1.43679791666666,4.84153671083914
1.43713124999999,4.84817733618547
1.43746458333332,4.84700546112435
1.43779791666666,4.84335962760088
1.43813124999999,4.8354169188533
1.43846458333332,4.83046900192858
1.43879791666666,4.83151066864957
1.43913124999999,4.82864608516684
1.43946458333332,4.82565129334398
1.43979791666666,4.82565129334398
1.44013124999999,4.82786483512609
1.44046458333332,4.8343752521323
1.44079791666666,4.83294296039094
1.44113124999999,4.83203150201007
1.44146458333332,4.83098983528907
1.44179791666666,4.83554712719342
1.44213124999999,4.83320337707119
1.44246458333332,4.82369816824212
1.44279791666666,4.82005233471864
1.44313124999999,4.82317733488162
1.44346458333332,4.83229191869032
1.44379791666666,4.82981796022796
1.44413124999999,4.82695337674522
1.44446458333332,4.81862004297727
1.44479791666666,4.81354191771243
1.44513124999999,4.81523462613404
1.44546458333332,4.81914087633777
1.44579791666666,4.82356795990199
1.44613124999999,4.822526293181
1.44646458333332,4.81953150135814
1.44679791666666,4.82135441811988
1.44713124999999,4.82044295973901
1.44746458333332,4.81979191803839
1.44779791666666,4.8144533760933
1.44813124999999,4.81106795925007
1.44846458333332,4.81184920929081
1.44879791666665,4.81367212605255
1.44913124999999,4.81367212605255
1.44946458333332,4.81106795925007
1.44979791666665,4.8101565008692
1.45013124999999,4.80781275074696
1.45046458333332,4.80703150070622
1.45079791666665,4.79856795859814
1.45113124999999,4.79257837495243
1.45146458333332,4.79192733325181
1.45179791666665,4.79440129171417
1.45213124999999,4.79388045835367
1.45246458333332,4.78697941632709
1.45279791666665,4.78776066636783
1.45313124999999,4.79453150005429
1.45346458333332,4.80143254208087
1.45379791666665,4.80130233374075
1.45413124999999,4.79609400013578
1.45446458333332,4.79192733325181
1.45479791666665,4.79401066669379
1.45513124999999,4.79531275009504
1.45546458333332,4.79401066669379
1.45579791666665,4.78710962466721
1.45613124999999,4.78476587454497
1.45646458333332,4.78737004134746
1.45679791666665,4.78997420814994
1.45713124999999,4.78932316644932
1.45746458333332,4.78828149972833
1.45779791666665,4.78476587454497
1.45813124999999,4.78346379114373
1.45846458333332,4.78085962434125
1.45879791666665,4.78072941600112
1.45913124999999,4.77903670757951
1.45946458333332,4.77356795729429
1.45979791666665,4.77500024903566
1.46013124999999,4.78177108272212
1.46046458333332,4.78450545786473
1.46079791666665,4.78164087438199
1.46113124999999,4.77955754094
1.46146458333332,4.77760441583814
1.46179791666665,4.77773462417827
1.46213124999999,4.7725262905733
1.46246458333332,4.76848983202945
1.46279791666665,4.76653670692758
1.46313124999999,4.76862004036957
1.46346458333332,4.77526066571591
1.46379791666665,4.78033879098075
1.46413124999999,4.78450545786473
1.46446458333332,4.78476587454497
1.46479791666665,4.7768231657974
1.46513124999999,4.77213566555292
1.46546458333332,4.76992212377081
1.46579791666665,4.77695337413752
1.46613124999999,4.77721379081777
1.46646458333332,4.77447941567516
1.46679791666665,4.76901066538994
1.46713124999999,4.76888045704982
1.46746458333332,4.77135441551218
1.46779791666665,4.7714846238523
1.46813124999999,4.76497420684609
1.46846458333332,4.76002628992137
1.46879791666665,4.75442733129603
1.46913124999999,4.75273462287441
1.46946458333332,4.75742212311889
1.46979791666665,4.76119816498249
1.47013124999999,4.76406274846522
1.47046458333332,4.7634117067646
1.47079791666665,4.76171899834299
1.47113124999999,4.76276066506398
1.47146458333332,4.76263045672386
1.47179791666665,4.76158879000286
1.47213124999999,4.75872420652013
1.47246458333332,4.75598983137752
1.47279791666665,4.75703149809851
1.47313124999999,4.75598983137752
1.47346458333332,4.75091170611267
1.47379791666665,4.75143253947317
1.47413124999999,4.75260441453429
1.47446458333332,4.75703149809851
1.47479791666665,4.76367212344485
1.47513124999999,4.7671877486282
1.47546458333332,4.7634117067646
1.47579791666665,4.75273462287441
1.47613124999999,4.74635441420833
1.47646458333332,4.7424481640046
1.47679791666665,4.7429689973651
1.47713124999999,4.74882837267069
1.47746458333332,4.75625024805777
1.47779791666665,4.76223983170348
1.47813124999999,4.75924503988063
1.47846458333332,4.75794295647938
1.47879791666665,4.75885441486025
1.47913124999999,4.75807316481951
1.47946458333332,4.75312524789479
1.47979791666665,4.74817733097007
1.48013124999998,4.74388045574597
1.48046458333332,4.74453149744659
1.48079791666665,4.73854191380087
1.48113124999998,4.73528670529777
1.48146458333332,4.72786482991069
1.48179791666665,4.7290367049718
1.48213124999998,4.73294295517553
1.48246458333332,4.74101587226323
1.48279791666665,4.74348983072559
1.48313124999998,4.74218774732435
1.48346458333332,4.73828149712062
1.48379791666665,4.7338544135564
1.48413124999998,4.7381512887805
1.48446458333332,4.74401066408609
1.48479791666665,4.75182316449354
1.48513124999998,4.75208358117379
1.48546458333332,4.74583358084783
1.48579791666665,4.7424481640046
1.48613124999998,4.73684920537926
1.48646458333332,4.74062524724286
1.48679791666665,4.73854191380087
1.48713124999998,4.73750024707988
1.48746458333332,4.73268253849528
1.48779791666665,4.7290367049718
1.48813124999998,4.7257814964687
1.48846458333332,4.72942732999218
1.48879791666665,4.73593774699839
1.48913124999998,4.74544295582746
1.48946458333332,4.74270858068485
1.48979791666665,4.73828149712062
1.49013124999998,4.73268253849528
1.49046458333332,4.73411483023665
1.49079791666665,4.73567733031814
1.49113124999998,4.73190128845454
1.49146458333332,4.73112003841379
1.49179791666665,4.7290367049718
1.49213124999998,4.73203149679466
1.49246458333332,4.73085962173354
1.49279791666665,4.72721378821007
1.49313124999998,4.72708357986994
1.49346458333332,4.72695337152982
1.49379791666665,4.72682316318969
1.49413124999998,4.72669295484957
1.49446458333332,4.72682316318969
1.49479791666665,4.72838566327118
1.49513124999998,4.72604191314895
1.49546458333332,4.72031274618348
1.49579791666665,4.71197941241553
1.49613124999998,4.71158878739516
1.49646458333332,4.70885441225255
1.49679791666665,4.71601587095938
1.49713124999998,4.71888045444211
1.49746458333332,4.72487003808783
1.49779791666665,4.72356795468659
1.49813124999998,4.71901066278224
1.49846458333332,4.71940128780261
1.49879791666665,4.71901066278224
1.49913124999998,4.72018253784336
1.49946458333332,4.72135441290448
1.49979791666665,4.72083357954398
1.50013124999998,4.71901066278224
1.50046458333332,4.71653670431988
1.50079791666665,4.71848982942174
1.50113124999998,4.72044295452361
1.50146458333332,4.72135441290448
1.50179791666665,4.71927107946249
1.50213124999998,4.71302107913652
1.50246458333332,4.70846378723218
1.50279791666665,4.70559920374944
1.50313124999998,4.70833357889205
1.50346458333332,4.71315128747665
1.50379791666665,4.71145857905503
1.50413124999998,4.71171899573528
1.50446458333332,4.71080753735441
1.50479791666665,4.71419295419764
1.50513124999998,4.71549503759888
1.50546458333332,4.71458357921802
1.50579791666665,4.71328149581677
1.50613124999998,4.71315128747665
1.50646458333332,4.71210962075566
1.50679791666665,4.71210962075566
1.50713124999998,4.70625024545006
1.50746458333332,4.69830753670249
1.50779791666665,4.69882837006298
1.50813124999998,4.7042971203482
1.50846458333332,4.71054712067416
1.50879791666665,4.70742212051118
1.50913124999998,4.70638045379019
1.50946458333331,4.70963566229329
1.50979791666665,4.71210962075566
1.51013124999998,4.71184920407541
1.51046458333331,4.71445337087789
1.51079791666665,4.71862003776187
1.51113124999998,4.71705753768038
1.51146458333331,4.70625024545006
1.51179791666665,4.69843774504261
1.51213125,4.69401066147839
1.51246458333333,4.69739607832162
1.51279791666667,4.70117212018522
1.51313125,4.70664087047044
1.51346458333333,4.70885441225255
1.51379791666667,4.71145857905503
1.51413125,4.70677107881056
1.51446458333333,4.70325545362721
1.51479791666667,4.69778670334199
1.51513125,4.69843774504261
1.51546458333333,4.69414086981851
1.51579791666667,4.69401066147839
1.51613125,4.69973982844385
1.51646458333333,4.70455753702845
1.51679791666667,4.70716170383093
1.51713125,4.70312524528708
1.51746458333333,4.69882837006298
1.51779791666667,4.69583357824013
1.51813125,4.69557316155988
1.51846458333333,4.69635441160062
1.51879791666667,4.69466170317901
1.51913125,4.69505232819938
1.51946458333333,4.69739607832162
1.51979791666667,4.69648461994075
1.52013125,4.68906274455367
1.52046458333333,4.68476586932957
1.52079791666667,4.68802107783267
1.52113125,4.69817732836236
1.52146458333333,4.70390649532783
1.52179791666667,4.70507837038895
1.52213125,4.69973982844385
1.52246458333333,4.69348982811789
1.52279791666667,4.69036482795491
1.52313125,4.69127628633578
1.52346458333333,4.70026066180435
1.52379791666667,4.70572941208957
1.52413125,4.71002628731367
1.52446458333333,4.70312524528708
1.52479791666667,4.70013045346423
1.52513125,4.70221378690621
1.52546458333333,4.70625024545006
1.52579791666667,4.70572941208957
1.52613125,4.69661482828087
1.52646458333333,4.69388045313826
1.52679791666667,4.6962242032605
1.52713125,4.69830753670249
1.52746458333333,4.69335961977777
1.52779791666667,4.68971378625429
1.52813125,4.69348982811789
1.52846458333333,4.69791691168211
1.52879791666667,4.69947941176361
1.52913125,4.69557316155988
1.52946458333333,4.69661482828087
1.52979791666666,4.6957033699
1.53013125,4.69466170317901
1.53046458333333,4.69270857807715
1.53079791666666,4.69114607799565
1.53113125,4.69114607799565
1.53146458333333,4.6924481613969
1.53179791666666,4.68541691103019
1.53213125,4.68177107750671
1.53246458333333,4.67604191054124
1.53279791666666,4.6795575357246
1.53313125,4.68645857775118
1.53346458333333,4.6924481613969
1.53379791666666,4.6957033699
1.53413125,4.69049503629503
1.53446458333333,4.68776066115242
1.53479791666666,4.68723982779193
1.53513125,4.68593774439069
1.53546458333333,4.68203149418696
1.53579791666666,4.67617211888137
1.53613125,4.68164086916659
1.53646458333333,4.69153670301603
1.53679791666666,4.69791691168211
1.53713125,4.69101586965553
1.53746458333333,4.68294295256783
1.53779791666666,4.68242211920733
1.53813125,4.68359399426845
1.53846458333333,4.68098982746596
1.53879791666666,4.67773461896286
1.53913125,4.6795575357246
1.53946458333333,4.68463566098944
1.53979791666666,4.68606795273081
1.54013125,4.68151066082646
1.54046458333333,4.67708357726224
1.54079791666666,4.67447941045975
1.54113125,4.68346378592833
1.54146458333333,4.68906274455367
1.54179791666666,4.69179711969628
1.54213125,4.68216170252708
1.54246458333333,4.67656274390174
1.54279791666666,4.66979191021528
1.54313125,4.67070336859615
1.54346458333333,4.67265649369801
1.54379791666666,4.67721378560236
1.54413125,4.68020857742522
1.54446458333333,4.68151066082646
1.54479791666666,4.68020857742522
1.54513125,4.68164086916659
1.54546458333333,4.68190128584683
1.54579791666666,4.68632836941106
1.54613125,4.6828127442277
1.54646458333333,4.67825545232336
1.54679791666666,4.67812524398323
1.54713125,4.67877628568385
1.54746458333333,4.68190128584683
1.54779791666666,4.67812524398323
1.54813125,4.67421899377951
1.54846458333333,4.66679711839242
1.54879791666666,4.66367211822944
1.54913125,4.66914086851466
1.54946458333333,4.67291691037826
1.54979791666666,4.67369816041901
1.55013125,4.66250024316832
1.55046458333333,4.66367211822944
1.55079791666666,4.66875024349429
1.55113125,4.67916691070423
1.55146458333333,4.68294295256783
1.55179791666666,4.68177107750671
1.55213125,4.67929711904435
1.55246458333333,4.67278670203814
1.55279791666666,4.66822941013379
1.55313125,4.66862003515416
1.55346458333333,4.66796899345354
1.55379791666666,4.67031274357578
1.55413125,4.67317732705851
1.55446458333333,4.67643253556162
1.55479791666666,4.67252628535789
1.55513125,4.66940128519491
1.55546458333333,4.67083357693628
1.55579791666666,4.67565128552087
1.55613125,4.67408878543938
1.55646458333333,4.67473982714
1.55679791666666,4.67682316058199
1.55713125,4.68294295256783
1.55746458333333,4.68359399426845
1.55779791666666,4.6790367023641
1.55813125,4.67682316058199
1.55846458333333,4.67669295224187
1.55879791666666,4.67760441062273
1.55913125,4.67643253556162
1.55946458333333,4.67447941045975
1.55979791666666,4.67408878543938
1.56013124999999,4.67083357693628
1.56046458333333,4.66835961847391
1.56079791666666,4.6671877434128
1.56113124999999,4.66888045183441
1.56146458333333,4.67018253523565
1.56179791666666,4.67252628535789
1.56213124999999,4.66510440997081
1.56246458333333,4.66458357661031
1.56279791666666,4.66106795142696
1.56313124999999,4.6618492014677
1.56346458333333,4.65729190956336
1.56379791666666,4.6623700348282
1.56413124999999,4.66627628503193
1.56446458333333,4.67291691037826
1.56479791666666,4.66966170187516
1.56513124999999,4.6666669100523
1.56546458333333,4.65846378462447
1.56579791666666,4.66093774308683
1.56613124999999,4.66484399329056
1.56646458333333,4.66927107685478
1.56679791666666,4.66484399329056
1.56713124999999,4.65781274292385
1.56746458333333,4.65559920114174
1.56779791666666,4.65716170122323
1.56813124999999,4.66158878478745
1.56846458333333,4.65937524300534
1.56879791666666,4.65963565968559
1.56913124999999,4.66106795142696
1.56946458333333,4.66302107652882
1.56979791666666,4.66406274324982
1.57013124999999,4.66458357661031
1.57046458333333,4.65820336794423
1.57079791666666,4.65169295093801
1.57113124999999,4.65247420097876
1.57146458333333,4.66132836810721
1.57179791666666,4.66132836810721
1.57213124999999,4.65625024284236
1.57246458333333,4.65234399263863
1.57279791666666,4.65794295126398
1.57313124999999,4.66080753474671
1.57346458333333,4.65937524300534
1.57379791666666,4.65703149288311
1.57413124999999,4.66132836810721
1.57446458333333,4.66575545167143
1.57479791666666,4.66966170187516
1.57513124999999,4.66835961847391
1.57546458333333,4.66523461831093
1.57579791666666,4.66080753474671
1.57613124999999,4.65898461798497
1.57646458333333,4.65833357628435
1.57679791666666,4.65885440964485
1.57713124999999,4.65625024284236
1.57746458333333,4.65872420130472
1.57779791666666,4.65937524300534
1.57813124999999,4.66145857644733
1.57846458333333,4.66315128486895
1.57879791666666,4.66015649304609
1.57913124999999,4.65130232591764
1.57946458333333,4.64804711741454
1.57979791666666,4.64492211725155
1.58013124999999,4.65117211757752
1.58046458333333,4.64427107555093
1.58079791666666,4.64348982551019
1.58113124999999,4.64635440899292
1.58146458333333,4.65234399263863
1.58179791666666,4.6575523262436
1.58213124999999,4.65416690940037
1.58246458333333,4.64869815911516
1.58279791666666,4.6457033672923
1.58313124999999,4.64531274227193
1.58346458333333,4.6494794091559
1.58379791666666,4.65208357595839
1.58413124999999,4.65260440931888
1.58446458333333,4.65130232591764
1.58479791666666,4.64830753409478
1.58513124999999,4.64804711741454
1.58546458333333,4.65039086753677
1.58579791666666,4.65143253425777
1.58613124999999,4.64882836745528
1.58646458333333,4.64843774243491
1.58679791666666,4.64960961749603
1.58713124999999,4.6575523262436
1.58746458333333,4.65612003450224
1.58779791666666,4.64960961749603
1.58813124999999,4.64739607571391
1.58846458333333,4.65104190923739
1.58879791666666,4.65898461798497
1.58913124999999,4.65143253425777
1.58946458333333,4.6414064920682
1.58979791666666,4.63268253327988
1.59013124999999,4.63515649174224
1.59046458333332,4.64544295061205
1.59079791666666,4.64934920081578
1.59113124999999,4.64791690907441
1.59146458333332,4.64531274227193
1.59179791666666,4.64700545069354
1.59213124999999,4.65130232591764
1.59246458333332,4.65091170089727
1.59279791666666,4.654817951101
1.59313124999999,4.65911482632509
1.59346458333332,4.66132836810721
1.59379791666666,4.65612003450224
1.59413124999999,4.65169295093801
1.59446458333332,4.64726586737379
1.59479791666666,4.6462242006528
1.59513124999999,4.64804711741454
1.59546458333332,4.65403670106025
1.59579791666666,4.65546899280162
1.59613124999999,4.65078149255714
1.59646458333332,4.64700545069354
1.59679791666666,4.64882836745528
1.59713124999999,4.65364607603988
1.59746458333332,4.65455753442075
1.59779791666666,4.6505210758769
1.59813124999999,4.64713565903367
1.59846458333332,4.64674503401329
1.59879791666666,4.64765649239416
1.59913124999999,4.64882836745528
1.59946458333332,4.64791690907441
1.59979791666666,4.65247420097876
1.60013124999999,4.65260440931888
1.60046458333332,4.65416690940037
1.60079791666666,4.64635440899292
1.60113124999999,4.63671899182373
1.60146458333332,4.62968774145702
1.60179791666666,4.63515649174224
1.60213124999999,4.63958357530646
1.60246458333332,4.64270857546944
1.60279791666666,4.64362003385031
1.60313124999999,4.64505232559168
1.60346458333332,4.6419273254287
1.60379791666666,4.63593774178298
1.60413124999999,4.63164086655888
1.60446458333332,4.63372420000087
1.60479791666666,4.63619815846323
1.60513124999999,4.63893253360584
1.60546458333332,4.63750024186447
1.60579791666666,4.63437524170149
1.60613124999999,4.62760440801503
1.60646458333332,4.62890649141627
1.60679791666666,4.63255232493975
1.60713124999999,4.63958357530646
1.60746458333332,4.64114607538795
1.60779791666666,4.63841170024534
1.60813124999999,4.63645857514348
1.60846458333332,4.63593774178298
1.60879791666666,4.64114607538795
1.60913124999999,4.64765649239416
1.60946458333332,4.64466170057131
1.60979791666666,4.64153670040832
1.61013124999999,4.64010440866696
1.61046458333332,4.64531274227193
1.61079791666666,4.64661482567317
1.61113124999999,4.64713565903367
1.61146458333332,4.64739607571391
1.61179791666666,4.64322940882994
1.61213124999999,4.63919295028609
1.61246458333332,4.63255232493975
1.61279791666666,4.63437524170149
1.61313124999999,4.6371096168441
1.61346458333332,4.64036482534721
1.61379791666666,4.64388045053056
1.61413124999999,4.64049503368733
1.61446458333332,4.63789086688485
1.61479791666666,4.63138044987863
1.61513124999999,4.63450545004162
1.61546458333332,4.64335961717006
1.61579791666666,4.64908878413553
1.61613124999999,4.64674503401329
1.61646458333332,4.64010440866696
1.61679791666666,4.64010440866696
1.61713124999999,4.64127628372808
1.61746458333332,4.63723982518422
1.61779791666666,4.63437524170149
1.61813124999999,4.63294294996013
1.61846458333332,4.63554711676261
1.61879791666666,4.62786482469528
1.61913124999999,4.62708357465453
1.61946458333332,4.62916690809652
1.61979791666666,4.63046899149776
1.62013124999999,4.63164086655888
1.62046458333332,4.6295575331169
1.62079791666665,4.62812524137553
1.62113124999999,4.62395857449155
1.62146458333332,4.62447940785205
1.62179791666665,4.63541690842249
1.62213124999999,4.63867211692559
1.62246458333332,4.63554711676261
1.62279791666665,4.63112003319839
1.62313124999999,4.63320336664037
1.62346458333332,4.63919295028609
1.62379791666665,4.64179711708857
1.62413124999999,4.63906274194596
1.62446458333332,4.63437524170149
1.62479791666665,4.63255232493975
1.62513124999999,4.63424503336137
1.62546458333332,4.63828149190522
1.62579791666665,4.64205753376882
1.62613124999999,4.64075545036758
1.62646458333332,4.63697940850398
1.62679791666665,4.63138044987863
1.62713124999999,4.63020857481752
1.62746458333332,4.63502628340211
1.62779791666665,4.63789086688485
1.62813124999999,4.63723982518422
1.62846458333332,4.62916690809652
1.62879791666665,4.62721378299466
1.62913124999999,4.62994815813727
1.62946458333332,4.63580753344286
1.62979791666665,4.63789086688485
1.63013124999999,4.63203149157926
1.63046458333332,4.62968774145702
1.63079791666665,4.6290366997564
1.63113124999999,4.63346378332062
1.63146458333332,4.63554711676261
1.63179791666665,4.63359399166075
1.63213124999999,4.63164086655888
1.63246458333332,4.62630232461379
1.63279791666665,4.62760440801503
1.63313124999999,4.62942732477677
1.63346458333332,4.63789086688485
1.63379791666665,4.63997420032683
1.63413124999999,4.63723982518422
1.63446458333332,4.63606795012311
1.63479791666665,4.63697940850398
1.63513124999999,4.6376304502046
1.63546458333332,4.63164086655888
1.63579791666665,4.63020857481752
1.63613124999999,4.63828149190522
1.63646458333332,4.63997420032683
1.63679791666665,4.63320336664037
1.63713124999999,4.63072940817801
1.63746458333332,4.63411482502124
1.63779791666665,4.63945336696634
1.63813124999999,4.63567732510273
1.63846458333332,4.62565128291317
1.63879791666665,4.61783878250571
1.63913124999999,4.61536482404335
1.63946458333332,4.62200544938969
1.63979791666665,4.62239607441006
1.64013124999999,4.62213565772981
1.64046458333332,4.62343774113106
1.64079791666665,4.62721378299466
1.64113124999999,4.6333335749805
1.64146458333332,4.6365887834836
1.64179791666665,4.63906274194596
1.64213124999999,4.63919295028609
1.64246458333332,4.63867211692559
1.64279791666665,4.64322940882994
1.64313124999999,4.64179711708857
1.64346458333332,4.63906274194596
1.64379791666665,4.63007836647739
1.64413124999999,4.62617211627367
1.64446458333332,4.62630232461379
1.64479791666665,4.62825544971565
1.64513124999999,4.62682315797429
1.64546458333332,4.62747419967491
1.64579791666665,4.63007836647739
1.64613124999999,4.62838565805578
1.64646458333332,4.62226586606994
1.64679791666665,4.61770857416559
1.64713124999999,4.62213565772981
1.64746458333332,4.62864607473603
1.64779791666665,4.62929711643665
1.64813124999999,4.62317732445081
1.64846458333332,4.61653669910447
1.64879791666665,4.61731794914522
1.64913124999999,4.62460961619217
1.64946458333332,4.63203149157926
1.64979791666665,4.63346378332062
1.65013124999999,4.63450545004162
1.65046458333332,4.63307315830025
1.65079791666665,4.63385440834099
1.65113124999998,4.62981794979714
1.65146458333332,4.62513044955267
1.65179791666665,4.62513044955267
1.65213124999998,4.62395857449155
1.65246458333332,4.62786482469528
1.65279791666665,4.63059919983789
1.65313124999998,4.6295575331169
1.65346458333332,4.62916690809652
1.65379791666665,4.63085961651814
1.65413124999998,4.63307315830025
1.65446458333332,4.62825544971565
1.65479791666665,4.6247398245323
1.65513124999998,4.62447940785205
1.65546458333332,4.6242189911718
1.65579791666665,4.62252628275019
1.65613124999998,4.62109399100882
1.65646458333332,4.62278669943044
1.65679791666665,4.61744815748534
1.65713124999998,4.61588565740385
1.65746458333332,4.61419294898224
1.65779791666665,4.62005232428783
1.65813124999998,4.62747419967491
1.65846458333332,4.63190128323913
1.65879791666665,4.62825544971565
1.65913124999998,4.62447940785205
1.65946458333332,4.6295575331169
1.65979791666665,4.63593774178298
1.66013124999998,4.63958357530646
1.66046458333332,4.63112003319839
1.66079791666665,4.62773461635516
1.66113124999998,4.62669294963416
1.66146458333332,4.62500024121255
1.66179791666665,4.61966169926745
1.66213124999998,4.61575544906373
1.66246458333332,4.62213565772981
1.66279791666665,4.62578149125329
1.66313124999998,4.63046899149776
1.66346458333332,4.63020857481752
1.66379791666665,4.6285158663959
1.66413124999998,4.62513044955267
1.66446458333332,4.62604190793354
1.66479791666665,4.6290366997564
1.66513124999998,4.62812524137553
1.66546458333332,4.62539086623292
1.66579791666665,4.63007836647739
1.66613124999998,4.63320336664037
1.66646458333332,4.63528670008236
1.66679791666665,4.62890649141627
1.66713124999998,4.6279950330354
1.66746458333332,4.62656274129404
1.66779791666665,4.62760440801503
1.66813124999998,4.62604190793354
1.66846458333332,4.62304711611068
1.66879791666665,4.62135440768907
1.66913124999998,4.62447940785205
1.66946458333332,4.62760440801503
1.66979791666665,4.63307315830025
1.67013124999998,4.62864607473603
1.67046458333332,4.62447940785205
1.67079791666665,4.62239607441006
1.67113124999998,4.62825544971565
1.67146458333332,4.63398461668112
1.67179791666665,4.63320336664037
1.67213124999998,4.62929711643665
1.67246458333332,4.6290366997564
1.67279791666665,4.63476586672186
1.67313124999998,4.63502628340211
1.67346458333332,4.6322919082595
1.67379791666665,4.62578149125329
1.67413124999998,4.62565128291317
1.67446458333332,4.63437524170149
1.67479791666665,4.6414064920682
1.67513124999998,4.63945336696634
1.67546458333332,4.6365887834836
1.67579791666665,4.63463565838174
1.67613124999998,4.6414064920682
1.67646458333332,4.63671899182373
1.67679791666665,4.63632836680335
1.67713124999998,4.63580753344286
1.67746458333332,4.64153670040832
1.67779791666665,4.64218774210895
1.67813124999998,4.64283878380957
1.67846458333332,4.64401065887068
1.67879791666665,4.64635440899292
1.67913124999998,4.64466170057131
1.67946458333332,4.63606795012311
1.67979791666665,4.6333335749805
1.68013124999998,4.63606795012311
1.68046458333332,4.63945336696634
1.68079791666665,4.63906274194596
1.68113124999998,4.63515649174224
1.68146458333331,4.63385440834099
1.68179791666665,4.63932315862621
1.68213124999998,4.64648461733304
1.68246458333331,4.65312524267938
1.68279791666667,4.64505232559168
1.68313125,4.64049503368733
1.68346458333333,4.63841170024534
1.68379791666667,4.64244815878919
1.68413125,4.63828149190522
1.68446458333333,4.63268253327988
1.68479791666667,4.62630232461379
1.68513125,4.62643253295391
1.68546458333333,4.62916690809652
1.68579791666667,4.63815128356509
1.68613125,4.63919295028609
1.68646458333333,4.64075545036758
1.68679791666667,4.63789086688485
1.68713125,4.64557315895218
1.68746458333333,4.64687524235342
1.68779791666667,4.64726586737379
1.68813125,4.63958357530646
1.68846458333333,4.63750024186447
1.68879791666667,4.64049503368733
1.68913125,4.64401065887068
1.68946458333333,4.64244815878919
1.68979791666667,4.63606795012311
1.69013125,4.6295575331169
1.69046458333333,4.62187524104957
1.69079791666667,4.6209637826687
1.69113125,4.62460961619217
1.69146458333333,4.62760440801503
1.69179791666667,4.62513044955267
1.69213125,4.62565128291317
1.69246458333333,4.63294294996013
1.69279791666667,4.6371096168441
1.69313125,4.63437524170149
1.69346458333333,4.62877628307615
1.69379791666667,4.62786482469528
1.69413125,4.63372420000087
1.69446458333333,4.63671899182373
1.69479791666667,4.63424503336137
1.69513125,4.62825544971565
1.69546458333333,4.62539086623292
1.69579791666667,4.6295575331169
1.69613125,4.63645857514348
1.69646458333333,4.64127628372808
1.69679791666667,4.64153670040832
1.69713125,4.6376304502046
1.69746458333333,4.63398461668112
1.69779791666667,4.63463565838174
1.69813125,4.63958357530646
1.69846458333333,4.64557315895218
1.69879791666667,4.64075545036758
1.69913125,4.63997420032683
1.69946458333333,4.64114607538795
1.69979791666667,4.64713565903367
1.70013125,4.64531274227193
1.70046458333333,4.64036482534721
1.70079791666667,4.63541690842249
1.70113125,4.63541690842249
1.70146458333333,4.64101586704783
1.70179791666666,4.64752628405404
1.70213125,4.6419273254287
1.70246458333333,4.63632836680335
1.70279791666666,4.63476586672186
1.70313125,4.64414086721081
1.70346458333333,4.64882836745528
1.70379791666666,4.64765649239416
1.70413125,4.64296899214969
1.70446458333333,4.64049503368733
1.70479791666666,4.6376304502046
1.70513125,4.63033878315764
1.70546458333333,4.62591169959342
1.70579791666666,4.62708357465453
1.70613125,4.63085961651814
1.70646458333333,4.63359399166075
1.70679791666666,4.63125024153851
1.70713125,4.63294294996013
1.70746458333333,4.63177107489901
1.70779791666666,4.6333335749805
1.70813125,4.63281274162
1.70846458333333,4.63085961651814
1.70879791666666,4.63307315830025
1.70913125,4.63164086655888
1.70946458333333,4.62864607473603
1.70979791666666,4.62552107457304
1.71013125,4.62278669943044
1.71046458333333,4.6242189911718
1.71079791666666,4.62395857449155
1.71113125,4.6279950330354
1.71146458333333,4.63242211659963
1.71179791666666,4.63385440834099
1.71213125,4.6371096168441
1.71246458333333,4.63437524170149
1.71279791666666,4.6322919082595
1.71313125,4.62630232461379
1.71346458333333,4.62890649141627
1.71379791666666,4.63098982485826
1.71413125,4.63072940817801
1.71446458333333,4.63098982485826
1.71479791666666,4.62942732477677
1.71513125,4.62929711643665
1.71546458333333,4.62890649141627
1.71579791666666,4.63033878315764
1.71613125,4.6333335749805
1.71646458333333,4.6285158663959
1.71679791666666,4.62187524104957
1.71713125,4.61080753213901
1.71746458333333,4.61197940720012
1.71779791666666,4.61471378234273
1.71813125,4.62135440768907
1.71846458333333,4.62708357465453
1.71879791666666,4.62994815813727
1.71913125,4.63320336664037
1.71946458333333,4.62968774145702
1.71979791666666,4.63020857481752
1.72013125,4.63359399166075
1.72046458333333,4.63619815846323
1.72079791666666,4.63398461668112
1.72113125,4.62565128291317
1.72146458333333,4.62630232461379
1.72179791666666,4.62890649141627
1.72213125,4.63164086655888
1.72246458333333,4.62877628307615
1.72279791666666,4.62552107457304
1.72313125,4.62200544938969
1.72346458333333,4.61927107424708
1.72379791666666,4.62239607441006
1.72413125,4.62513044955267
1.72446458333333,4.62864607473603
1.72479791666666,4.62942732477677
1.72513125,4.62994815813727
1.72546458333333,4.62734399133478
1.72579791666666,4.62734399133478
1.72613125,4.6252606578928
1.72646458333333,4.62552107457304
1.72679791666666,4.62278669943044
1.72713125,4.62447940785205
1.72746458333333,4.62747419967491
1.72779791666666,4.62786482469528
1.72813125,4.62682315797429
1.72846458333333,4.62656274129404
1.72879791666666,4.62864607473603
1.72913125,4.63007836647739
1.72946458333333,4.62447940785205
1.72979791666666,4.6279950330354
1.73013125,4.62786482469528
1.73046458333333,4.63255232493975
1.73079791666666,4.62721378299466
1.73113124999999,4.62239607441006
1.73146458333333,4.62018253262795
1.73179791666666,4.61862003254646
1.73213124999999,4.62252628275019
1.73246458333333,4.6242189911718
1.73279791666666,4.62226586606994
1.73313124999999,4.6242189911718
1.73346458333333,4.62291690777056
1.73379791666666,4.62890649141627
1.73413124999999,4.62864607473603
1.73446458333333,4.62656274129404
1.73479791666666,4.62760440801503
1.73513124999999,4.62825544971565
1.73546458333333,4.63072940817801
1.73579791666666,4.62539086623292
1.73613124999999,4.62669294963416
1.73646458333333,4.62981794979714
1.73679791666666,4.6333335749805
1.73713124999999,4.63033878315764
1.73746458333333,4.62018253262795
1.73779791666666,4.6123700322205
1.73813124999999,4.61067732379888
1.73846458333333,4.61744815748534
1.73879791666666,4.62487003287242
1.73913124999999,4.62565128291317
1.73946458333333,4.6295575331169
1.73979791666666,4.62916690809652
1.74013124999999,4.63385440834099
1.74046458333333,4.6290366997564
1.74079791666666,4.62057315764832
1.74113124999999,4.61757836582547
1.74146458333333,4.61914086590696
1.74179791666666,4.62500024121255
1.74213124999999,4.62317732445081
1.74246458333333,4.62213565772981
1.74279791666666,4.62226586606994
1.74313124999999,4.62565128291317
1.74346458333333,4.62708357465453
1.74379791666666,4.62604190793354
1.74413124999999,4.62604190793354
1.74446458333333,4.62617211627367
1.74479791666666,4.62591169959342
1.74513124999999,4.62018253262795
1.74546458333333,4.61979190760758
1.74579791666666,4.62161482436932
1.74613124999999,4.62500024121255
1.74646458333333,4.62135440768907
1.74679791666666,4.6204429493082
1.74713124999999,4.61979190760758
1.74746458333333,4.62174503270944
1.74779791666666,4.62617211627367
1.74813124999999,4.6290366997564
1.74846458333333,4.62552107457304
1.74879791666666,4.62070336598845
1.74913124999999,4.62083357432857
1.74946458333333,4.62825544971565
1.74979791666666,4.6279950330354
1.75013124999999,4.62122419934894
1.75046458333333,4.61783878250571
1.75079791666666,4.61692732412485
1.75113124999999,4.62434919951193
1.75146458333333,4.6322919082595
1.75179791666666,4.63802107522497
1.75213124999999,4.6371096168441
1.75246458333333,4.63619815846323
1.75279791666666,4.63958357530646
1.75313124999999,4.64427107555093
1.75346458333333,4.64348982551019
1.75379791666666,4.64440128389106
1.75413124999999,4.64492211725155
1.75446458333333,4.65598982616211
1.75479791666666,4.66432315993006
1.75513124999999,4.67161482697702
1.75546458333333,4.67734399394249
1.75579791666666,4.68307316090795
1.75613124999999,4.69609399492038
1.75646458333333,4.69947941176361
1.75679791666666,4.7091148289328
1.75713124999999,4.7171877460205
1.75746458333333,4.73033878837305
1.75779791666666,4.74322941404535
1.75813124999999,4.75807316481951
1.75846458333333,4.77096379049181
1.75879791666666,4.78268254110299
1.75913124999999,4.78776066636783
1.75946458333333,4.79765650021727
1.75979791666666,4.80677108402597
1.76013124999999,4.8182294179569
1.76046458333333,4.82760441844584
1.76079791666666,4.84335962760088
1.76113124999999,4.86132837853802
1.76146458333333,4.87447942089057
1.76179791666666,4.88385442137951
1.76213124999999,4.89531275531044
1.76246458333332,4.90664088090125
1.76279791666666,4.91289088122721
1.76313124999999,4.92057317329454
1.76346458333332,4.92721379864088
1.76379791666666,4.93307317394647
1.76413124999999,4.93789088253106
1.76446458333332,4.94622421629902
1.76479791666666,4.9579429669102
1.76513124999999,4.96822942578001
1.76546458333332,4.97213567598374
1.76579791666666,4.97773463460908
1.76613124999999,4.98307317655417
1.76646458333332,4.99414088546473
1.76679791666666,4.99960963574995
1.76713124999999,5.00325546927343
1.76746458333332,5.00481796935492
1.76779791666666,5.00781276117777
1.76813124999999,5.00937526125927
1.76846458333332,5.01888047008833
1.76879791666666,5.02760442887666
1.76913124999999,5.03307317916187
1.76946458333332,5.02552109543467
1.76979791666666,5.01523463656486
1.77013124999999,5.0117190113815
1.77046458333332,5.01510442822473
1.77079791666666,5.02096380353032
1.77113124999999,5.0251304704143
1.77146458333332,5.02669297049579
1.77179791666666,5.02434922037355
1.77213124999999,5.02018255348958
1.77246458333332,5.0084638028784
1.77279791666666,5.00247421923268
1.77313124999999,4.99752630230796
1.77346458333332,4.99895859404933
1.77379791666666,5.00507838603517
1.77413124999999,5.00664088611666
1.77446458333332,5.01041692798026
1.77479791666666,5.00690130279691
1.77513124999999,5.00455755267467
1.77546458333332,4.99791692732833
1.77579791666666,4.99687526060734
1.77613124999999,4.99531276052585
1.77646458333332,4.9955731772061
1.77679791666666,4.99179713534249
1.77713124999999,4.99231796870299
1.77746458333332,4.99765651064809
1.77779791666666,4.99973984409007
1.77813124999999,5.00403671931417
1.77846458333332,5.00117213583144
1.77879791666666,4.99518255218572
1.77913124999999,4.9875002601184
1.77946458333332,4.98411484327517
1.77979791666666,4.98619817671715
1.78013124999999,4.98802109347889
1.78046458333332,4.98502630165604
1.78079791666666,4.98737005177827
1.78113124999999,4.9826825515338
1.78146458333332,4.98411484327517
1.78179791666666,4.97539088448684
1.78213124999999,4.97265650934423
1.78246458333332,4.97213567598374
1.78279791666666,4.97304713436461
1.78313124999999,4.97252630100411
1.78346458333332,4.96627630067815
1.78379791666666,4.96445338391641
1.78413124999999,4.9654950506374
1.78446458333332,4.96419296723616
1.78479791666666,4.96197942545405
1.78513124999999,4.95338567500585
1.78546458333332,4.95104192488361
1.78579791666666,4.95377630002622
1.78613124999999,4.95846380027069
1.78646458333332,4.96237005047442
1.78679791666666,4.96197942545405
1.78713124999999,4.95807317525032
1.78746458333332,4.95247421662498
1.78779791666666,4.94570338293852
1.78813124999999,4.94283879945579
1.78846458333332,4.93789088253106
1.78879791666666,4.93424504900759
1.78913124999999,4.93763046585082
1.78946458333332,4.93554713240883
1.78979791666666,4.93528671572858
1.79013124999999,4.93450546568783
1.79046458333332,4.93919296593231
1.79079791666666,4.93841171589156
1.79113124999999,4.93333359062672
1.79146458333332,4.92643254860013
1.79179791666665,4.92421900681802
1.79213124999999,4.92395859013777
1.79246458333332,4.92578150689951
1.79279791666665,4.9235679651174
1.79313124999999,4.91354192292783
1.79346458333332,4.91250025620684
1.79379791666665,4.91406275628833
1.79413124999999,4.9149742146692
1.79446458333332,4.91054713110498
1.79479791666665,4.9069012975815
1.79513124999999,4.91002629774448
1.79546458333332,4.91197942284634
1.79579791666665,4.90872421434324
1.79613124999999,4.90221379733703
1.79646458333332,4.8988283804938
1.79679791666665,4.89752629709255
1.79713124999999,4.89713567207218
1.79746458333332,4.89244817182771
1.79779791666665,4.88411483805976
1.79813124999999,4.87838567109429
1.79846458333332,4.87747421271342
1.79879791666665,4.88033879619616
1.79913124999999,4.87382837918995
1.79946458333332,4.8725262957887
1.79979791666665,4.86953150396585
1.80013124999999,4.87617212931218
1.80046458333332,4.87122421238746
1.80079791666665,4.86901067060535
1.80113124999999,4.86718775384361
1.80146458333332,4.86901067060535
1.80179791666665,4.87018254566647
1.80213124999999,4.86718775384361
1.80246458333332,4.86406275368063
1.80279791666665,4.864453378701
1.80313124999999,4.8639325453405
1.80346458333332,4.86562525376212
1.80379791666665,4.86223983691889
1.80413124999999,4.86640650380286
1.80446458333332,4.86341171198001
1.80479791666665,4.86341171198001
1.80513124999999,4.85234400306945
1.80546458333332,4.84765650282498
1.80579791666665,4.84856796120585
1.80613124999999,4.8515627530287
1.80646458333332,4.85052108630771
1.80679791666665,4.84804712784535
1.80713124999999,4.84934921124659
1.80746458333332,4.84973983626696
1.80779791666665,4.84843775286572
1.80813124999999,4.8520835863892
1.80846458333332,4.8558596282528
1.80879791666665,4.85546900323243
1.80913124999999,4.84869816954597
1.80946458333332,4.84440129432187
1.80979791666665,4.8397137940774
1.81013124999999,4.83346379375143
1.81046458333332,4.83151066864957
1.81079791666665,4.82539087666373
1.81113124999999,4.82343775156187
1.81146458333332,4.81588566783466
1.81179791666665,4.81914087633777
1.81213124999999,4.82447941828286
1.81246458333332,4.82877629350696
1.81279791666665,4.82395858492237
1.81313124999999,4.82460962662299
1.81346458333332,4.82382837658224
1.81379791666665,4.82213566816063
1.81413124999999,4.81354191771243
1.81446458333332,4.80846379244758
1.81479791666665,4.81197941763094
1.81513124999999,4.81237004265131
1.81546458333332,4.81536483447417
1.81579791666665,4.81458358443342
1.81613124999999,4.81054712588957
1.81646458333332,4.80924504248833
1.81679791666665,4.80768254240684
1.81713124999999,4.80781275074696
1.81746458333332,4.80494816726423
1.81779791666665,4.80247420880187
1.81813124999999,4.8010419170605
1.81846458333332,4.80546900062473
1.81879791666665,4.8063804590056
1.81913124999999,4.80260441714199
1.81946458333332,4.79973983365926
1.81979791666665,4.7972658751969
1.82013124999999,4.79960962531914
1.82046458333332,4.79440129171417
1.82079791666665,4.79414087503392
1.82113124999999,4.79752629187715
1.82146458333332,4.801562750421
1.82179791666665,4.79830754191789
1.82213124999999,4.79075545819069
1.82246458333332,4.78359399948386
1.82279791666665,4.78463566620485
1.82313124999998,4.78658879130671
1.82346458333332,4.79257837495243
1.82379791666665,4.79257837495243
1.82413124999998,4.78632837462646
1.82446458333332,4.77695337413752
1.82479791666665,4.77656274911715
1.82513124999998,4.78268254110299
1.82546458333332,4.78528670790547
1.82579791666665,4.78320337446348
1.82613124999998,4.78320337446348
1.82646458333332,4.78619816628634
1.82679791666665,4.78710962466721
1.82713124999998,4.78333358280361
1.82746458333332,4.77617212409677
1.82779791666665,4.7768231657974
1.82813124999998,4.7811200410215
1.82846458333332,4.78710962466721
1.82879791666665,4.78229191608261
1.82913124999998,4.78033879098075
1.82946458333332,4.78125024936162
1.82979791666665,4.78502629122522
1.83013124999998,4.78450545786473
1.83046458333332,4.7763023324369
1.83079791666665,4.77135441551218
1.83113124999998,4.77239608223317
1.83146458333332,4.77513045737578
1.83179791666665,4.77604191575665
1.83213124999998,4.77395858231466
1.83246458333332,4.77669295745727
1.83279791666665,4.77656274911715
1.83313124999998,4.77408879065479
1.83346458333332,4.76445337348559
1.83379791666665,4.76263045672386
1.83413124999998,4.76380233178497
1.83446458333332,4.77005233211094
1.83479791666665,4.7720054572128
1.83513124999998,4.76757837364858
1.83546458333332,4.76080753996212
1.83579791666665,4.75768253979913
1.83613124999998,4.76445337348559
1.83646458333332,4.76666691526771
1.83679791666665,4.76419295680535
1.83713124999998,4.7639325401251
1.83746458333332,4.76875024870969
1.83779791666665,4.77174504053255
1.83813124999998,4.77005233211094
1.83846458333332,4.76862004036957
1.83879791666665,4.76575545688684
1.83913124999998,4.76549504020659
1.83946458333332,4.77291691559367
1.83979791666665,4.78033879098075
1.84013124999998,4.78763045802771
1.84046458333332,4.78750024968758
1.84079791666665,4.78789087470796
1.84113124999998,4.78346379114373
1.84146458333332,4.78072941600112
1.84179791666665,4.78307316612336
1.84213124999998,4.78411483284435
1.84246458333332,4.78763045802771
1.84279791666665,4.7891929581092
1.84313124999998,4.78932316644932
1.84346458333332,4.79752629187715
1.84379791666665,4.80260441714199
1.84413124999998,4.80898462580808
1.84446458333332,4.79856795859814
1.84479791666665,4.79101587487094
1.84513124999998,4.78997420814994
1.84546458333332,4.79570337511541
1.84579791666665,4.80325545884261
1.84613124999998,4.80742212572659
1.84646458333332,4.80716170904634
1.84679791666665,4.79817733357777
1.84713124999998,4.79401066669379
1.84746458333332,4.79127629155119
1.84779791666665,4.79335962499317
1.84813124999998,4.79362004167342
1.84846458333332,4.79036483317032
1.84879791666665,4.7891929581092
1.84913124999998,4.7848960828851
1.84946458333332,4.79010441649007
1.84979791666665,4.79088566653081
1.85013124999998,4.78541691624559
1.85046458333332,4.77981795762025
1.85079791666665,4.78046899932087
1.85113124999998,4.78684920798696
1.85146458333332,4.78828149972833
1.85179791666665,4.78190129106224
1.85213124999998,4.77460962401528
1.85246458333331,4.76979191543069
1.85279791666665,4.76601587356709
1.85313124999998,4.76367212344485
1.85346458333333,4.76380233178497
1.85379791666667,4.76458358182572
1.85413125,4.76640649858746
1.85446458333333,4.76614608190721
1.85479791666667,4.7677085819887
1.85513125,4.76367212344485
1.85546458333333,4.75598983137752
1.85579791666667,4.75807316481951
1.85613125,4.76158879000286
1.85646458333333,4.76093774830224
1.85679791666667,4.75468774797628
1.85713125,4.75130233113305
1.85746458333333,4.75260441453429
1.85779791666667,4.74817733097007
1.85813125,4.74335962238547
1.85846458333333,4.74505233080708
1.85879791666667,4.74947941437131
1.85913125,4.75143253947317
1.85946458333333,4.74453149744659
1.85979791666667,4.74427108076634
1.86013125,4.74635441420833
1.86046458333333,4.74804712262994
1.86079791666667,4.74765649760957
1.86113125,4.74570337250771
1.86146458333333,4.74778670594969
1.86179791666667,4.74518253914721
1.86213125,4.74127628894348
1.86246458333333,4.73619816367864
1.86279791666667,4.72864607995143
1.86313125,4.72760441323044
1.86346458333333,4.72656274650944
1.86379791666667,4.7300783716928
1.86413125,4.72942732999218
1.86446458333333,4.72747420489031
1.86479791666667,4.72786482991069
1.86513125,4.73268253849528
1.86546458333333,4.73554712197802
1.86579791666667,4.73268253849528
1.86613125,4.72421899638721
1.86646458333333,4.72161482958472
1.86679791666667,4.72122420456435
1.86713125,4.72825545493106
1.86746458333333,4.73177108011441
1.86779791666667,4.73072941339342
1.86813125,4.72682316318969
1.86846458333333,4.72291691298597
1.86879791666667,4.71848982942174
1.86913125,4.71380232917727
1.86946458333333,4.71171899573528
1.86979791666667,4.71914087112236
1.87013125,4.71992212116311
1.87046458333333,4.72135441290448
1.87079791666667,4.71536482925876
1.87113125,4.72018253784336
1.87146458333333,4.72786482991069
1.87179791666667,4.73255233015516
1.87213125,4.72604191314895
1.87246458333333,4.72135441290448
1.87279791666666,4.72656274650944
1.87313125,4.73242212181503
1.87346458333333,4.72617212148907
1.87379791666666,4.71875024610199
1.87413125,4.71419295419764
1.87446458333333,4.71822941274149
1.87479791666666,4.71940128780261
1.87513125,4.71835962108162
1.87546458333333,4.71653670431988
1.87579791666666,4.71640649597975
1.87613125,4.71419295419764
1.87646458333333,4.71171899573528
1.87679791666666,4.70950545395317
1.87713125,4.71354191249702
1.87746458333333,4.71171899573528
1.87779791666666,4.71197941241553
1.87813125,4.70820337055193
1.87846458333333,4.71015649565379
1.87879791666666,4.7128908707964
1.87913125,4.71419295419764
1.87946458333333,4.71210962075566
1.87979791666666,4.70950545395317
1.88013125,4.70755232885131
1.88046458333333,4.70442732868833
1.88079791666666,4.70195337022597
1.88113125,4.7000002451241
1.88146458333333,4.69830753670249
1.88179791666666,4.6914064946759
1.88213125,4.69101586965553
1.88246458333333,4.69596378658025
1.88279791666666,4.70182316188584
1.88313125,4.70690128715069
1.88346458333333,4.70507837038895
1.88379791666666,4.70208357856609
1.88413125,4.70234399524634
1.88446458333333,4.70182316188584
1.88479791666666,4.69843774504261
1.88513125,4.69075545297528
1.88546458333333,4.68567732771044
1.88579791666666,4.68684920277156
1.88613125,4.68789086949255
1.88646458333333,4.68906274455367
1.88679791666666,4.68619816107093
1.88713125,4.68125024414621
1.88746458333333,4.68515649434994
1.88779791666666,4.68997420293454
1.88813125,4.6957033699
1.88846458333333,4.69257836973702
1.88879791666666,4.69296899475739
1.88913125,4.69114607799565
1.88946458333333,4.69205753637652
1.88979791666666,4.68658878609131
1.89013125,4.67968774406472
1.89046458333333,4.67734399394249
1.89079791666666,4.67786482730298
1.89113125,4.6838544109487
1.89146458333333,4.68593774439069
1.89179791666666,4.68841170285305
1.89213125,4.68645857775118
1.89246458333333,4.68177107750671
1.89279791666666,4.67747420228261
1.89313125,4.67604191054124
1.89346458333333,4.67604191054124
1.89379791666666,4.67994816074497
1.89413125,4.67760441062273
1.89446458333333,4.68112003580609
1.89479791666666,4.67604191054124
1.89513125,4.67786482730298
1.89546458333333,4.6795575357246
1.89579791666666,4.68216170252708
1.89613125,4.68033878576534
1.89646458333333,4.67799503564311
1.89679791666666,4.67721378560236
1.89713125,4.67747420228261
1.89746458333333,4.67447941045975
1.89779791666666,4.67421899377951
1.89813125,4.67760441062273
1.89846458333333,4.68424503596907
1.89879791666666,4.68984399459441
1.89913125,4.68854191119317
1.89946458333333,4.68046899410547
1.89979791666666,4.67760441062273
1.90013125,4.68138045248634
1.90046458333333,4.68684920277156
1.90079791666666,4.69179711969628
1.90113125,4.69401066147839
1.90146458333333,4.69492211985926
1.90179791666666,4.69557316155988
1.90213125,4.7042971203482
1.90246458333333,4.72565128812857
1.90279791666666,4.75091170611267
1.90313124999999,4.76901066538994
1.90346458333333,4.780599207661
1.90379791666666,4.79895858361851
1.90413124999999,4.8316408769897
1.90446458333333,4.87721379603318
1.90479791666666,4.92643254860013
1.90513124999999,4.97617213452759
1.90546458333333,5.03906276280759
1.90579791666666,5.11979193368461
1.90613124999999,5.22578152254573
1.90646458333333,5.33593777829083
1.90679791666666,5.45013049257978
1.90713124999999,5.58372424954723
1.90746458333333,5.74062529939693
1.90779791666666,5.91705760026525
1.90813124999999,6.10091177652066
1.90846458333333,6.30338574541383
1.90879791666666,6.53229200735223
1.90913124999999,6.77773472848639
1.90946458333333,7.03112015836814
1.90979791666666,7.29322954703821
1.91013124999999,7.57161497822381
1.91046458333333,7.85468790965388
1.91079791666666,8.13385459088022
1.91113124999999,8.40377647995774
1.91146458333333,8.6808598277421
1.91179791666666,8.94687546661589
1.91213124999999,9.21263068880944
1.91246458333333,9.44882861779479
1.91279791666666,9.66966196264548
1.91313124999999,9.87018280643679
1.91346458333333,10.0513026075496
1.91379791666666,10.2006515736721
1.91413124999999,10.3110682460974
1.91446458333333,10.3800786663633
1.91479791666666,10.4274745021685
1.91513124999999,10.4341151275148
1.91546458333333,10.4154953348771
1.91579791666666,10.3449224145297
1.91613124999999,10.2515630346607
1.91646458333333,10.1281255282229
1.91679791666666,9.99218802113319
1.91713124999999,9.82005259548896
1.91746458333333,9.6197921683779
1.91779791666666,9.40039111526858
1.91813124999999,9.1731775617518
1.91846458333333,8.94049525794981
1.91879791666666,8.69023482823104
1.91913124999999,8.43671919000917
1.91946458333333,8.18580771858979
1.91979791666666,7.94205770587723
1.92013124999999,7.68997435939673
1.92046458333333,7.44765663842554
1.92079791666666,7.223828501752
1.92113124999999,7.01796911601559
1.92146458333333,6.81367223036068
1.92179791666666,6.6122399281885
1.92213124999999,6.42994825201458
1.92246458333333,6.27226595212414
1.92279791666666,6.12460969442327
1.92313124999999,5.9812503119465
1.92346458333333,5.83971384623146
1.92379791666666,5.72421904854127
1.92413124999999,5.62565133506723
1.92446458333333,5.53059924677655
1.92479791666666,5.43463570010499
1.92513124999999,5.34765652890201
1.92546458333333,5.27851590029604
1.92579791666666,5.21601589703641
1.92613124999999,5.16302110260585
1.92646458333333,5.11940130866424
1.92679791666666,5.07786484816461
1.92713124999999,5.04062526288908
1.92746458333333,5.00872421955865
1.92779791666666,4.97929713469057
1.92813124999999,4.95130234156386
1.92846458333333,4.92044296495442
1.92879791666666,4.89921900551417
1.92913124999999,4.88320337967889
1.92946458333333,4.87044296234672
1.92979791666666,4.85937525343616
1.93013124999999,4.84713566946448
1.93046458333333,4.83502629383293
1.93079791666666,4.82382837658224
1.93113124999999,4.81380233439268
1.93146458333333,4.81054712588957
1.93179791666666,4.80338566718274
1.93213124999999,4.78932316644932
1.93246458333332,4.78268254110299
1.93279791666666,4.78164087438199
1.93313124999999,4.78802108304808
1.93346458333332,4.7843752495246
1.93379791666666,4.77825545753876
1.93413124999999,4.77187524887268
1.93446458333332,4.7671877486282
1.93479791666666,4.76132837332261
1.93513124999999,4.7548179563164
1.93546458333332,4.75299503955466
1.93579791666666,4.75794295647938
1.93613124999999,4.76210962336336
1.93646458333332,4.75859399818
1.93679791666666,4.75716170643864
1.93713124999999,4.75403670627566
1.93746458333332,4.75273462287441
1.93779791666666,4.74856795599044
1.93813124999999,4.74466170578671
1.93846458333332,4.74257837234472
1.93879791666666,4.73645858035889
1.93913124999999,4.72773462157056
1.93946458333332,4.72239607962547
1.93979791666666,4.72734399655019
1.94013124999999,4.73697941371938
1.94046458333332,4.73619816367864
1.94079791666666,4.72981795501255
1.94113124999999,4.72304712132609
1.94146458333332,4.71979191282298
1.94179791666666,4.71940128780261
1.94213124999999,4.71835962108162
1.94246458333332,4.71796899606125
1.94279791666666,4.71028670399392
1.94313124999999,4.71158878739516
1.94346458333332,4.71601587095938
1.94379791666666,4.71966170448286
1.94413124999999,4.72018253784336
1.94446458333332,4.71744816270075
1.94479791666666,4.71523462091864
1.94513124999999,4.71080753735441
1.94546458333332,4.71145857905503
1.94579791666666,4.71067732901429
1.94613124999999,4.70039087014447
1.94646458333332,4.69127628633578
1.94679791666666,4.68932316123392
1.94713124999999,4.69557316155988
1.94746458333332,4.69804712002224
1.94779791666666,4.6919273280364
1.94813124999999,4.69362003645801
1.94846458333332,4.69322941143764
1.94879791666666,4.69661482828087
1.94913124999999,4.69101586965553
1.94946458333332,4.68750024447218
1.94979791666666,4.68268253588758
1.95013124999999,4.68424503596907
1.95046458333332,4.68242211920733
1.95079791666666,4.68059920244559
1.95113124999999,4.67447941045975
1.95146458333332,4.67656274390174
1.95179791666666,4.68033878576534
1.95213124999999,4.68554711937031
1.95246458333332,4.68463566098944
1.95279791666666,4.68489607766969
1.95313124999999,4.67994816074497
1.95346458333332,4.67877628568385
1.95379791666666,4.67395857709926
1.95413124999999,4.67343774373876
1.95446458333332,4.66953149353503
1.95479791666666,4.67161482697702
1.95513124999999,4.6714846186369
1.95546458333332,4.67356795207888
1.95579791666666,4.6704429519159
1.95613124999999,4.66497420163068
1.95646458333332,4.66432315993006
1.95679791666666,4.66953149353503
1.95713124999999,4.67773461896286
1.95746458333332,4.67656274390174
1.95779791666666,4.66588566001155
1.95813124999999,4.66093774308683
1.95846458333332,4.65677107620286
1.95879791666666,4.65976586802572
1.95913124999999,4.66080753474671
1.95946458333332,4.66497420163068
1.95979791666666,4.66796899345354
1.96013124999999,4.66835961847391
1.96046458333332,4.6628908681887
1.96079791666666,4.66171899312758
1.96113124999999,4.66796899345354
1.96146458333332,4.67278670203814
1.96179791666666,4.6671877434128
1.96213124999999,4.65598982616211
1.96246458333332,4.65156274259789
1.96279791666666,4.65104190923739
1.96313124999999,4.64882836745528
1.96346458333332,4.64882836745528
1.96379791666666,4.65364607603988
1.96413124999999,4.66158878478745
1.96446458333332,4.66432315993006
1.96479791666665,4.66197940980783
1.96513124999999,4.65846378462447
1.96546458333332,4.65898461798497
1.96579791666665,4.6623700348282
1.96613124999999,4.66263045150845
1.96646458333332,4.66380232656957
1.96679791666665,4.66250024316832
1.96713124999999,4.66276065984857
1.96746458333332,4.66809920179367
1.96779791666665,4.67135441029677
1.96813124999999,4.67057316025603
1.96846458333332,4.6628908681887
1.96879791666665,4.66119815976708
1.96913124999999,4.66002628470596
1.96946458333332,4.66223982648808
1.96979791666665,4.6661460766918
1.97013124999999,4.66783878511342
1.97046458333332,4.6709637852764
1.97079791666665,4.66692732673255
1.97113124999999,4.66458357661031
1.97146458333332,4.6661460766918
1.97179791666665,4.67200545199739
1.97213124999999,4.67434920211963
1.97246458333332,4.66588566001155
1.97279791666665,4.66132836810721
1.97313124999999,4.66002628470596
1.97346458333332,4.66458357661031
1.97379791666665,4.66757836843317
1.97413124999999,4.66862003515416
1.97446458333332,4.67174503531714
1.97479791666665,4.66940128519491
1.97513124999999,4.67070336859615
1.97546458333332,4.66549503499118
1.97579791666665,4.66158878478745
1.97613124999999,4.66093774308683
1.97646458333332,4.66263045150845
1.97679791666665,4.66523461831093
1.97713124999999,4.66796899345354
1.97746458333332,4.66393253490969
1.97779791666665,4.66210961814795
1.97813124999999,4.66015649304609
1.97846458333332,4.66419295158994
1.97879791666665,4.66640649337205
1.97913124999999,4.66627628503193
1.97946458333332,4.66757836843317
1.97979791666665,4.67356795207888
1.98013124999999,4.67916691070423
1.98046458333332,4.67539086884062
1.98079791666665,4.66770857677329
1.98113124999999,4.6661460766918
1.98146458333332,4.66744816009305
1.98179791666665,4.66953149353503
1.98213124999999,4.66653670171218
1.98246458333332,4.66523461831093
1.98279791666665,4.66158878478745
1.98313124999999,4.66497420163068
1.98346458333332,4.66562524333131
1.98379791666665,4.66862003515416
1.98413124999999,4.66302107652882
1.98446458333332,4.65989607636584
1.98479791666665,4.65950545134547
1.98513124999999,4.66145857644733
1.98546458333332,4.66575545167143
1.98579791666665,4.66315128486895
1.98613124999999,4.66783878511342
1.98646458333332,4.67330753539864
1.98679791666665,4.67552107718075
1.98713124999999,4.66796899345354
1.98746458333332,4.65937524300534
1.98779791666665,4.65729190956336
1.98813124999999,4.66054711806646
1.98846458333332,4.66119815976708
1.98879791666665,4.6628908681887
1.98913124999999,4.6618492014677
1.98946458333332,4.66471378495044
1.98979791666665,4.66367211822944
1.99013124999999,4.6666669100523
1.99046458333332,4.66705753507267
1.99079791666665,4.66575545167143
1.99113124999999,4.66523461831093
1.99146458333332,4.66627628503193
1.99179791666665,4.66601586835168
1.99213124999999,4.66067732640659
1.99246458333332,4.65872420130472
1.99279791666665,4.65898461798497
1.99313124999999,4.66263045150845
1.99346458333332,4.66731795175292
1.99379791666665,4.66953149353503
1.99413124999998,4.66927107685478
1.99446458333332,4.66640649337205
1.99479791666665,4.66523461831093
1.99513124999998,4.66744816009305
1.99546458333332,4.67356795207888
1.99579791666665,4.68164086916659
1.99613124999998,4.68294295256783
1.99646458333332,4.68242211920733
1.99679791666665,4.68216170252708
1.99713124999998,4.68125024414621
1.99746458333332,4.67994816074497
1.99779791666665,4.67773461896286
1.99813124999998,4.68059920244559
1.99846458333332,4.67968774406472
1.99879791666665,4.67721378560236
1.99913124999998,4.67343774373876
1.99946458333332,4.675781493861
1.99979791666665,4.67890649402398
2.00013124999998,4.67460961879988
2.00046458333332,4.66862003515416
2.00079791666665,4.66106795142696
2.00113124999998,4.66015649304609
2.00146458333332,4.65846378462447
2.00179791666665,4.66445336827019
2.00213124999998,4.66796899345354
2.00246458333332,4.66901066017454
2.00279791666665,4.66966170187516
2.00313124999998,4.67135441029677
2.00346458333332,4.67278670203814
2.00379791666665,4.67304711871839
2.00413124999998,4.6704429519159
2.00446458333332,4.66927107685478
2.00479791666665,4.66744816009305
2.00513124999998,4.66744816009305
2.00546458333332,4.66484399329056
2.00579791666665,4.66445336827019
2.00613124999998,4.6618492014677
2.00646458333332,4.66328149320907
2.00679791666665,4.65651065952261
2.00713124999998,4.6575523262436
2.00746458333332,4.65182315927814
2.00779791666665,4.65520857612137
2.00813124999998,4.65989607636584
2.00846458333332,4.66822941013379
2.00879791666665,4.6714846186369
2.00913124999998,4.66640649337205
2.00946458333332,4.65846378462447
2.00979791666665,4.65247420097876
2.01013124999998,4.65013045085652
2.01046458333332,4.6542971177405
2.01079791666665,4.65403670106025
2.01113124999998,4.65625024284236
2.01146458333332,4.66028670138621
2.01179791666665,4.66054711806646
2.01213124999998,4.65638045118249
2.01246458333332,4.65690128454298
2.01279791666665,4.66276065984857
2.01313124999998,4.66705753507267
2.01346458333332,4.66002628470596
2.01379791666665,4.66080753474671
2.01413124999998,4.66484399329056
2.01446458333332,4.66601586835168
2.01479791666665,4.66132836810721
2.01513124999998,4.66041690972634
2.01546458333332,4.65898461798497
2.01579791666665,4.65377628438
2.01613124999998,4.65169295093801
2.01646458333332,4.65247420097876
2.01679791666665,4.66015649304609
2.01713124999998,4.66393253490969
2.01746458333332,4.6661460766918
2.01779791666665,4.66054711806646
2.01813124999998,4.65976586802572
2.01846458333332,4.66562524333131
2.01879791666665,4.67643253556162
2.01913124999998,4.67200545199739
2.01946458333332,4.66223982648808
2.01979791666665,4.65273461765901
2.02013124999998,4.65390649272013
2.02046458333332,4.65716170122323
2.02079791666665,4.65625024284236
2.02113124999998,4.65690128454298
2.02146458333332,4.65442732608062
2.02179791666665,4.65390649272013
2.02213124999998,4.64804711741454
2.02246458333332,4.64166690874845
2.02279791666665,4.64466170057131
2.02313124999998,4.64817732575466
2.02346458333332,4.65598982616211
2.02379791666665,4.65651065952261
2.02413125,4.65585961782199
2.02446458333333,4.65729190956336
2.02479791666667,4.65638045118249
2.02513125,4.65572940948186
2.02546458333333,4.65742211790348
2.02579791666667,4.66145857644733
2.02613125,4.66028670138621
2.02646458333333,4.6542971177405
2.02679791666667,4.64648461733304
2.02713125,4.64960961749603
2.02746458333333,4.65716170122323
2.02779791666667,4.6628908681887
2.02813125,4.66067732640659
2.02846458333333,4.65950545134547
2.02879791666667,4.65742211790348
2.02913125,4.65690128454298
2.02946458333333,4.65247420097876
2.02979791666667,4.6542971177405
2.03013125,4.65403670106025
2.03046458333333,4.64804711741454
2.03079791666667,4.6457033672923
2.03113125,4.64713565903367
2.03146458333333,4.65169295093801
2.03179791666667,4.65559920114174
2.03213125,4.65585961782199
2.03246458333333,4.65625024284236
2.03279791666667,4.65585961782199
2.03313125,4.65130232591764
2.03346458333333,4.64505232559168
2.03379791666667,4.64205753376882
2.03413125,4.64674503401329
2.03446458333333,4.65182315927814
2.03479791666667,4.64596378397255
2.03513125,4.64062524202745
2.03546458333333,4.64296899214969
2.03579791666667,4.65221378429851
2.03613125,4.65494815944112
2.03646458333333,4.64830753409478
2.03679791666667,4.64010440866696
2.03713125,4.64166690874845
2.03746458333333,4.64557315895218
2.03779791666666,4.64661482567317
2.03813125,4.64635440899292
2.03846458333333,4.64583357563242
2.03879791666666,4.64609399231267
2.03913125,4.6451825339318
2.03946458333333,4.64270857546944
2.03979791666666,4.64375024219044
2.04013125,4.64401065887068
2.04046458333333,4.64778670073429
2.04079791666666,4.64505232559168
2.04113125,4.63906274194596
2.04146458333333,4.63294294996013
2.04179791666666,4.63125024153851
2.04213125,4.62981794979714
2.04246458333333,4.63671899182373
2.04279791666666,4.64179711708857
2.04313125,4.64583357563242
2.04346458333333,4.64244815878919
2.04379791666666,4.63684920016385
2.04413125,4.63385440834099
2.04446458333333,4.63320336664037
2.04479791666666,4.63255232493975
2.04513125,4.63567732510273
2.04546458333333,4.63932315862621
2.04579791666666,4.63932315862621
2.04613125,4.63567732510273
2.04646458333333,4.63619815846323
2.04679791666666,4.64348982551019
2.04713125,4.65104190923739
2.04746458333333,4.65143253425777
2.04779791666666,4.64843774243491
2.04813125,4.64700545069354
2.04846458333333,4.64270857546944
2.04879791666666,4.64270857546944
2.04913125,4.63502628340211
2.04946458333333,4.6322919082595
2.04979791666666,4.63138044987863
2.05013125,4.62890649141627
2.05046458333333,4.62539086623292
2.05079791666666,4.62812524137553
2.05113125,4.63528670008236
2.05146458333333,4.63919295028609
2.05179791666666,4.63255232493975
2.05213125,4.62981794979714
2.05246458333333,4.63268253327988
2.05279791666666,4.64244815878919
2.05313125,4.64257836712932
2.05346458333333,4.64036482534721
2.05379791666666,4.63294294996013
2.05413125,4.63255232493975
2.05446458333333,4.63645857514348
2.05479791666666,4.6376304502046
2.05513125,4.64010440866696
2.05546458333333,4.64101586704783
2.05579791666666,4.64557315895218
2.05613125,4.64856795077503
2.05646458333333,4.63945336696634
2.05679791666666,4.63463565838174
2.05713125,4.63268253327988
2.05746458333333,4.63515649174224
2.05779791666666,4.63372420000087
2.05813125,4.63437524170149
2.05846458333333,4.63893253360584
2.05879791666666,4.64075545036758
2.05913125,4.63906274194596
2.05946458333333,4.63463565838174
2.05979791666666,4.63750024186447
2.06013125,4.64114607538795
2.06046458333333,4.64596378397255
2.06079791666666,4.63880232526572
2.06113125,4.63398461668112
2.06146458333333,4.63151065821876
2.06179791666666,4.63203149157926
2.06213125,4.62760440801503
2.06246458333333,4.63072940817801
2.06279791666666,4.6376304502046
2.06313125,4.64674503401329
2.06346458333333,4.64362003385031
2.06379791666666,4.63997420032683
2.06413125,4.63359399166075
2.06446458333333,4.63619815846323
2.06479791666666,4.63971378364658
2.06513125,4.64244815878919
2.06546458333333,4.64101586704783
2.06579791666666,4.63723982518422
2.06613125,4.62825544971565
2.06646458333333,4.6236981578113
2.06679791666666,4.62617211627367
2.06713125,4.63789086688485
2.06746458333333,4.6457033672923
2.06779791666666,4.64296899214969
2.06813124999999,4.63945336696634
2.06846458333333,4.63671899182373
2.06879791666666,4.6365887834836
2.06913124999999,4.62929711643665
2.06946458333333,4.62226586606994
2.06979791666666,4.62291690777056
2.07013124999999,4.6242189911718
2.07046458333333,4.6247398245323
2.07079791666666,4.62734399133478
2.07113124999999,4.6285158663959
2.07146458333333,4.6290366997564
2.07179791666666,4.62708357465453
2.07213124999999,4.62747419967491
2.07246458333333,4.62617211627367
2.07279791666666,4.62460961619217
2.07313124999999,4.62083357432857
2.07346458333333,4.62109399100882
2.07379791666666,4.62161482436932
2.07413124999999,4.62708357465453
2.07446458333333,4.62786482469528
2.07479791666666,4.63007836647739
2.07513124999999,4.62786482469528
2.07546458333333,4.62695336631441
2.07579791666666,4.62408878283168
2.07613124999999,4.62382836615143
2.07646458333333,4.6252606578928
2.07679791666666,4.62617211627367
2.07713124999999,4.62669294963416
2.07746458333333,4.6247398245323
2.07779791666666,4.62252628275019
2.07813124999999,4.62695336631441
2.07846458333333,4.63112003319839
2.07879791666666,4.62460961619217
2.07913124999999,4.61862003254646
2.07946458333333,4.61627628242422
2.07979791666666,4.6209637826687
2.08013124999999,4.62747419967491
2.08046458333333,4.62981794979714
2.08079791666666,4.63203149157926
2.08113124999999,4.63450545004162
2.08146458333333,4.64023461700708
2.08179791666666,4.64414086721081
2.08213124999999,4.64179711708857
2.08246458333333,4.63593774178298
2.08279791666666,4.6295575331169
2.08313124999999,4.63268253327988
2.08346458333333,4.63854190858547
2.08379791666666,4.64492211725155
2.08413124999999,4.63867211692559
2.08446458333333,4.63098982485826
2.08479791666666,4.63125024153851
2.08513124999999,4.6414064920682
2.08546458333333,4.65117211757752
2.08579791666666,4.65221378429851
2.08613124999999,4.65169295093801
2.08646458333333,4.65520857612137
2.08679791666666,4.65703149288311
2.08713124999999,4.65716170122323
2.08746458333333,4.6628908681887
2.08779791666666,4.67187524365727
2.08813124999999,4.68020857742522
2.08846458333333,4.67825545232336
2.08879791666666,4.67408878543938
2.08913124999999,4.66640649337205
2.08946458333333,4.66562524333131
2.08979791666666,4.67057316025603
2.09013124999999,4.67513045216037
2.09046458333333,4.6752606605005
2.09079791666666,4.68125024414621
2.09113124999999,4.68424503596907
2.09146458333333,4.68684920277156
2.09179791666666,4.68463566098944
2.09213124999999,4.69023461961478
2.09246458333333,4.69362003645801
2.09279791666666,4.69479191151913
2.09313124999999,4.69427107815864
2.09346458333333,4.70130232852534
2.09379791666666,4.70703149549081
2.09413124999999,4.70755232885131
2.09446458333333,4.69973982844385
2.09479791666666,4.69544295321975
2.09513124999999,4.69700545330124
2.09546458333333,4.70156274520559
2.09579791666666,4.70299503694696
2.09613124999999,4.70572941208957
2.09646458333333,4.70403670366795
2.09679791666666,4.70195337022597
2.09713124999999,4.70091170350497
2.09746458333333,4.70117212018522
2.09779791666666,4.69908878674323
2.09813124999999,4.69075545297528
2.09846458333332,4.69270857807715
2.09879791666666,4.69648461994075
2.09913124999999,4.70247420358646
2.09946458333332,4.70260441192659
2.09979791666666,4.69505232819938
2.10013124999999,4.69127628633578
2.10046458333332,4.6871096194518
2.10079791666666,4.68632836941106
2.10113124999999,4.6881512861728
2.10146458333332,4.68854191119317
2.10179791666666,4.6914064946759
2.10213124999999,4.6924481613969
2.10246458333332,4.69843774504261
2.10279791666666,4.7042971203482
2.10313124999999,4.69882837006298
2.10346458333332,4.69427107815864
2.10379791666666,4.696745036621
2.10413124999999,4.70065128682472
2.10446458333332,4.69895857840311
2.10479791666666,4.69062524463516
2.10513124999999,4.6919273280364
2.10546458333332,4.69726586998149
2.10579791666666,4.7037762869877
2.10613124999999,4.69934920342348
2.10646458333332,4.69257836973702
2.10679791666666,4.68645857775118
2.10713124999999,4.69218774471665
2.10746458333332,4.69375024479814
2.10779791666666,4.69466170317901
2.10813124999999,4.69348982811789
2.10846458333332,4.696745036621
2.10879791666666,4.69466170317901
2.10913124999999,4.69179711969628
2.10946458333332,4.68984399459441
2.10979791666666,4.69921899508336
2.11013124999999,4.70338566196733
2.11046458333332,4.70208357856609
2.11079791666666,4.69830753670249
2.11113124999999,4.69466170317901
2.11146458333332,4.69322941143764
2.11179791666666,4.68971378625429
2.11213124999999,4.69362003645801
2.11246458333332,4.69817732836236
2.11279791666666,4.70117212018522
2.11313124999999,4.69661482828087
2.11346458333332,4.68776066115242
2.11379791666666,4.6871096194518
2.11413124999999,4.68945336957404
2.11446458333332,4.69505232819938
2.11479791666666,4.69231795305677
2.11513124999999,4.68632836941106
2.11546458333332,4.68372420260857
2.11579791666666,4.68424503596907
2.11613124999999,4.69049503629503
2.11646458333332,4.68737003613205
2.11679791666666,4.68489607766969
2.11713124999999,4.6833335775882
2.11746458333332,4.68255232754746
2.11779791666666,4.67643253556162
2.11813124999999,4.67018253523565
2.11846458333332,4.67356795207888
2.11879791666666,4.68242211920733
2.11913124999999,4.68854191119317
2.11946458333332,4.68567732771044
2.11979791666666,4.68164086916659
2.12013124999999,4.68046899410547
2.12046458333332,4.67929711904435
2.12079791666666,4.68046899410547
2.12113124999999,4.68046899410547
2.12146458333332,4.68177107750671
2.12179791666666,4.67929711904435
2.12213124999999,4.67747420228261
2.12246458333332,4.6785158690036
2.12279791666666,4.67981795240485
2.12313124999999,4.67656274390174
2.12346458333332,4.67187524365727
2.12379791666666,4.6666669100523
2.12413124999999,4.6661460766918
2.12446458333332,4.67200545199739
2.12479791666666,4.67721378560236
2.12513124999999,4.68216170252708
2.12546458333332,4.68216170252708
2.12579791666666,4.68320336924808
2.12613124999999,4.67473982714
2.12646458333332,4.66679711839242
2.12679791666666,4.66171899312758
2.12713124999999,4.66588566001155
2.12746458333332,4.66888045183441
2.12779791666666,4.66627628503193
2.12813124999999,4.65924503466522
2.12846458333332,4.65286482599913
2.12879791666665,4.65078149255714
2.12913124999999,4.65104190923739
2.12946458333332,4.65729190956336
2.12979791666665,4.65559920114174
2.13013124999999,4.65221378429851
2.13046458333332,4.64908878413553
2.13079791666665,4.6494794091559
2.13113124999999,4.65078149255714
2.13146458333332,4.65377628438
2.13179791666665,4.65729190956336
2.13213124999999,4.66067732640659
2.13246458333332,4.65989607636584
2.13279791666665,4.66093774308683
2.13313124999999,4.65742211790348
2.13346458333332,4.654817951101
2.13379791666665,4.6580731596041
2.13413124999999,4.66796899345354
2.13446458333332,4.67382836875913
2.13479791666665,4.67304711871839
2.13513124999999,4.66875024349429
2.13546458333332,4.66888045183441
2.13579791666665,4.67226586867764
2.13613124999999,4.67317732705851
2.13646458333332,4.66484399329056
2.13679791666665,4.66015649304609
2.13713124999999,4.65989607636584
2.13746458333332,4.66822941013379
2.13779791666665,4.67031274357578
2.13813124999999,4.66809920179367
2.13846458333332,4.66432315993006
2.13879791666665,4.66471378495044
2.13913124999999,4.66653670171218
2.13946458333332,4.67252628535789
2.13979791666665,4.67617211888137
2.14013124999999,4.67968774406472
2.14046458333332,4.67773461896286
2.14079791666665,4.67487003548013
2.14113124999999,4.67369816041901
2.14146458333332,4.67200545199739
2.14179791666665,4.67252628535789
2.14213124999999,4.67721378560236
2.14246458333332,4.68059920244559
2.14279791666665,4.68307316090795
2.14313124999999,4.67773461896286
2.14346458333332,4.67382836875913
2.14379791666665,4.6709637852764
2.14413124999999,4.66653670171218
2.14446458333332,4.66158878478745
2.14479791666665,4.6580731596041
2.14513124999999,4.66393253490969
2.14546458333332,4.66848982681404
2.14579791666665,4.66953149353503
2.14613124999999,4.66536482665106
2.14646458333332,4.66536482665106
2.14679791666665,4.66210961814795
2.14713124999999,4.66028670138621
2.14746458333332,4.65455753442075
2.14779791666665,4.64921899247565
2.14813124999999,4.64973982583615
2.14846458333332,4.65651065952261
2.14879791666665,4.66263045150845
2.14913124999999,4.66250024316832
2.14946458333332,4.66210961814795
2.14979791666665,4.6623700348282
2.15013124999999,4.65742211790348
2.15046458333332,4.64674503401329
2.15079791666665,4.64817732575466
2.15113124999999,4.65195336761826
2.15146458333332,4.65416690940037
2.15179791666665,4.65156274259789
2.15213124999999,4.65065128421702
2.15246458333332,4.64908878413553
2.15279791666665,4.64322940882994
2.15313124999999,4.63919295028609
2.15346458333332,4.64440128389106
2.15379791666665,4.64726586737379
2.15413124999999,4.6457033672923
2.15446458333332,4.64218774210895
2.15479791666665,4.64283878380957
2.15513124999999,4.64075545036758
2.15546458333332,4.63372420000087
2.15579791666665,4.63098982485826
2.15613124999999,4.63580753344286
2.15646458333332,4.63815128356509
2.15679791666665,4.63411482502124
2.15713124999999,4.62942732477677
2.15746458333332,4.63385440834099
2.15779791666665,4.6371096168441
2.15813124999999,4.64283878380957
2.15846458333332,4.63554711676261
2.15879791666665,4.63268253327988
2.15913124999998,4.6322919082595
2.15946458333332,4.63841170024534
2.15979791666665,4.63828149190522
2.16013124999998,4.63359399166075
2.16046458333332,4.62981794979714
2.16079791666665,4.63203149157926
2.16113124999998,4.63723982518422
2.16146458333332,4.64309920048981
2.16179791666665,4.64101586704783
2.16213124999998,4.63385440834099
2.16246458333332,4.63098982485826
2.16279791666665,4.63372420000087
2.16313124999998,4.63945336696634
2.16346458333332,4.63541690842249
2.16379791666665,4.63138044987863
2.16413124999998,4.63177107489901
2.16446458333332,4.63072940817801
2.16479791666665,4.62786482469528
2.16513124999998,4.62109399100882
2.16546458333332,4.62565128291317
2.16579791666665,4.62994815813727
2.16613124999998,4.63059919983789
2.16646458333332,4.62877628307615
2.16679791666665,4.62812524137553
2.16713124999998,4.63372420000087
2.16746458333332,4.63828149190522
2.16779791666665,4.64453149223118
2.16813124999998,4.64335961717006
2.16846458333332,4.64362003385031
2.16879791666665,4.64023461700708
2.16913124999998,4.63880232526572
2.16946458333332,4.63216169991938
2.16979791666665,4.63203149157926
2.17013124999998,4.63072940817801
2.17046458333332,4.6290366997564
2.17079791666665,4.62734399133478
2.17113124999998,4.63502628340211
2.17146458333332,4.63880232526572
2.17179791666665,4.63776065854472
2.17213124999998,4.63320336664037
2.17246458333332,4.63450545004162
2.17279791666665,4.63854190858547
2.17313124999998,4.63541690842249
2.17346458333332,4.63372420000087
2.17379791666665,4.63177107489901
2.17413124999998,4.63046899149776
2.17446458333332,4.63085961651814
2.17479791666665,4.62747419967491
2.17513124999998,4.62721378299466
2.17546458333332,4.62539086623292
2.17579791666665,4.62747419967491
2.17613124999998,4.63085961651814
2.17646458333332,4.63072940817801
2.17679791666665,4.62877628307615
2.17713124999998,4.62500024121255
2.17746458333332,4.62643253295391
2.17779791666665,4.62356794947118
2.17813124999998,4.62213565772981
2.17846458333332,4.62304711611068
2.17879791666665,4.62395857449155
2.17913124999998,4.62278669943044
2.17946458333332,4.62447940785205
2.17979791666665,4.62812524137553
2.18013124999998,4.63411482502124
2.18046458333332,4.62994815813727
2.18079791666665,4.63346378332062
2.18113124999998,4.63020857481752
2.18146458333332,4.62825544971565
2.18179791666665,4.6204429493082
2.18213124999998,4.61862003254646
2.18246458333332,4.62500024121255
2.18279791666665,4.62747419967491
2.18313124999998,4.62968774145702
2.18346458333332,4.62812524137553
2.18379791666665,4.62591169959342
2.18413124999998,4.62135440768907
2.18446458333332,4.6123700322205
2.18479791666665,4.61653669910447
2.18513124999998,4.62122419934894
2.18546458333332,4.6209637826687
2.18579791666665,4.61354190728162
2.18613124999998,4.60598982355441
2.18646458333332,4.61106794881925
2.18679791666665,4.61692732412485
2.18713124999998,4.62382836615143
2.18746458333332,4.62109399100882
2.18779791666665,4.61692732412485
2.18813124999998,4.61822940752609
2.18846458333332,4.62265649109031
2.18879791666665,4.62539086623292
2.18913124999998,4.62395857449155
2.18946458333331,4.62239607441006
2.18979791666665,4.62226586606994
2.19013124999998,4.61875024088658
2.19046458333331,4.61380232396186
2.19079791666665,4.61484399068286
2.19113124999998,4.61679711578472
2.19146458333331,4.6199221159477
2.19179791666665,4.6161460740841
2.19213124999998,4.61419294898224
2.19246458333331,4.61393253230199
2.19279791666665,4.61445336566248
2.19313124999998,4.61848982420634
2.19346458333331,4.62200544938969
2.19379791666665,4.62148461602919
2.19413124999998,4.61783878250571
2.19446458333331,4.61041690711863
2.19479791666667,4.60546899019391
2.19513125,4.60416690679267
2.19546458333333,4.60598982355441
2.19579791666667,4.60794294865627
2.19613125,4.61015649043839
2.19646458333333,4.61862003254646
2.19679791666667,4.62408878283168
2.19713125,4.62565128291317
2.19746458333333,4.62057315764832
2.19779791666667,4.61953149092733
2.19813125,4.61627628242422
2.19846458333333,4.61432315732236
2.19879791666667,4.61406274064211
2.19913125,4.61380232396186
2.19946458333333,4.6123700322205
2.19979791666667,4.61367211562174
2.20013125,4.62148461602919
2.20046458333333,4.62877628307615
2.20079791666667,4.62447940785205
2.20113125,4.62057315764832
2.20146458333333,4.62031274096807
2.20179791666667,4.62200544938969
2.20213125,4.61770857416559
2.20246458333333,4.61809919918596
2.20279791666667,4.62265649109031
2.20313125,4.6252606578928
2.20346458333333,4.62200544938969
2.20379791666667,4.61940128258721
2.20413125,4.61744815748534
2.20446458333333,4.62252628275019
2.20479791666667,4.6290366997564
2.20513125,4.63372420000087
2.20546458333333,4.62942732477677
2.20579791666667,4.63164086655888
2.20613125,4.63528670008236
2.20646458333333,4.63932315862621
2.20679791666667,4.63437524170149
2.20713125,4.63463565838174
2.20746458333333,4.63619815846323
2.20779791666667,4.64283878380957
2.20813125,4.63932315862621
2.20846458333333,4.63984399198671
2.20879791666667,4.63828149190522
2.20913125,4.64335961717006
2.20946458333333,4.64166690874845
2.20979791666667,4.64036482534721
2.21013125,4.64479190891143
2.21046458333333,4.65234399263863
2.21079791666667,4.65247420097876
2.21113125,4.64921899247565
2.21146458333333,4.64778670073429
2.21179791666667,4.65234399263863
2.21213125,4.65494815944112
2.21246458333333,4.654817951101
2.21279791666666,4.6532554510195
2.21313125,4.64934920081578
2.21346458333333,4.64401065887068
2.21379791666667,4.63997420032683
2.21413125,4.63906274194596
2.21446458333333,4.63997420032683
2.21479791666666,4.63828149190522
2.21513125,4.63619815846323
2.21546458333333,4.64283878380957
2.21579791666666,4.65091170089727
2.21613125,4.65247420097876
2.21646458333333,4.64062524202745
2.21679791666666,4.63697940850398
2.21713125,4.64231795044907
2.21746458333333,4.65026065919665
2.21779791666666,4.64635440899292
2.21813125,4.64244815878919
2.21846458333333,4.6414064920682
2.21879791666666,4.6419273254287
2.21913125,4.63906274194596
2.21946458333333,4.63815128356509
2.21979791666666,4.64296899214969
2.22013125,4.6457033672923
2.22046458333333,4.63789086688485
2.22079791666666,4.6295575331169
2.22113125,4.62565128291317
2.22146458333333,4.62734399133478
2.22179791666666,4.62968774145702
2.22213125,4.63541690842249
2.22246458333333,4.64166690874845
2.22279791666666,4.64375024219044
2.22313125,4.64062524202745
2.22346458333333,4.64101586704783
2.22379791666666,4.63697940850398
2.22413125,4.6295575331169
2.22446458333333,4.62343774113106
2.22479791666666,4.62552107457304
2.22513125,4.63072940817801
2.22546458333333,4.63411482502124
2.22579791666666,4.63580753344286
2.22613125,4.64036482534721
2.22646458333333,4.64166690874845
2.22679791666666,4.63789086688485
2.22713125,4.63098982485826
2.22746458333333,4.62825544971565
2.22779791666666,4.62981794979714
2.22813125,4.63554711676261
2.22846458333333,4.63151065821876
2.22879791666666,4.63164086655888
2.22913125,4.63033878315764
2.22946458333333,4.63385440834099
2.22979791666666,4.63072940817801
2.23013125,4.62226586606994
2.23046458333333,4.61783878250571
2.23079791666666,4.61940128258721
2.23113125,4.6242189911718
2.23146458333333,4.62838565805578
2.23179791666666,4.62604190793354
2.23213125,4.62929711643665
2.23246458333333,4.63242211659963
2.23279791666666,4.63294294996013
2.23313125,4.6295575331169
2.23346458333333,4.62539086623292
2.23379791666666,4.6279950330354
2.23413125,4.6252606578928
2.23446458333333,4.62330753279093
2.23479791666666,4.62734399133478
2.23513125,4.63359399166075
2.23546458333333,4.63802107522497
2.23579791666666,4.63281274162
2.23613125,4.63242211659963
2.23646458333333,4.62760440801503
2.23679791666666,4.6290366997564
2.23713125,4.62174503270944
2.23746458333333,4.6199221159477
2.23779791666666,4.61979190760758
2.23813125,4.62291690777056
2.23846458333333,4.62330753279093
2.23879791666666,4.62148461602919
2.23913125,4.62200544938969
2.23946458333333,4.62578149125329
2.23979791666666,4.62539086623292
2.24013125,4.62890649141627
2.24046458333333,4.62695336631441
2.24079791666666,4.62812524137553
2.24113125,4.62617211627367
2.24146458333333,4.62630232461379
2.24179791666666,4.62695336631441
2.24213124999999,4.62604190793354
2.24246458333333,4.62578149125329
2.24279791666666,4.62734399133478
2.24313125,4.62734399133478
2.24346458333333,4.63085961651814
2.24379791666666,4.62487003287242
2.24413124999999,4.6242189911718
2.24446458333333,4.62304711611068
2.24479791666666,4.62213565772981
2.24513125,4.6204429493082
2.24546458333333,4.61835961586621
2.24579791666666,4.61862003254646
2.24613124999999,4.62187524104957
2.24646458333333,4.62356794947118
2.24679791666666,4.62174503270944
2.24713124999999,4.61458357400261
2.24746458333333,4.61588565740385
2.24779791666666,4.61432315732236
2.24813124999999,4.61601586574398
2.24846458333333,4.61289086558099
2.24879791666666,4.61458357400261
2.24913124999999,4.61601586574398
2.24946458333333,4.61809919918596
2.24979791666666,4.6236981578113
2.25013124999999,4.6285158663959
2.25046458333333,4.62434919951193
2.25079791666666,4.6204429493082
2.25113124999999,4.61822940752609
2.25146458333333,4.62330753279093
2.25179791666666,4.63072940817801
2.25213124999999,4.62630232461379
2.25246458333333,4.62343774113106
2.25279791666666,4.61731794914522
2.25313124999999,4.61497419902298
2.25346458333333,4.60742211529578
2.25379791666666,4.61119815715938
2.25413124999999,4.61783878250571
2.25446458333333,4.62213565772981
2.25479791666666,4.61979190760758
2.25513124999999,4.61601586574398
2.25546458333333,4.61757836582547
2.25579791666666,4.61940128258721
2.25613124999999,4.62083357432857
2.25646458333333,4.62070336598845
2.25679791666666,4.6236981578113
2.25713124999999,4.62812524137553
2.25746458333333,4.62981794979714
2.25779791666666,4.6236981578113
2.25813124999999,4.61757836582547
2.25846458333333,4.61289086558099
2.25879791666666,4.60976586541801
2.25913124999999,4.61015649043839
2.25946458333333,4.61393253230199
2.25979791666666,4.61067732379888
2.26013124999999,4.60651065691491
2.26046458333333,4.60481794849329
2.26079791666666,4.61276065724087
2.26113124999999,4.61731794914522
2.26146458333333,4.61796899084584
2.26179791666666,4.61536482404335
2.26213124999999,4.61718774080509
2.26246458333333,4.61914086590696
2.26279791666666,4.61575544906373
2.26313124999999,4.61184919886
2.26346458333333,4.61106794881925
2.26379791666666,4.61184919886
2.26413124999999,4.61106794881925
2.26446458333333,4.60742211529578
2.26479791666666,4.60976586541801
2.26513124999999,4.61184919886
2.26546458333333,4.6113283654995
2.26579791666666,4.61093774047913
2.26613124999999,4.61197940720012
2.26646458333333,4.60846378201677
2.26679791666666,4.60885440703714
2.26713124999999,4.60950544873776
2.26746458333333,4.61328149060137
2.26779791666666,4.61263044890075
2.26813124999999,4.61328149060137
2.26846458333333,4.61705753246497
2.26879791666666,4.6161460740841
2.26913124999999,4.6156252407236
2.26946458333333,4.61940128258721
2.26979791666666,4.61875024088658
2.27013124999999,4.61523461570323
2.27046458333333,4.61210961554025
2.27079791666666,4.61588565740385
2.27113124999999,4.61705753246497
2.27146458333333,4.61354190728162
2.27179791666666,4.60846378201677
2.27213124999999,4.60638044857478
2.27246458333333,4.60585961521429
2.27279791666666,4.60911482371739
2.27313124999999,4.61367211562174
2.27346458333332,4.61223982388037
2.27379791666666,4.60937524039764
2.27413124999999,4.60442732347292
2.27446458333333,4.60338565675193
2.27479791666666,4.60052107326919
2.27513124999999,4.60338565675193
2.27546458333332,4.60716169861553
2.27579791666666,4.61601586574398
2.27613124999999,4.61458357400261
2.27646458333332,4.61223982388037
2.27679791666666,4.60898461537727
2.27713124999999,4.60898461537727
2.27746458333332,4.60351586509205
2.27779791666666,4.60117211496981
2.27813124999999,4.60039086492907
2.27846458333332,4.60664086525503
2.27879791666666,4.6070314902754
2.27913124999999,4.60195336501056
2.27946458333332,4.59830753148708
2.27979791666666,4.59661482306547
2.28013124999999,4.60416690679267
2.28046458333332,4.60299503173155
2.28079791666666,4.59856794816733
2.28113124999999,4.59557315634447
2.28146458333332,4.5984377398272
2.28179791666666,4.59856794816733
2.28213124999999,4.59661482306547
2.28246458333332,4.59505232298397
2.28279791666666,4.59739607310621
2.28313124999999,4.59583357302472
2.28346458333332,4.59869815650745
2.28379791666666,4.59987003156857
2.28413124999999,4.5994794065482
2.28446458333332,4.59635440638522
2.28479791666666,4.6000002399087
2.28513124999999,4.60794294865627
2.28546458333332,4.61119815715938
2.28579791666666,4.61067732379888
2.28613124999999,4.60651065691491
2.28646458333332,4.60572940687416
2.28679791666666,4.60390649011242
2.28713124999999,4.60338565675193
2.28746458333332,4.60442732347292
2.28779791666666,4.60182315667043
2.28813124999999,4.60195336501056
2.28846458333332,4.61119815715938
2.28879791666666,4.61770857416559
2.28913124999999,4.6161460740841
2.28946458333332,4.60781274031615
2.28979791666666,4.60651065691491
2.29013124999999,4.61067732379888
2.29046458333332,4.61119815715938
2.29079791666666,4.61250024056062
2.29113124999999,4.61536482404335
2.29146458333332,4.61484399068286
2.29179791666666,4.61627628242422
2.29213124999999,4.61080753213901
2.29246458333332,4.6080731569964
2.29279791666666,4.60455753181304
2.29313124999999,4.60690128193528
2.29346458333332,4.60625024023466
2.29379791666666,4.60390649011242
2.29413124999999,4.60403669845255
2.29446458333332,4.60572940687416
2.29479791666666,4.60937524039764
2.29513124999999,4.60872419869702
2.29546458333332,4.61223982388037
2.29579791666666,4.60924503205752
2.29613124999999,4.60729190695565
2.29646458333332,4.61028669877851
2.29679791666666,4.61627628242422
2.29713124999999,4.61875024088658
2.29746458333332,4.61223982388037
2.29779791666666,4.60612003189453
2.29813124999999,4.60664086525503
2.29846458333332,4.60299503173155
2.29879791666666,4.60091169828957
2.29913124999999,4.60091169828957
2.29946458333332,4.60520857351366
2.29979791666666,4.60846378201677
2.30013124999999,4.60651065691491
2.30046458333332,4.60612003189453
2.30079791666666,4.60651065691491
2.30113124999999,4.60651065691491
2.30146458333332,4.60572940687416
2.30179791666666,4.60690128193528
2.30213124999999,4.61054711545876
2.30246458333332,4.61054711545876
2.30279791666665,4.61250024056062
2.30313124999999,4.60794294865627
2.30346458333332,4.61210961554025
2.30379791666666,4.61601586574398
2.30413124999999,4.61927107424708
2.30446458333332,4.61263044890075
2.30479791666665,4.60820336533652
2.30513124999999,4.60911482371739
2.30546458333332,4.61471378234273
2.30579791666666,4.6113283654995
2.30613124999999,4.61250024056062
2.30646458333332,4.60911482371739
2.30679791666665,4.60677107359516
2.30713124999999,4.60286482339143
2.30746458333332,4.60638044857478
2.30779791666665,4.61158878217975
2.30813124999999,4.61080753213901
2.30846458333332,4.60638044857478
2.30879791666665,4.60130232330994
2.30913124999999,4.60390649011242
2.30946458333332,4.60651065691491
2.30979791666665,4.60924503205752
2.31013124999999,4.61067732379888
2.31046458333332,4.60937524039764
2.31079791666665,4.60833357367665
2.31113124999999,4.60546899019391
2.31146458333332,4.60403669845255
2.31179791666665,4.60559919853404
2.31213124999999,4.60651065691491
2.31246458333332,4.6123700322205
2.31279791666665,4.61263044890075
2.31313124999999,4.61471378234273
2.31346458333332,4.61575544906373
2.31379791666665,4.61523461570323
2.31413124999999,4.60898461537727
2.31446458333332,4.60182315667043
2.31479791666665,4.59700544808584
2.31513124999999,4.59713565642596
2.31546458333332,4.60078148994944
2.31579791666665,4.60533878185379
2.31613124999999,4.60768253197602
2.31646458333332,4.60989607375814
2.31679791666665,4.61028669877851
2.31713124999999,4.60846378201677
2.31746458333332,4.60664086525503
2.31779791666665,4.61015649043839
2.31813124999999,4.61302107392112
2.31846458333332,4.60820336533652
2.31879791666665,4.60169294833031
2.31913124999999,4.5951825313241
2.31946458333332,4.59257836452161
2.31979791666665,4.5946616979636
2.32013124999999,4.59557315634447
2.32046458333332,4.59505232298397
2.32079791666665,4.59622419804509
2.32113124999999,4.59635440638522
2.32146458333332,4.59505232298397
2.32179791666665,4.59166690614075
2.32213124999999,4.59908878152783
2.32246458333332,4.60729190695565
2.32279791666665,4.60846378201677
2.32313124999999,4.60403669845255
2.32346458333332,4.60481794849329
2.32379791666665,4.60182315667043
2.32413124999999,4.59791690646671
2.32446458333332,4.59283878120186
2.32479791666665,4.59401065626298
2.32513124999999,4.59309919788211
2.32546458333332,4.58906273933826
2.32579791666665,4.59296898954199
2.32613124999999,4.59830753148708
2.32646458333332,4.60221378169081
2.32679791666665,4.59739607310621
2.32713124999999,4.59583357302472
2.32746458333332,4.59973982322845
2.32779791666665,4.60169294833031
2.32813124999999,4.59987003156857
2.32846458333332,4.60078148994944
2.32879791666665,4.6027346150513
2.32913124999999,4.60794294865627
2.32946458333332,4.60651065691491
2.32979791666665,4.61028669877851
2.33013124999999,4.61302107392112
2.33046458333332,4.61028669877851
2.33079791666665,4.60442732347292
2.33113124999999,4.59987003156857
2.33146458333332,4.60065128160932
2.33179791666665,4.60052107326919
2.33213124999998,4.60143253165006
2.33246458333332,4.60156273999019
2.33279791666665,4.59882836484758
2.33313124999999,4.5946616979636
2.33346458333332,4.58997419771913
2.33379791666665,4.59101586444012
2.33413124999998,4.59479190630373
2.33446458333332,4.60169294833031
2.33479791666665,4.60221378169081
2.33513124999999,4.59609398970497
2.33546458333332,4.59648461472534
2.33579791666665,4.59921898986795
2.33613124999998,4.59765648978646
2.33646458333332,4.59557315634447
2.33679791666665,4.59492211464385
2.33713124999998,4.60169294833031
2.33746458333332,4.59674503140559
2.33779791666665,4.59192732282099
2.33813124999998,4.59335961456236
2.33846458333332,4.59791690646671
2.33879791666665,4.60247419837106
2.33913124999998,4.60039086492907
2.33946458333332,4.59583357302472
2.33979791666665,4.59622419804509
2.34013124999998,4.59752628144634
2.34046458333332,4.60221378169081
2.34079791666665,4.60052107326919
2.34113124999998,4.59869815650745
2.34146458333332,4.59778669812658
2.34179791666665,4.59453148962348
2.34213124999998,4.58867211431789
2.34246458333332,4.58919294767838
2.34279791666665,4.59388044792286
2.34313124999998,4.59544294800435
2.34346458333332,4.59583357302472
2.34379791666665,4.59335961456236
2.34413124999998,4.5989585731877
2.34446458333332,4.60247419837106
2.34479791666665,4.60299503173155
2.34513124999998,4.59765648978646
2.34546458333332,4.59101586444012
2.34579791666665,4.59362003124261
2.34613124999998,4.59882836484758
2.34646458333332,4.5984377398272
2.34679791666665,4.59583357302472
2.34713124999998,4.59479190630373
2.34746458333332,4.60416690679267
2.34779791666665,4.60833357367665
2.34813124999998,4.6080731569964
2.34846458333332,4.6042971151328
2.34879791666665,4.60182315667043
2.34913124999998,4.60338565675193
2.34946458333332,4.6070314902754
2.34979791666665,4.61184919886
2.35013124999998,4.60950544873776
2.35046458333332,4.60364607343217
2.35079791666665,4.60221378169081
2.35113124999998,4.60312524007168
2.35146458333332,4.60338565675193
2.35179791666665,4.5984377398272
2.35213124999998,4.60065128160932
2.35246458333332,4.60078148994944
2.35279791666665,4.60585961521429
2.35313124999998,4.61002628209826
2.35346458333332,4.61250024056062
2.35379791666665,4.61054711545876
2.35413124999998,4.60859399035689
2.35446458333332,4.61250024056062
2.35479791666665,4.62070336598845
2.35513124999998,4.62929711643665
2.35546458333332,4.63138044987863
2.35579791666665,4.62942732477677
2.35613124999998,4.62773461635516
2.35646458333332,4.62643253295391
2.35679791666665,4.62460961619217
2.35713124999998,4.62161482436932
2.35746458333332,4.62395857449155
2.35779791666665,4.62747419967491
2.35813124999998,4.62695336631441
2.35846458333332,4.62226586606994
2.35879791666665,4.6236981578113
2.35913124999998,4.62552107457304
2.35946458333332,4.62812524137553
2.35979791666665,4.6279950330354
2.36013124999998,4.62708357465453
2.36046458333332,4.6285158663959
2.36079791666665,4.62500024121255
2.36113124999998,4.61744815748534
2.36146458333332,4.60937524039764
2.36179791666665,4.60533878185379
2.36213124999998,4.61223982388037
2.36246458333332,4.61536482404335
2.36279791666665,4.61276065724087
2.36313124999998,4.60820336533652
2.36346458333331,4.60963565707789
2.36379791666665,4.61263044890075
2.36413124999998,4.61197940720012
2.36446458333332,4.61054711545876
2.36479791666665,4.61601586574398
2.36513124999998,4.62278669943044
2.36546458333333,4.61953149092733
2.36579791666667,4.61080753213901
2.36613125,4.60833357367665
2.36646458333333,4.61640649076435
2.36679791666667,4.61888044922671
2.36713125,4.61575544906373
2.36746458333333,4.61484399068286
2.36779791666667,4.61601586574398
2.36813125,4.61731794914522
2.36846458333333,4.60846378201677
2.36879791666667,4.60455753181304
2.36913125,4.60026065658894
2.36946458333333,4.59817732314696
2.36979791666667,4.60208357335068
2.37013125,4.60416690679267
2.37046458333333,4.61093774047913
2.37079791666667,4.60924503205752
2.37113125,4.61328149060137
2.37146458333333,4.6166669074446
2.37179791666667,4.61835961586621
2.37213125,4.61822940752609
2.37246458333333,4.62109399100882
2.37279791666667,4.63268253327988
2.37313125,4.63776065854472
2.37346458333333,4.63802107522497
2.37379791666667,4.63515649174224
2.37413125,4.63085961651814
2.37446458333333,4.63059919983789
2.37479791666667,4.63294294996013
2.37513125,4.64010440866696
2.37546458333333,4.64388045053056
2.37579791666667,4.64856795077503
2.37613125,4.65221378429851
2.37646458333333,4.65520857612137
2.37679791666667,4.65208357595839
2.37713125,4.64921899247565
2.37746458333333,4.6542971177405
2.37779791666667,4.66354190988932
2.37813125,4.67291691037826
2.37846458333333,4.67382836875913
2.37879791666667,4.67122420195665
2.37913125,4.67070336859615
2.37946458333333,4.67291691037826
2.37979791666667,4.67643253556162
2.38013125,4.67565128552087
2.38046458333333,4.67864607734373
2.38079791666667,4.68450545264932
2.38113125,4.6881512861728
2.38146458333333,4.68059920244559
2.38179791666667,4.67552107718075
2.38213125,4.68085961912584
2.38246458333333,4.68307316090795
2.38279791666667,4.68125024414621
2.38313125,4.66927107685478
2.38346458333333,4.66757836843317
2.38379791666667,4.67122420195665
2.38413125,4.67669295224187
2.38446458333333,4.67604191054124
2.38479791666667,4.67304711871839
2.38513125,4.67083357693628
2.38546458333333,4.66992211855541
2.38579791666667,4.67278670203814
2.38613125,4.67838566066348
2.38646458333333,4.68242211920733
2.38679791666667,4.68268253588758
2.38713125,4.67929711904435
2.38746458333333,4.68112003580609
2.38779791666667,4.67395857709926
2.38813125,4.6752606605005
2.38846458333333,4.67356795207888
2.38879791666666,4.67018253523565
2.38913125,4.66171899312758
2.38946458333333,4.65494815944112
2.38979791666666,4.65455753442075
2.39013125,4.65690128454298
2.39046458333333,4.6585939929646
2.39079791666666,4.66432315993006
2.39113125,4.66705753507267
2.39146458333333,4.67460961879988
2.39179791666666,4.67122420195665
2.39213125,4.66731795175292
2.39246458333333,4.66588566001155
2.39279791666666,4.66263045150845
2.39313125,4.66250024316832
2.39346458333333,4.66197940980783
2.39379791666666,4.66510440997081
2.39413125,4.66106795142696
2.39446458333333,4.64791690907441
2.39479791666666,4.64348982551019
2.39513125,4.64609399231267
2.39546458333333,4.65312524267938
2.39579791666666,4.65130232591764
2.39613125,4.64388045053056
2.39646458333333,4.64401065887068
2.39679791666666,4.64348982551019
2.39713125,4.64270857546944
2.39746458333333,4.64049503368733
2.39779791666666,4.6462242006528
2.39813125,4.6500002425164
2.39846458333333,4.65260440931888
2.39879791666666,4.65507836778124
2.39913125,4.65924503466522
2.39946458333333,4.65455753442075
2.39979791666666,4.64296899214969
2.40013125,4.64010440866696
2.40046458333333,4.63919295028609
2.40079791666666,4.64179711708857
2.40113125,4.64075545036758
2.40146458333333,4.64166690874845
2.40179791666666,4.64427107555093
2.40213125,4.64179711708857
2.40246458333333,4.63984399198671
2.40279791666666,4.6408856587077
2.40313125,4.64752628405404
2.40346458333333,4.64921899247565
2.40379791666666,4.6494794091559
2.40413125,4.65026065919665
2.40446458333333,4.6494794091559
2.40479791666666,4.64388045053056
2.40513125,4.63567732510273
2.40546458333333,4.63932315862621
2.40579791666666,4.64153670040832
2.40613125,4.63645857514348
2.40646458333333,4.62812524137553
2.40679791666666,4.62343774113106
2.40713125,4.62656274129404
2.40746458333333,4.63125024153851
2.40779791666666,4.63697940850398
2.40813125,4.63815128356509
2.40846458333333,4.63919295028609
2.40879791666666,4.63841170024534
2.40913125,4.63750024186447
2.40946458333333,4.63671899182373
2.40979791666666,4.63906274194596
2.41013125,4.64049503368733
2.41046458333333,4.63541690842249
2.41079791666666,4.63177107489901
2.41113125,4.63059919983789
2.41146458333333,4.62760440801503
2.41179791666666,4.6290366997564
2.41213125,4.63138044987863
2.41246458333333,4.63046899149776
2.41279791666666,4.6295575331169
2.41313125,4.63268253327988
2.41346458333333,4.63424503336137
2.41379791666666,4.63385440834099
2.41413125,4.63046899149776
2.41446458333333,4.62747419967491
2.41479791666666,4.62304711611068
2.41513125,4.62239607441006
2.41546458333333,4.62539086623292
2.41579791666666,4.62213565772981
2.41613125,4.62239607441006
2.41646458333333,4.62929711643665
2.41679791666666,4.63151065821876
2.41713125,4.63359399166075
2.41746458333333,4.63737003352435
2.41779791666666,4.64270857546944
2.41813125,4.63789086688485
2.41846458333333,4.6285158663959
2.41879791666666,4.62565128291317
2.41913124999999,4.62539086623292
2.41946458333333,4.62552107457304
2.41979791666666,4.62317732445081
2.42013124999999,4.6209637826687
2.42046458333333,4.62226586606994
2.42079791666666,4.62083357432857
2.42113124999999,4.62252628275019
2.42146458333333,4.62500024121255
2.42179791666666,4.62747419967491
2.42213124999999,4.62565128291317
2.42246458333333,4.61927107424708
2.42279791666666,4.61341169894149
2.42313124999999,4.61223982388037
2.42346458333333,4.61406274064211
2.42379791666666,4.62226586606994
2.42413124999999,4.62552107457304
2.42446458333333,4.62981794979714
2.42479791666666,4.62460961619217
2.42513124999999,4.62018253262795
2.42546458333333,4.61653669910447
2.42579791666666,4.62005232428783
2.42613124999999,4.62278669943044
2.42646458333333,4.61718774080509
2.42679791666666,4.61888044922671
2.42713124999999,4.62135440768907
2.42746458333333,4.62617211627367
2.42779791666666,4.62291690777056
2.42813124999999,4.6166669074446
2.42846458333333,4.61575544906373
2.42879791666666,4.61744815748534
2.42913124999999,4.61966169926745
2.42946458333333,4.61575544906373
2.42979791666666,4.61054711545876
2.43013124999999,4.60846378201677
2.43046458333333,4.60559919853404
2.43079791666666,4.60312524007168
2.43113124999999,4.60195336501056
2.43146458333333,4.60846378201677
2.43179791666666,4.61445336566248
2.43213124999999,4.61809919918596
2.43246458333333,4.62109399100882
2.43279791666666,4.62213565772981
2.43313124999999,4.62643253295391
2.43346458333333,4.62213565772981
2.43379791666666,4.61445336566248
2.43413124999999,4.61250024056062
2.43446458333333,4.61210961554025
2.43479791666666,4.61536482404335
2.43513124999999,4.61419294898224
2.43546458333333,4.61510440736311
2.43579791666666,4.61471378234273
2.43613124999999,4.6123700322205
2.43646458333333,4.61354190728162
2.43679791666666,4.61523461570323
2.43713124999999,4.61445336566248
2.43746458333333,4.61158878217975
2.43779791666666,4.61028669877851
2.43813124999999,4.61054711545876
2.43846458333333,4.61080753213901
2.43879791666666,4.60559919853404
2.43913124999999,4.60338565675193
2.43946458333333,4.60677107359516
2.43979791666666,4.6123700322205
2.44013124999999,4.61041690711863
2.44046458333333,4.61106794881925
2.44079791666666,4.61380232396186
2.44113124999999,4.61497419902298
2.44146458333333,4.60911482371739
2.44179791666666,4.60963565707789
2.44213124999999,4.61367211562174
2.44246458333333,4.6161460740841
2.44279791666666,4.61471378234273
2.44313124999999,4.61953149092733
2.44346458333333,4.6209637826687
2.44379791666666,4.61927107424708
2.44413124999999,4.61575544906373
2.44446458333333,4.61523461570323
2.44479791666666,4.61315128226124
2.44513124999999,4.60612003189453
2.44546458333333,4.60234399003093
2.44579791666666,4.60507836517354
2.44613124999999,4.60833357367665
2.44646458333333,4.61080753213901
2.44679791666666,4.61158878217975
2.44713124999999,4.61679711578472
2.44746458333333,4.62434919951193
2.44779791666666,4.63072940817801
2.44813124999999,4.63398461668112
2.44846458333333,4.63554711676261
2.44879791666666,4.63723982518422
2.44913124999999,4.63528670008236
2.44946458333332,4.6322919082595
2.44979791666666,4.63424503336137
2.45013124999999,4.64231795044907
2.45046458333332,4.64674503401329
2.45079791666666,4.64557315895218
2.45113124999999,4.6376304502046
2.45146458333332,4.63606795012311
2.45179791666666,4.63593774178298
2.45213124999999,4.64557315895218
2.45246458333332,4.64583357563242
2.45279791666666,4.64726586737379
2.45313124999999,4.65104190923739
2.45346458333332,4.66028670138621
2.45379791666666,4.66640649337205
2.45413124999999,4.66041690972634
2.45446458333332,4.65989607636584
2.45479791666666,4.65768253458373
2.45513124999999,4.65729190956336
2.45546458333332,4.65598982616211
2.45579791666666,4.65677107620286
2.45613124999999,4.65846378462447
2.45646458333332,4.65716170122323
2.45679791666666,4.66158878478745
2.45713124999999,4.6661460766918
2.45746458333332,4.66471378495044
2.45779791666666,4.66002628470596
2.45813124999999,4.65898461798497
2.45846458333332,4.65950545134547
2.45879791666666,4.65924503466522
2.45913124999999,4.66341170154919
2.45946458333332,4.6628908681887
2.45979791666666,4.65976586802572
2.46013124999999,4.65403670106025
2.46046458333332,4.65638045118249
2.46079791666666,4.66341170154919
2.46113124999999,4.66471378495044
2.46146458333332,4.66822941013379
2.46179791666666,4.66562524333131
2.46213124999999,4.66471378495044
2.46246458333332,4.66601586835168
2.46279791666666,4.66640649337205
2.46313124999999,4.66731795175292
2.46346458333332,4.6704429519159
2.46379791666666,4.67643253556162
2.46413124999999,4.67356795207888
2.46446458333332,4.66640649337205
2.46479791666666,4.66171899312758
2.46513124999999,4.66315128486895
2.46546458333332,4.66901066017454
2.46579791666666,4.66848982681404
2.46613124999999,4.67265649369801
2.46646458333332,4.66627628503193
2.46679791666666,4.66054711806646
2.46713124999999,4.65507836778124
2.46746458333332,4.65625024284236
2.46779791666666,4.66002628470596
2.46813124999999,4.65963565968559
2.46846458333332,4.65182315927814
2.46879791666666,4.65182315927814
2.46913124999999,4.65625024284236
2.46946458333332,4.66549503499118
2.46979791666666,4.66406274324982
2.47013124999999,4.65924503466522
2.47046458333332,4.65598982616211
2.47079791666666,4.66080753474671
2.47113124999999,4.66250024316832
2.47146458333332,4.65976586802572
2.47179791666666,4.6585939929646
2.47213124999999,4.66093774308683
2.47246458333332,4.66132836810721
2.47279791666666,4.65742211790348
2.47313124999999,4.6532554510195
2.47346458333332,4.65716170122323
2.47379791666666,4.65833357628435
2.47413124999999,4.6618492014677
2.47446458333332,4.6580731596041
2.47479791666666,4.66250024316832
2.47513124999999,4.66588566001155
2.47546458333332,4.66458357661031
2.47579791666666,4.66132836810721
2.47613124999999,4.65872420130472
2.47646458333332,4.65963565968559
2.47679791666666,4.65455753442075
2.47713124999999,4.64830753409478
2.47746458333332,4.64987003417627
2.47779791666666,4.65273461765901
2.47813124999999,4.65182315927814
2.47846458333332,4.64934920081578
2.47879791666666,4.64466170057131
2.47913124999999,4.64531274227193
2.47946458333332,4.64973982583615
2.47979791666665,4.65312524267938
2.48013124999999,4.65195336761826
2.48046458333332,4.6494794091559
2.48079791666665,4.64830753409478
2.48113124999999,4.65143253425777
2.48146458333332,4.64739607571391
2.48179791666665,4.64244815878919
2.48213124999999,4.6414064920682
2.48246458333332,4.6419273254287
2.48279791666665,4.64218774210895
2.48313124999999,4.63815128356509
2.48346458333332,4.63867211692559
2.48379791666665,4.64414086721081
2.48413124999999,4.6489585757954
2.48446458333332,4.64713565903367
2.48479791666665,4.64791690907441
2.48513124999999,4.64596378397255
2.48546458333332,4.64674503401329
2.48579791666665,4.6414064920682
2.48613124999999,4.63723982518422
2.48646458333332,4.63932315862621
2.48679791666665,4.64075545036758
2.48713124999999,4.63632836680335
2.48746458333332,4.63463565838174
2.48779791666665,4.63502628340211
2.48813124999999,4.63684920016385
2.48846458333332,4.63697940850398
2.48879791666665,4.63541690842249
2.48913124999999,4.63789086688485
2.48946458333332,4.6279950330354
2.48979791666665,4.62786482469528
2.49013124999999,4.63138044987863
2.49046458333332,4.63932315862621
2.49079791666665,4.64010440866696
2.49113124999999,4.64049503368733
2.49146458333332,4.64479190891143
2.49179791666665,4.64934920081578
2.49213124999999,4.64322940882994
2.49246458333332,4.63750024186447
2.49279791666665,4.6371096168441
2.49313124999999,4.64479190891143
2.49346458333332,4.64557315895218
2.49379791666665,4.64296899214969
2.49413124999999,4.64401065887068
2.49446458333332,4.64791690907441
2.49479791666665,4.64921899247565
2.49513124999999,4.64817732575466
2.49546458333332,4.65091170089727
2.49579791666665,4.65455753442075
2.49613124999999,4.66223982648808
2.49646458333332,4.66354190988932
2.49679791666665,4.66523461831093
2.49713124999999,4.65885440964485
2.49746458333332,4.65963565968559
2.49779791666665,4.66223982648808
2.49813124999999,4.66770857677329
2.49846458333332,4.66692732673255
2.49879791666665,4.66601586835168
2.49913124999999,4.66640649337205
2.49946458333332,4.66744816009305
2.49979791666665,4.66953149353503
2.50013124999999,4.66901066017454
2.50046458333332,4.66744816009305
2.50079791666665,4.66315128486895
2.50113124999999,4.66328149320907
2.50146458333332,4.66419295158994
2.50179791666665,4.66315128486895
2.50213124999999,4.66119815976708
2.50246458333332,4.66054711806646
2.50279791666665,4.6623700348282
2.50313124999999,4.66575545167143
2.50346458333332,4.67200545199739
2.50379791666665,4.67487003548013
2.50413124999999,4.66536482665106
2.50446458333332,4.65625024284236
2.50479791666665,4.64973982583615
2.50513124999999,4.64856795077503
2.50546458333332,4.64453149223118
2.50579791666665,4.64075545036758
2.50613124999998,4.64322940882994
2.50646458333332,4.64609399231267
2.50679791666665,4.6500002425164
2.50713124999998,4.64492211725155
2.50746458333332,4.63906274194596
2.50779791666665,4.63606795012311
2.50813124999998,4.63502628340211
2.50846458333332,4.63320336664037
2.50879791666665,4.63294294996013
2.50913124999998,4.63515649174224
2.50946458333332,4.63841170024534
2.50979791666665,4.63958357530646
2.51013124999998,4.64166690874845
2.51046458333332,4.64010440866696
2.51079791666665,4.63737003352435
2.51113124999998,4.63671899182373
2.51146458333332,4.63723982518422
2.51179791666665,4.63789086688485
2.51213124999998,4.63984399198671
2.51246458333332,4.64036482534721
2.51279791666665,4.63932315862621
2.51313124999998,4.64049503368733
2.51346458333332,4.64674503401329
2.51379791666665,4.64804711741454
2.51413124999998,4.64388045053056
2.51446458333332,4.63984399198671
2.51479791666665,4.63932315862621
2.51513124999998,4.63737003352435
2.51546458333332,4.63606795012311
2.51579791666665,4.63815128356509
2.51613124999998,4.64179711708857
2.51646458333332,4.64375024219044
2.51679791666665,4.64270857546944
2.51713124999998,4.65078149255714
2.51746458333332,4.65781274292385
2.51779791666665,4.65989607636584
2.51813124999998,4.66054711806646
2.51846458333332,4.66223982648808
2.51879791666665,4.66484399329056
2.51913124999998,4.66510440997081
2.51946458333332,4.66276065984857
2.51979791666665,4.66744816009305
2.52013124999998,4.66848982681404
2.52046458333332,4.66953149353503
2.52079791666665,4.66497420163068
2.52113124999998,4.66210961814795
2.52146458333332,4.66809920179367
2.52179791666665,4.67552107718075
2.52213124999998,4.68112003580609
2.52246458333332,4.67825545232336
2.52279791666665,4.66783878511342
2.52313124999998,4.66484399329056
2.52346458333332,4.66744816009305
2.52379791666665,4.67734399394249
2.52413124999998,4.68177107750671
2.52446458333332,4.68684920277156
2.52479791666665,4.69023461961478
2.52513124999998,4.68945336957404
2.52546458333332,4.68476586932957
2.52579791666665,4.68320336924808
2.52613124999998,4.68372420260857
2.52646458333332,4.68424503596907
2.52679791666665,4.68580753605056
2.52713124999998,4.68789086949255
2.52746458333332,4.68880232787342
2.52779791666665,4.68841170285305
2.52813124999998,4.68776066115242
2.52846458333332,4.69101586965553
2.52879791666665,4.69114607799565
2.52913124999998,4.69153670301603
2.52946458333332,4.69023461961478
2.52979791666665,4.68671899443143
2.53013124999998,4.68203149418696
2.53046458333332,4.68072941078572
2.53079791666665,4.68216170252708
2.53113124999998,4.68580753605056
2.53146458333332,4.68789086949255
2.53179791666665,4.69700545330124
2.53213124999998,4.70273462026671
2.53246458333332,4.70078149516485
2.53279791666665,4.68919295289379
2.53313124999998,4.68463566098944
2.53346458333332,4.6881512861728
2.53379791666665,4.69036482795491
2.53413124999998,4.68867211953329
2.53446458333332,4.68411482762895
2.53479791666665,4.68476586932957
2.53513124999998,4.6800783690851
2.53546458333332,4.67994816074497
2.53579791666665,4.67721378560236
2.53613125,4.67591170220112
2.53646458333333,4.67513045216037
2.53679791666667,4.67838566066348
2.53713125,4.68138045248634
2.53746458333333,4.67539086884062
2.53779791666667,4.67317732705851
2.53813125,4.67708357726224
2.53846458333333,4.68151066082646
2.53879791666667,4.67630232722149
2.53913125,4.6714846186369
2.53946458333333,4.67317732705851
2.53979791666667,4.67708357726224
2.54013125,4.67434920211963
2.54046458333333,4.66875024349429
2.54079791666667,4.66653670171218
2.54113125,4.6709637852764
2.54146458333333,4.67239607701777
2.54179791666667,4.67057316025603
2.54213125,4.66328149320907
2.54246458333333,4.65885440964485
2.54279791666667,4.65820336794423
2.54313125,4.66093774308683
2.54346458333333,4.66080753474671
2.54379791666667,4.66354190988932
2.54413125,4.66445336827019
2.54446458333333,4.66862003515416
2.54479791666667,4.6661460766918
2.54513125,4.6623700348282
2.54546458333333,4.66276065984857
2.54579791666667,4.66328149320907
2.54613125,4.66067732640659
2.54646458333333,4.65234399263863
2.54679791666667,4.6494794091559
2.54713125,4.65338565935963
2.54746458333333,4.6580731596041
2.54779791666667,4.65989607636584
2.54813125,4.66041690972634
2.54846458333333,4.66145857644733
2.54879791666667,4.66041690972634
2.54913125,4.65338565935963
2.54946458333333,4.65612003450224
2.54979791666667,4.66171899312758
2.55013125,4.66562524333131
2.55046458333333,4.65625024284236
2.55079791666667,4.65390649272013
2.55113125,4.65729190956336
2.55146458333333,4.65651065952261
2.55179791666667,4.65390649272013
2.55213125,4.65651065952261
2.55246458333333,4.66445336827019
2.55279791666667,4.66640649337205
2.55313125,4.66067732640659
2.55346458333333,4.66015649304609
2.55379791666666,4.65989607636584
2.55413125,4.65703149288311
2.55446458333333,4.6575523262436
2.55479791666667,4.65820336794423
2.55513125,4.66210961814795
2.55546458333333,4.65390649272013
2.55579791666666,4.65377628438
2.55613125,4.65664086786273
2.55646458333333,4.65924503466522
2.55679791666667,4.64934920081578
2.55713125,4.64023461700708
2.55746458333333,4.64166690874845
2.55779791666666,4.64270857546944
2.55813125,4.64101586704783
2.55846458333333,4.64023461700708
2.55879791666666,4.64348982551019
2.55913125,4.64778670073429
2.55946458333333,4.64987003417627
2.55979791666666,4.65091170089727
2.56013125,4.64765649239416
2.56046458333333,4.64362003385031
2.56079791666666,4.64440128389106
2.56113125,4.64765649239416
2.56146458333333,4.64791690907441
2.56179791666666,4.6457033672923
2.56213125,4.64830753409478
2.56246458333333,4.64244815878919
2.56279791666666,4.63645857514348
2.56313125,4.63164086655888
2.56346458333333,4.63424503336137
2.56379791666666,4.63489607506199
2.56413125,4.63476586672186
2.56446458333333,4.6371096168441
2.56479791666666,4.64036482534721
2.56513125,4.63971378364658
2.56546458333333,4.63945336696634
2.56579791666666,4.63867211692559
2.56613125,4.6376304502046
2.56646458333333,4.63789086688485
2.56679791666666,4.6371096168441
2.56713125,4.64205753376882
2.56746458333333,4.63841170024534
2.56779791666666,4.63828149190522
2.56813125,4.64075545036758
2.56846458333333,4.65260440931888
2.56879791666666,4.65312524267938
2.56913125,4.64153670040832
2.56946458333333,4.63489607506199
2.56979791666666,4.63684920016385
2.57013125,4.64440128389106
2.57046458333333,4.64179711708857
2.57079791666666,4.63893253360584
2.57113125,4.63359399166075
2.57146458333333,4.63515649174224
2.57179791666666,4.63919295028609
2.57213125,4.63906274194596
2.57246458333333,4.63737003352435
2.57279791666666,4.63476586672186
2.57313125,4.63645857514348
2.57346458333333,4.6376304502046
2.57379791666666,4.63919295028609
2.57413125,4.63580753344286
2.57446458333333,4.62890649141627
2.57479791666666,4.62682315797429
2.57513125,4.62708357465453
2.57546458333333,4.62500024121255
2.57579791666666,4.62513044955267
2.57613125,4.63177107489901
2.57646458333333,4.63997420032683
2.57679791666666,4.64010440866696
2.57713125,4.63906274194596
2.57746458333333,4.6365887834836
2.57779791666666,4.63098982485826
2.57813125,4.63085961651814
2.57846458333333,4.63268253327988
2.57879791666666,4.63606795012311
2.57913125,4.63007836647739
2.57946458333333,4.62005232428783
2.57979791666666,4.61640649076435
2.58013125,4.61966169926745
2.58046458333333,4.62929711643665
2.58079791666666,4.63085961651814
2.58113125,4.63424503336137
2.58146458333333,4.63802107522497
2.58179791666666,4.64023461700708
2.58213125,4.64218774210895
2.58246458333333,4.64179711708857
2.58279791666666,4.63906274194596
2.58313125,4.63046899149776
2.58346458333333,4.62460961619217
2.58379791666666,4.62734399133478
2.58413125,4.6236981578113
2.58446458333333,4.62643253295391
2.58479791666666,4.62721378299466
2.58513124999999,4.63164086655888
2.58546458333333,4.6285158663959
2.58579791666666,4.62747419967491
2.58613125,4.62981794979714
2.58646458333333,4.62981794979714
2.58679791666666,4.63216169991938
2.58713124999999,4.63346378332062
2.58746458333333,4.63033878315764
2.58779791666666,4.6295575331169
2.58813124999999,4.62447940785205
2.58846458333333,4.62135440768907
2.58879791666666,4.61575544906373
2.58913124999999,4.61822940752609
2.58946458333333,4.62617211627367
2.58979791666666,4.62669294963416
2.59013124999999,4.62539086623292
2.59046458333333,4.62591169959342
2.59079791666666,4.63020857481752
2.59113124999999,4.63112003319839
2.59146458333333,4.63020857481752
2.59179791666666,4.62968774145702
2.59213124999999,4.63046899149776
2.59246458333333,4.63125024153851
2.59279791666666,4.63645857514348
2.59313124999999,4.64375024219044
2.59346458333333,4.64335961717006
2.59379791666666,4.63450545004162
2.59413124999999,4.63033878315764
2.59446458333333,4.62565128291317
2.59479791666666,4.62356794947118
2.59513124999999,4.62005232428783
2.59546458333333,4.62122419934894
2.59579791666666,4.61744815748534
2.59613124999999,4.61302107392112
2.59646458333333,4.61640649076435
2.59679791666666,4.62721378299466
2.59713124999999,4.62994815813727
2.59746458333333,4.63125024153851
2.59779791666666,4.62669294963416
2.59813124999999,4.62721378299466
2.59846458333333,4.63151065821876
2.59879791666666,4.63489607506199
2.59913124999999,4.63450545004162
2.59946458333333,4.62981794979714
2.59979791666666,4.62747419967491
2.60013124999999,4.62643253295391
2.60046458333333,4.61888044922671
2.60079791666666,4.61862003254646
2.60113124999999,4.6247398245323
2.60146458333333,4.63671899182373
2.60179791666666,4.64283878380957
2.60213124999999,4.63697940850398
2.60246458333333,4.63072940817801
2.60279791666666,4.62565128291317
2.60313124999999,4.62226586606994
2.60346458333333,4.61744815748534
2.60379791666666,4.62135440768907
2.60413124999999,4.63085961651814
2.60446458333333,4.6365887834836
2.60479791666666,4.63528670008236
2.60513124999999,4.63567732510273
2.60546458333333,4.63398461668112
2.60579791666666,4.62669294963416
2.60613124999999,4.62109399100882
2.60646458333333,4.61835961586621
2.60679791666666,4.6204429493082
2.60713124999999,4.62539086623292
2.60746458333333,4.63151065821876
2.60779791666666,4.63802107522497
2.60813124999999,4.63489607506199
2.60846458333333,4.63190128323913
2.60879791666666,4.62890649141627
2.60913124999999,4.62708357465453
2.60946458333333,4.6252606578928
2.60979791666666,4.62278669943044
2.61013124999999,4.62148461602919
2.61046458333333,4.61888044922671
2.61079791666666,4.6166669074446
2.61113124999999,4.62252628275019
2.61146458333333,4.62916690809652
2.61179791666666,4.6322919082595
2.61213124999999,4.62812524137553
2.61246458333333,4.62539086623292
2.61279791666666,4.62278669943044
2.61313124999999,4.62460961619217
2.61346458333333,4.63007836647739
2.61379791666666,4.6322919082595
2.61413124999999,4.63203149157926
2.61446458333332,4.61835961586621
2.61479791666666,4.61484399068286
2.61513124999999,4.61223982388037
2.61546458333333,4.61718774080509
2.61579791666666,4.61770857416559
2.61613124999999,4.61497419902298
2.61646458333332,4.61393253230199
2.61679791666666,4.61809919918596
2.61713124999999,4.62513044955267
2.61746458333333,4.63098982485826
2.61779791666666,4.62760440801503
2.61813124999999,4.62382836615143
2.61846458333332,4.62395857449155
2.61879791666666,4.62278669943044
2.61913124999999,4.61966169926745
2.61946458333332,4.61862003254646
2.61979791666666,4.62721378299466
2.62013124999999,4.63046899149776
2.62046458333332,4.62708357465453
2.62079791666666,4.62447940785205
2.62113124999999,4.62317732445081
2.62146458333332,4.62382836615143
2.62179791666666,4.61796899084584
2.62213124999999,4.61705753246497
2.62246458333332,4.61692732412485
2.62279791666666,4.61731794914522
2.62313124999999,4.6123700322205
2.62346458333332,4.61119815715938
2.62379791666666,4.61679711578472
2.62413124999999,4.62122419934894
2.62446458333332,4.61601586574398
2.62479791666666,4.60937524039764
2.62513124999999,4.60859399035689
2.62546458333332,4.61210961554025
2.62579791666666,4.6161460740841
2.62613124999999,4.6204429493082
2.62646458333332,4.62317732445081
2.62679791666666,4.61888044922671
2.62713124999999,4.61497419902298
2.62746458333332,4.61497419902298
2.62779791666666,4.62083357432857
2.62813124999999,4.62187524104957
2.62846458333332,4.61862003254646
2.62879791666666,4.61744815748534
2.62913124999999,4.61757836582547
2.62946458333332,4.62122419934894
2.62979791666666,4.61640649076435
2.63013124999999,4.61809919918596
2.63046458333332,4.61679711578472
2.63079791666666,4.62070336598845
2.63113124999999,4.6242189911718
2.63146458333332,4.62942732477677
2.63179791666666,4.62929711643665
2.63213124999999,4.62643253295391
2.63246458333332,4.62552107457304
2.63279791666666,4.62226586606994
2.63313124999999,4.6204429493082
2.63346458333332,4.62343774113106
2.63379791666666,4.62760440801503
2.63413124999999,4.63098982485826
2.63446458333332,4.62773461635516
2.63479791666666,4.63268253327988
2.63513124999999,4.63450545004162
2.63546458333332,4.63815128356509
2.63579791666666,4.63945336696634
2.63613124999999,4.64322940882994
2.63646458333332,4.64609399231267
2.63679791666666,4.65065128421702
2.63713124999999,4.65651065952261
2.63746458333332,4.66028670138621
2.63779791666666,4.66119815976708
2.63813124999999,4.66783878511342
2.63846458333332,4.67799503564311
2.63879791666666,4.69348982811789
2.63913124999999,4.69934920342348
2.63946458333332,4.70690128715069
2.63979791666666,4.7123700374359
2.64013124999999,4.72760441323044
2.64046458333332,4.73750024707988
2.64079791666666,4.7467450392287
2.64113124999999,4.75833358149976
2.64146458333332,4.76796899866895
2.64179791666666,4.77773462417827
2.64213124999999,4.78958358312957
2.64246458333332,4.80559920896485
2.64279791666666,4.81901066799765
2.64313124999999,4.82721379342547
2.64346458333332,4.84075546079839
2.64379791666666,4.85807317003491
2.64413124999999,4.87083358736709
2.64446458333332,4.88294296299864
2.64479791666666,4.90143254729628
2.64513124999999,4.9192710898933
2.64546458333332,4.93320338228659
2.64579791666665,4.94231796609529
2.64613124999999,4.95703150852933
2.64646458333332,4.9740888010856
2.64679791666666,4.98554713501653
2.64713124999999,4.99414088546473
2.64746458333332,5.00612005275616
2.64779791666665,5.0154950532451
2.64813124999999,5.0203127618297
2.64846458333332,5.02578151211492
2.64879791666665,5.04283880467119
2.64913124999999,5.05742213876511
2.64946458333332,5.06432318079169
2.64979791666665,5.07226588953927
2.65013124999999,5.08046901496709
2.65046458333332,5.08268255674921
2.65079791666665,5.07877630654548
2.65113124999999,5.08229193172883
2.65146458333332,5.0880210986943
2.65179791666665,5.09322943229927
2.65213124999999,5.09388047399989
2.65246458333332,5.10026068266598
2.65279791666665,5.10026068266598
2.65313124999999,5.10755234971293
2.65346458333332,5.10768255805306
2.65379791666665,5.1041669328697
2.65413124999999,5.0998700576456
2.65446458333332,5.10390651618946
2.65479791666665,5.1132815166784
2.65513124999999,5.11210964161728
2.65546458333332,5.10794297473331
2.65579791666665,5.10677109967219
2.65613124999999,5.10911484979442
2.65646458333332,5.10716172469256
2.65679791666665,5.10703151635244
2.65713124999999,5.10559922461107
2.65746458333332,5.10976589149505
2.65779791666665,5.11367214169877
2.65813124999999,5.11471380841977
2.65846458333332,5.11158880825678
2.65879791666665,5.10351589116908
2.65913124999999,5.09947943262523
2.65946458333332,5.09713568250299
2.65979791666665,5.09674505748262
2.66013124999999,5.09583359910175
2.66046458333332,5.09388047399989
2.66079791666665,5.09596380744188
2.66113124999999,5.09700547416287
2.66146458333332,5.09140651553753
2.66179791666665,5.08528672355169
2.66213124999999,5.07981797326647
2.66246458333332,5.0794273482461
2.66279791666665,5.07734401480411
2.66313124999999,5.07395859796088
2.66346458333332,5.06992213941703
2.66379791666665,5.06445338913181
2.66413124999999,5.0632815140707
2.66446458333332,5.06692734759417
2.66479791666665,5.06484401415219
2.66513124999999,5.05950547220709
2.66546458333332,5.05390651358175
2.66579791666665,5.05286484686076
2.66613124999999,5.05390651358175
2.66646458333332,5.05104193009902
2.66679791666665,5.04960963835765
2.66713124999999,5.0498700550379
2.66746458333332,5.04570338815392
2.66779791666665,5.04427109641256
2.66813124999999,5.03997422118846
2.66846458333332,5.04049505454896
2.66879791666665,5.03528672094399
2.66913124999999,5.03125026240014
2.66946458333332,5.03177109576063
2.66979791666665,5.02669297049579
2.67013124999999,5.02382838701306
2.67046458333332,5.02630234547542
2.67079791666665,5.03020859567914
2.67113124999999,5.02929713729827
2.67146458333332,5.02304713697231
2.67179791666665,5.02161484523094
2.67213124999999,5.0165367199661
2.67246458333332,5.00963567793951
2.67279791666665,5.00911484457902
2.67313124999999,5.01015651130001
2.67346458333332,5.0117190113815
2.67379791666665,5.00546901105554
2.67413124999999,5.00052109413082
2.67446458333332,4.99635442724684
2.67479791666665,4.99778671898821
2.67513124999998,4.99388046878448
2.67546458333332,4.98372421825479
2.67579791666665,4.97773463460908
2.67613124999999,4.97994817639119
2.67646458333332,4.98776067679864
2.67679791666665,4.99153671866225
2.67713124999998,4.99166692700237
2.67746458333332,4.98684921841777
2.67779791666665,4.97617213452759
2.67813124999999,4.97343775938498
2.67846458333332,4.9746096344461
2.67879791666665,4.97630234286771
2.67913124999998,4.97656275954796
2.67946458333332,4.97526067614672
2.67979791666665,4.97578150950721
2.68013124999998,4.97239609266399
2.68046458333332,4.97591171784734
2.68079791666665,4.97617213452759
2.68113124999998,4.96966171752138
2.68146458333332,4.96380234221579
2.68179791666665,4.96158880043367
2.68213124999998,4.96614609233802
2.68246458333332,4.96328150885529
2.68279791666665,4.96250025881454
2.68313124999998,4.95976588367194
2.68346458333332,4.95429713338672
2.68379791666665,4.95000025816262
2.68413124999998,4.95442734172684
2.68446458333332,4.95885442529107
2.68479791666665,4.95442734172684
2.68513124999998,4.94466171621752
2.68546458333332,4.94348984115641
2.68579791666665,4.94895859144162
2.68613124999998,4.94869817476138
2.68646458333332,4.94635442463914
2.68679791666665,4.94375025783666
2.68713124999998,4.93854192423169
2.68746458333332,4.93151067386498
2.68779791666665,4.92526067353901
2.68813124999998,4.92265650673653
2.68846458333332,4.92031275661429
2.68879791666665,4.92395859013777
2.68913124999998,4.93112004884461
2.68946458333332,4.94088567435392
2.68979791666665,4.93945338261256
2.69013124999998,4.93580754908908
2.69046458333332,4.92187525669578
2.69079791666665,4.91510442300933
2.69113124999998,4.91992213159392
2.69146458333332,4.92695338196063
2.69179791666665,4.92825546536187
2.69213124999998,4.91992213159392
2.69246458333332,4.91914088155318
2.69279791666665,4.91888046487293
2.69313124999998,4.91901067321305
2.69346458333332,4.91757838147169
2.69379791666665,4.91640650641057
2.69413124999998,4.91471379798895
2.69446458333332,4.90963567272411
2.69479791666665,4.91250025620684
2.69513124999998,4.92083358997479
2.69546458333332,4.92265650673653
2.69579791666665,4.91263046454696
2.69613124999998,4.90195338065678
2.69646458333332,4.89934921385429
2.69679791666665,4.89987004721479
2.69713124999998,4.89700546373206
2.69746458333332,4.89726588041231
2.69779791666665,4.89947942219442
2.69813124999998,4.89843775547342
2.69846458333332,4.89947942219442
2.69879791666665,4.90182317231665
2.69913124999998,4.90559921418026
2.69946458333332,4.90091171393578
2.69979791666665,4.89283879684808
2.70013124999998,4.88671900486224
2.70046458333332,4.88710962988262
2.70079791666665,4.89218775514746
2.70113124999998,4.89752629709255
2.70146458333332,4.89752629709255
2.70179791666665,4.89257838016783
2.70213124999998,4.88737004656286
2.70246458333332,4.88411483805976
2.70279791666665,4.88007837951591
2.70313124999998,4.87447942089057
2.70346458333332,4.87044296234672
2.70379791666665,4.86627629546274
2.70413124999998,4.8682294205646
2.70446458333332,4.87096379570721
2.70479791666665,4.87513046259119
2.70513124999998,4.87213567076833
2.70546458333332,4.87070337902696
2.70579791666665,4.87500025425106
2.70613124999998,4.87513046259119
2.70646458333331,4.87291692080908
2.70679791666667,4.86523462874175
2.70713125,4.86471379538125
2.70746458333333,4.85950546177628
2.70779791666667,4.86210962857876
2.70813125,4.86263046193926
2.70846458333333,4.86523462874175
2.70879791666667,4.86210962857876
2.70913125,4.86197942023864
2.70946458333333,4.85598983659293
2.70979791666667,4.85325546145032
2.71013125,4.85078150298796
2.71046458333333,4.85052108630771
2.71079791666667,4.84765650282498
2.71113125,4.84960962792684
2.71146458333333,4.84921900290647
2.71179791666667,4.8526044197497
2.71213125,4.85442733651144
2.71246458333333,4.85546900323243
2.71279791666667,4.85455754485156
2.71313125,4.85377629481081
2.71346458333333,4.85911483675591
2.71379791666667,4.86093775351765
2.71413125,4.85481796153181
2.71446458333333,4.84752629448485
2.71479791666667,4.84648462776386
2.71513125,4.84843775286572
2.71546458333333,4.85091171132808
2.71579791666667,4.84765650282498
2.71613125,4.84205754419963
2.71646458333333,4.84283879424038
2.71679791666667,4.84557316938299
2.71713125,4.84414087764162
2.71746458333333,4.84192733585951
2.71779791666667,4.83645858557429
2.71813125,4.83385441877181
2.71846458333333,4.82838566848659
2.71879791666667,4.8268231684051
2.71913125,4.82877629350696
2.71946458333333,4.83098983528907
2.71979791666667,4.8305992102687
2.72013125,4.83359400209156
2.72046458333333,4.83710962727491
2.72079791666667,4.8429690025805
2.72113125,4.84114608581876
2.72146458333333,4.84388046096137
2.72179791666667,4.84375025262125
2.72213125,4.84505233602249
2.72246458333333,4.84375025262125
2.72279791666667,4.84987004460709
2.72313125,4.85572941991268
2.72346458333333,4.8558596282528
2.72379791666667,4.85507837821206
2.72413125,4.85781275335467
2.72446458333333,4.85885442007566
2.72479791666667,4.85911483675591
2.72513125,4.86080754517752
2.72546458333333,4.86718775384361
2.72579791666667,4.86888046226522
2.72613125,4.86145858687814
2.72646458333333,4.85664087829355
2.72679791666667,4.85546900323243
2.72713125,4.85807317003491
2.72746458333333,4.85559921157255
2.72779791666666,4.85950546177628
2.72813125,4.85833358671516
2.72846458333333,4.86093775351765
2.72879791666666,4.85794296169479
2.72913125,4.85924504509603
2.72946458333333,4.86184921189852
2.72979791666666,4.85950546177628
2.73013125,4.86354192032013
2.73046458333333,4.86653671214299
2.73079791666666,4.86666692048311
2.73113125,4.86171900355839
2.73146458333333,4.85729191999417
2.73179791666666,4.85286483642994
2.73213125,4.85039087796758
2.73246458333333,4.85104191966821
2.73279791666666,4.8553387948923
2.73313125,4.85716171165404
2.73346458333333,4.85572941991268
2.73379791666666,4.85325546145032
2.73413125,4.84908879456634
2.73446458333333,4.84440129432187
2.73479791666666,4.84205754419963
2.73513125,4.84414087764162
2.73546458333333,4.84362004428112
2.73579791666666,4.8472658778046
2.73613125,4.85247421140957
2.73646458333333,4.85651066995342
2.73679791666666,4.84570337772311
2.73713125,4.8386721273564
2.73746458333333,4.83658879391442
2.73779791666666,4.84101587747864
2.73813125,4.83880233569653
2.73846458333333,4.83450546047243
2.73879791666666,4.83398462711193
2.73913125,4.83020858524833
2.73946458333333,4.82395858492237
2.73979791666666,4.8230471265415
2.74013125,4.82057316807914
2.74046458333333,4.82135441811988
2.74079791666666,4.82421900160261
2.74113125,4.82565129334398
2.74146458333333,4.8263023350446
2.74179791666666,4.82617212670448
2.74213125,4.83046900192858
2.74246458333333,4.82981796022796
2.74279791666666,4.82721379342547
2.74313125,4.82005233471864
2.74346458333333,4.81328150103218
2.74379791666666,4.80755233406671
2.74413125,4.80820337576733
2.74446458333333,4.81354191771243
2.74479791666666,4.8187502513174
2.74513125,4.81901066799765
2.74546458333333,4.82265650152112
2.74579791666666,4.82291691820137
2.74613125,4.82265650152112
2.74646458333333,4.81510441779392
2.74679791666666,4.81158879261056
2.74713125,4.81380233439268
2.74746458333333,4.81406275107292
2.74779791666666,4.80885441746796
2.74813125,4.80937525082845
2.74846458333333,4.81367212605255
2.74879791666666,4.81640650119516
2.74913125,4.81914087633777
2.74946458333333,4.82460962662299
2.74979791666666,4.82721379342547
2.75013125,4.82760441844584
2.75046458333333,4.82695337674522
2.75079791666666,4.82617212670448
2.75113125,4.81901066799765
2.75146458333333,4.81263045933156
2.75179791666666,4.81002629252907
2.75213125,4.81406275107292
2.75246458333333,4.81197941763094
2.75279791666666,4.81210962597106
2.75313125,4.81132837593032
2.75346458333333,4.81184920929081
2.75379791666666,4.80494816726423
2.75413125,4.79987004199938
2.75446458333333,4.79856795859814
2.75479791666666,4.80130233374075
2.75513125,4.80442733390373
2.75546458333333,4.8091148341482
2.75579791666666,4.81458358443342
2.75613125,4.81276066767168
2.75646458333333,4.80820337576733
2.75679791666666,4.80182316710125
2.75713125,4.79765650021727
2.75746458333333,4.80429712556361
2.75779791666666,4.8096356675087
2.75813124999999,4.81028670920932
2.75846458333333,4.80416691722348
2.75879791666666,4.80039087535988
2.75913124999999,4.80091170872038
2.75946458333333,4.80390650054324
2.75979791666666,4.8101565008692
2.76013124999999,4.8177085845964
2.76046458333333,4.81106795925007
2.76079791666666,4.80403670888336
2.76113124999999,4.80039087535988
2.76146458333333,4.80625025066547
2.76179791666666,4.80625025066547
2.76213124999999,4.80390650054324
2.76246458333333,4.8053387922846
2.76279791666666,4.80846379244758
2.76313124999999,4.81119816759019
2.76346458333333,4.81106795925007
2.76379791666666,4.81367212605255
2.76413124999999,4.81588566783466
2.76446458333333,4.8106773342297
2.76479791666666,4.80898462580808
2.76513124999999,4.81315129269206
2.76546458333333,4.81171900095069
2.76579791666666,4.80937525082845
2.76613124999999,4.80143254208087
2.76646458333333,4.80807316742721
2.76679791666666,4.81705754289578
2.76713124999999,4.82057316807914
2.76746458333333,4.81718775123591
2.76779791666666,4.80690129236609
2.76813124999999,4.79934920863889
2.76846458333333,4.78945337478945
2.76879791666666,4.78710962466721
2.76913124999999,4.79114608321106
2.76946458333333,4.79752629187715
2.76979791666666,4.79700545851665
2.77013124999999,4.79544295843516
2.77046458333333,4.79401066669379
2.77079791666666,4.79179712491168
2.77113124999999,4.78697941632709
2.77146458333333,4.78216170774249
2.77179791666666,4.78658879130671
2.77213124999999,4.78710962466721
2.77246458333333,4.79140649989131
2.77279791666666,4.79023462483019
2.77313124999999,4.79114608321106
2.77346458333333,4.79075545819069
2.77379791666666,4.79231795827218
2.77413124999999,4.79140649989131
2.77446458333333,4.79218774993205
2.77479791666666,4.78893254142895
2.77513124999999,4.78515649956535
2.77546458333333,4.78255233276286
2.77579791666666,4.77994816596038
2.77613124999999,4.78997420814994
2.77646458333333,4.79622420847591
2.77679791666666,4.80065129204013
2.77713124999999,4.79856795859814
2.77746458333333,4.79960962531914
2.77779791666666,4.80325545884261
2.77813124999999,4.80429712556361
2.77846458333333,4.79635441681603
2.77879791666666,4.79088566653081
2.77913124999999,4.79010441649007
2.77946458333333,4.79401066669379
2.77979791666666,4.79192733325181
2.78013124999999,4.78255233276286
2.78046458333333,4.780599207661
2.78079791666666,4.78658879130671
2.78113124999999,4.79270858329255
2.78146458333333,4.78958358312957
2.78179791666666,4.78359399948386
2.78213124999999,4.78372420782398
2.78246458333333,4.78281274944311
2.78279791666666,4.78424504118448
2.78313124999999,4.78242212442274
2.78346458333333,4.78138045770174
2.78379791666666,4.78281274944311
2.78413124999999,4.78085962434125
2.78446458333333,4.77851587421901
2.78479791666666,4.77265649891342
2.78513124999999,4.76992212377081
2.78546458333333,4.77304712393379
2.78579791666666,4.7671877486282
2.78613124999999,4.76627629024733
2.78646458333333,4.76979191543069
2.78679791666666,4.77812524919864
2.78713124999999,4.77604191575665
2.78746458333333,4.76940129041032
2.78779791666666,4.76471379016584
2.78813124999999,4.76692733194795
2.78846458333332,4.77135441551218
2.78879791666666,4.77109399883193
2.78913124999999,4.7677085819887
2.78946458333332,4.76653670692758
2.78979791666666,4.76588566522696
2.79013124999999,4.76835962368932
2.79046458333332,4.76927108207019
2.79079791666666,4.77460962401528
2.79113124999999,4.77083358215168
2.79146458333332,4.76302108174423
2.79179791666666,4.76302108174423
2.79213124999999,4.76588566522696
2.79246458333332,4.76575545688684
2.79279791666666,4.76406274846522
2.79313124999999,4.76731795696833
2.79346458333332,4.77135441551218
2.79379791666666,4.76510441518622
2.79413124999999,4.76250024838373
2.79446458333332,4.76471379016584
2.79479791666666,4.77460962401528
2.79513124999999,4.78164087438199
2.79546458333332,4.77526066571591
2.79579791666666,4.76302108174423
2.79613124999999,4.75794295647938
2.79646458333332,4.76445337348559
2.79679791666666,4.77473983235541
2.79713124999999,4.77643254077702
2.79746458333332,4.77669295745727
2.79779791666666,4.77656274911715
2.79813124999999,4.77565129073628
2.79846458333332,4.77812524919864
2.79879791666666,4.77617212409677
2.79913124999999,4.77526066571591
2.79946458333332,4.7763023324369
2.79979791666666,4.77487004069553
2.80013124999999,4.77330754061404
2.80046458333332,4.76679712360783
2.80079791666666,4.76901066538994
2.80113124999999,4.77135441551218
2.80146458333332,4.76848983202945
2.80179791666666,4.7628908734041
2.80213124999999,4.76197941502323
2.80246458333332,4.76796899866895
2.80279791666666,4.76888045704982
2.80313124999999,4.76445337348559
2.80346458333332,4.7634117067646
2.80379791666666,4.7628908734041
2.80413124999999,4.76484399850597
2.80446458333332,4.76223983170348
2.80479791666666,4.76705754028808
2.80513124999999,4.7628908734041
2.80546458333332,4.75755233145901
2.80579791666666,4.75742212311889
2.80613124999999,4.76080753996212
2.80646458333332,4.75989608158125
2.80679791666666,4.7558596230374
2.80713124999999,4.75859399818
2.80746458333332,4.76067733162199
2.80779791666666,4.76237004004361
2.80813124999999,4.76002628992137
2.80846458333332,4.76145858166274
2.80879791666666,4.75989608158125
2.80913124999999,4.76158879000286
2.80946458333332,4.76158879000286
2.80979791666666,4.76145858166274
2.81013124999999,4.7634117067646
2.81046458333332,4.76705754028808
2.81079791666666,4.76940129041032
2.81113124999999,4.76692733194795
2.81146458333332,4.76223983170348
2.81179791666666,4.75846378983988
2.81213124999999,4.75091170611267
2.81246458333332,4.75026066441205
2.81279791666666,4.75130233113305
2.81313124999999,4.75664087307814
2.81346458333332,4.75729191477876
2.81379791666666,4.75716170643864
2.81413124999999,4.75729191477876
2.81446458333332,4.75468774797628
2.81479791666666,4.74960962271143
2.81513124999999,4.74557316416758
2.81546458333332,4.74778670594969
2.81579791666666,4.7472658725892
2.81613124999999,4.74596378918795
2.81646458333332,4.74518253914721
2.81679791666666,4.7472658725892
2.81713124999999,4.74388045574597
2.81746458333332,4.74440128910646
2.81779791666665,4.75000024773181
2.81813124999999,4.75442733129603
2.81846458333332,4.75143253947317
2.81879791666665,4.74648462254845
2.81913124999999,4.74401066408609
2.81946458333332,4.74023462222249
2.81979791666665,4.73502628861752
2.82013124999999,4.73932316384162
2.82046458333332,4.75143253947317
2.82079791666665,4.75625024805777
2.82113124999999,4.75664087307814
2.82146458333332,4.74830753931019
2.82179791666665,4.74973983105156
2.82213124999999,4.7515627478133
2.82246458333332,4.75351587291516
2.82279791666665,4.75195337283367
2.82313124999999,4.74778670594969
2.82346458333332,4.74700545590895
2.82379791666665,4.74283878902497
2.82413124999999,4.74635441420833
2.82446458333332,4.75000024773181
2.82479791666665,4.75182316449354
2.82513124999999,4.74973983105156
2.82546458333332,4.74648462254845
2.82579791666665,4.74843774765031
2.82613124999999,4.74140649728361
2.82646458333332,4.74114608060336
2.82679791666665,4.74283878902497
2.82713124999999,4.74531274748733
2.82746458333332,4.73997420554224
2.82779791666665,4.73684920537926
2.82813124999999,4.73958358052187
2.82846458333332,4.74335962238547
2.82879791666665,4.74270858068485
2.82913124999999,4.73932316384162
2.82946458333332,4.73932316384162
2.82979791666665,4.73398462189653
2.83013124999999,4.73450545525702
2.83046458333332,4.73723983039963
2.83079791666665,4.73919295550149
2.83113124999999,4.73593774699839
2.83146458333332,4.73671899703913
2.83179791666665,4.74140649728361
2.83213124999999,4.74596378918795
2.83246458333332,4.73997420554224
2.83279791666665,4.73632837201876
2.83313124999999,4.73294295517553
2.83346458333332,4.73320337185578
2.83379791666665,4.73671899703913
2.83413124999999,4.73906274716137
2.83446458333332,4.74049503890274
2.83479791666665,4.73502628861752
2.83513124999999,4.73411483023665
2.83546458333332,4.72864607995143
2.83579791666665,4.72317732966621
2.83613124999999,4.71848982942174
2.83646458333332,4.7220054546051
2.83679791666665,4.72291691298597
2.83713124999999,4.72669295484957
2.83746458333332,4.72721378821007
2.83779791666665,4.73307316351566
2.83813124999999,4.72695337152982
2.83846458333332,4.72447941306746
2.83879791666665,4.72708357986994
2.83913124999999,4.73750024707988
2.83946458333332,4.73906274716137
2.83979791666665,4.74127628894348
2.84013124999999,4.74257837234472
2.84046458333332,4.74088566392311
2.84079791666665,4.73138045509404
2.84113124999999,4.73033878837305
2.84146458333332,4.73593774699839
2.84179791666665,4.74205753898423
2.84213124999999,4.73567733031814
2.84246458333332,4.73723983039963
2.84279791666665,4.73763045542
2.84313124999999,4.74388045574597
2.84346458333332,4.73710962205951
2.84379791666665,4.73125024675392
2.84413124999999,4.72591170480882
2.84446458333332,4.72929712165205
2.84479791666665,4.7343752469169
2.84513124999999,4.73411483023665
2.84546458333332,4.73229191347491
2.84579791666665,4.73398462189653
2.84613124999999,4.73750024707988
2.84646458333332,4.73945337218174
2.84679791666665,4.73554712197802
2.84713124999999,4.73164087177429
2.84746458333332,4.73229191347491
2.84779791666665,4.73138045509404
2.84813124999999,4.73541691363789
2.84846458333332,4.73645858035889
2.84879791666665,4.74609399752808
2.84913124999998,4.74388045574597
2.84946458333332,4.73880233048112
2.84979791666665,4.73515649695764
2.85013124999998,4.73307316351566
2.85046458333332,4.73737003873976
2.85079791666665,4.7429689973651
2.85113124999998,4.75247420619417
2.85146458333332,4.75078149777255
2.85179791666665,4.74492212246696
2.85213124999998,4.74635441420833
2.85246458333332,4.74869816433056
2.85279791666665,4.75572941469727
2.85313124999998,4.75625024805777
2.85346458333332,4.75351587291516
2.85379791666665,4.7462242058682
2.85413124999998,4.74648462254845
2.85446458333332,4.75377628959541
2.85479791666665,4.75598983137752
2.85513124999998,4.7558596230374
2.85546458333332,4.75742212311889
2.85579791666665,4.75729191477876
2.85613124999998,4.75598983137752
2.85646458333332,4.76028670660162
2.85679791666665,4.76601587356709
2.85713124999998,4.76367212344485
2.85746458333332,4.7542971229559
2.85779791666665,4.75013045607193
2.85813124999998,4.75546899801702
2.85846458333332,4.75950545656087
2.85879791666665,4.75403670627566
2.85913124999998,4.75039087275218
2.85946458333332,4.74973983105156
2.85979791666665,4.75221378951392
2.86013124999998,4.75078149777255
2.86046458333332,4.7515627478133
2.86079791666665,4.75455753963615
2.86113124999998,4.74934920603118
2.86146458333332,4.74101587226323
2.86179791666665,4.7424481640046
2.86213124999998,4.74375024740584
2.86246458333332,4.74101587226323
2.86279791666665,4.73802108044038
2.86313124999998,4.73645858035889
2.86346458333332,4.73541691363789
2.86379791666665,4.72500024642795
2.86413124999998,4.72604191314895
2.86446458333332,4.73320337185578
2.86479791666665,4.73750024707988
2.86513124999998,4.73658878869901
2.86546458333332,4.73489608027739
2.86579791666665,4.73476587193727
2.86613124999998,4.73294295517553
2.86646458333332,4.73190128845454
2.86679791666665,4.73320337185578
2.86713124999998,4.73033878837305
2.86746458333332,4.73098983007367
2.86779791666665,4.73346378853603
2.86813124999998,4.73971378886199
2.86846458333332,4.73880233048112
2.86879791666665,4.73919295550149
2.86913124999998,4.74010441388236
2.86946458333332,4.74335962238547
2.86979791666665,4.74062524724286
2.87013124999998,4.73932316384162
2.87046458333332,4.73450545525702
2.87079791666665,4.73307316351566
2.87113124999998,4.73294295517553
2.87146458333332,4.73242212181503
2.87179791666665,4.73085962173354
2.87213124999998,4.72682316318969
2.87246458333332,4.7220054546051
2.87279791666665,4.72057316286373
2.87313124999998,4.71966170448286
2.87346458333332,4.71783878772112
2.87379791666665,4.71705753768038
2.87413124999998,4.71601587095938
2.87446458333332,4.72044295452361
2.87479791666665,4.72487003808783
2.87513124999998,4.7300783716928
2.87546458333332,4.73906274716137
2.87579791666665,4.74049503890274
2.87613124999998,4.73723983039963
2.87646458333332,4.73346378853603
2.87679791666665,4.72981795501255
2.87713124999998,4.72721378821007
2.87746458333333,4.72460962140758
2.87779791666667,4.72877628829156
2.87813125,4.73424503857677
2.87846458333333,4.73619816367864
2.87879791666667,4.72916691331193
2.87913125,4.72695337152982
2.87946458333333,4.72330753800634
2.87979791666667,4.72057316286373
2.88013125,4.71406274585752
2.88046458333333,4.71145857905503
2.88079791666667,4.71640649597975
2.88113125,4.71927107946249
2.88146458333333,4.71822941274149
2.88179791666667,4.72044295452361
2.88213125,4.72109399622423
2.88246458333333,4.7300783716928
2.88279791666667,4.73372420521628
2.88313125,4.73802108044038
2.88346458333333,4.73372420521628
2.88379791666667,4.73072941339342
2.88413125,4.73268253849528
2.88446458333333,4.72981795501255
2.88479791666667,4.72408878804708
2.88513125,4.71523462091864
2.88546458333333,4.71445337087789
2.88579791666667,4.70989607897354
2.88613125,4.71445337087789
2.88646458333333,4.72109399622423
2.88679791666667,4.73164087177429
2.88713125,4.72604191314895
2.88746458333333,4.72395857970696
2.88779791666667,4.72187524626497
2.88813125,4.73033878837305
2.88846458333333,4.7343752469169
2.88879791666667,4.73750024707988
2.88913125,4.7333335801959
2.88946458333333,4.72421899638721
2.88979791666667,4.71523462091864
2.89013125,4.71315128747665
2.89046458333333,4.71731795436062
2.89079791666667,4.72734399655019
2.89113125,4.72760441323044
2.89146458333333,4.72851587161131
2.89179791666667,4.71992212116311
2.89213125,4.7220054546051
2.89246458333333,4.71901066278224
2.89279791666666,4.71445337087789
2.89313125,4.71028670399392
2.89346458333333,4.70989607897354
2.89379791666666,4.71497420423839
2.89413125,4.7123700374359
2.89446458333333,4.71054712067416
2.89479791666666,4.70924503727292
2.89513125,4.70924503727292
2.89546458333333,4.71497420423839
2.89579791666666,4.72213566294522
2.89613125,4.72773462157056
2.89646458333333,4.72005232950323
2.89679791666666,4.71458357921802
2.89713125,4.72057316286373
2.89746458333333,4.72226587128534
2.89779791666666,4.71510441257851
2.89813125,4.7037762869877
2.89846458333333,4.70520857872907
2.89879791666666,4.70898462059267
2.89913125,4.71653670431988
2.89946458333333,4.71875024610199
2.89979791666666,4.71757837104087
2.90013125,4.71393253751739
2.90046458333333,4.71445337087789
2.90079791666666,4.71484399589826
2.90113125,4.71406274585752
2.90146458333333,4.70898462059267
2.90179791666666,4.71679712100013
2.90213125,4.71484399589826
2.90246458333333,4.71432316253777
2.90279791666666,4.70937524561305
2.90313125,4.70872420391243
2.90346458333333,4.7080731622118
2.90379791666666,4.70182316188584
2.90413125,4.7000002451241
2.90446458333333,4.69661482828087
2.90479791666666,4.70026066180435
2.90513125,4.70468774536857
2.90546458333333,4.70416691200808
2.90579791666666,4.70846378723218
2.90613125,4.70872420391243
2.90646458333333,4.70924503727292
2.90679791666666,4.70520857872907
2.90713125,4.70130232852534
2.90746458333333,4.70234399524634
2.90779791666666,4.7005210784846
2.90813125,4.69987003678398
2.90846458333333,4.69518253653951
2.90879791666666,4.6924481613969
2.90913125,4.69427107815864
2.90946458333333,4.70039087014447
2.90979791666666,4.70117212018522
2.91013125,4.69687524496112
2.91046458333333,4.69557316155988
2.91079791666666,4.69492211985926
2.91113125,4.69036482795491
2.91146458333333,4.69088566131541
2.91179791666666,4.69309920309752
2.91213125,4.69544295321975
2.91246458333333,4.69661482828087
2.91279791666666,4.69648461994075
2.91313125,4.69348982811789
2.91346458333333,4.68906274455367
2.91379791666666,4.68945336957404
2.91413125,4.69348982811789
2.91446458333333,4.68971378625429
2.91479791666666,4.6871096194518
2.91513125,4.68750024447218
2.91546458333333,4.69036482795491
2.91579791666666,4.68932316123392
2.91613125,4.68684920277156
2.91646458333333,4.68502628600982
2.91679791666666,4.68606795273081
2.91713125,4.68151066082646
2.91746458333333,4.67682316058199
2.91779791666666,4.67161482697702
2.91813125,4.67513045216037
2.91846458333333,4.68020857742522
2.91879791666666,4.68046899410547
2.91913125,4.68151066082646
2.91946458333333,4.67877628568385
2.91979791666666,4.67773461896286
2.92013125,4.6785158690036
2.92046458333333,4.67981795240485
2.92079791666666,4.67825545232336
2.92113125,4.6752606605005
2.92146458333333,4.67135441029677
2.92179791666666,4.67161482697702
2.92213124999999,4.67161482697702
2.92246458333333,4.67539086884062
2.92279791666666,4.675781493861
2.92313124999999,4.67877628568385
2.92346458333333,4.67994816074497
2.92379791666666,4.67682316058199
2.92413124999999,4.66966170187516
2.92446458333333,4.66835961847391
2.92479791666666,4.66796899345354
2.92513124999999,4.6666669100523
2.92546458333333,4.66132836810721
2.92579791666666,4.66028670138621
2.92613124999999,4.66054711806646
2.92646458333333,4.6585939929646
2.92679791666666,4.66458357661031
2.92713124999999,4.66653670171218
2.92746458333333,4.66796899345354
2.92779791666666,4.66471378495044
2.92813124999999,4.6661460766918
2.92846458333333,4.66197940980783
2.92879791666666,4.65742211790348
2.92913124999999,4.65559920114174
2.92946458333333,4.65598982616211
2.92979791666666,4.65690128454298
2.93013124999999,4.65091170089727
2.93046458333333,4.65130232591764
2.93079791666666,4.65494815944112
2.93113124999999,4.65677107620286
2.93146458333333,4.6628908681887
2.93179791666666,4.66445336827019
2.93213124999999,4.67252628535789
2.93246458333333,4.67252628535789
2.93279791666666,4.66914086851466
2.93313124999999,4.66302107652882
2.93346458333333,4.65703149288311
2.93379791666666,4.65520857612137
2.93413124999999,4.65703149288311
2.93446458333333,4.65703149288311
2.93479791666666,4.65963565968559
2.93513124999999,4.65872420130472
2.93546458333333,4.65299503433926
2.93579791666666,4.6462242006528
2.93613124999999,4.64752628405404
2.93646458333333,4.65065128421702
2.93679791666666,4.6532554510195
2.93713124999999,4.65078149255714
2.93746458333333,4.65195336761826
2.93779791666666,4.65338565935963
2.93813124999999,4.65494815944112
2.93846458333333,4.65716170122323
2.93879791666666,4.65598982616211
2.93913124999999,4.65143253425777
2.93946458333333,4.65416690940037
2.93979791666666,4.66041690972634
2.94013124999999,4.65872420130472
2.94046458333333,4.65143253425777
2.94079791666666,4.64388045053056
2.94113124999999,4.6500002425164
2.94146458333333,4.65247420097876
2.94179791666666,4.65286482599913
2.94213124999999,4.65299503433926
2.94246458333333,4.65625024284236
2.94279791666666,4.65312524267938
2.94313124999999,4.65169295093801
2.94346458333333,4.65130232591764
2.94379791666666,4.65351586769975
2.94413124999999,4.64804711741454
2.94446458333333,4.64726586737379
2.94479791666666,4.65169295093801
2.94513124999999,4.65468774276087
2.94546458333333,4.64830753409478
2.94579791666666,4.64856795077503
2.94613124999999,4.65260440931888
2.94646458333333,4.65546899280162
2.94679791666666,4.65885440964485
2.94713124999999,4.66054711806646
2.94746458333333,4.6618492014677
2.94779791666666,4.65416690940037
2.94813124999999,4.64960961749603
2.94846458333333,4.64921899247565
2.94879791666666,4.64804711741454
2.94913124999999,4.64765649239416
2.94946458333333,4.64987003417627
2.94979791666666,4.64921899247565
2.95013124999999,4.64713565903367
2.95046458333333,4.64882836745528
2.95079791666666,4.65195336761826
2.95113124999999,4.64791690907441
2.95146458333333,4.64205753376882
2.95179791666666,4.64348982551019
2.95213124999999,4.65039086753677
2.95246458333333,4.65585961782199
2.95279791666666,4.65638045118249
2.95313124999999,4.65039086753677
2.95346458333333,4.64375024219044
2.95379791666666,4.64114607538795
2.95413124999999,4.64348982551019
2.95446458333332,4.64869815911516
2.95479791666666,4.64921899247565
2.95513124999999,4.64700545069354
2.95546458333332,4.64322940882994
2.95579791666666,4.63854190858547
2.95613124999999,4.63854190858547
2.95646458333332,4.63632836680335
2.95679791666666,4.63671899182373
2.95713124999999,4.64153670040832
2.95746458333332,4.64335961717006
2.95779791666666,4.64218774210895
2.95813124999999,4.63932315862621
2.95846458333332,4.64427107555093
2.95879791666666,4.64713565903367
2.95913124999999,4.64973982583615
2.95946458333332,4.65260440931888
2.95979791666666,4.65156274259789
2.96013124999999,4.64739607571391
2.96046458333332,4.64375024219044
2.96079791666666,4.64427107555093
2.96113124999999,4.64674503401329
2.96146458333332,4.64492211725155
2.96179791666666,4.64661482567317
2.96213124999999,4.64934920081578
2.96246458333332,4.64960961749603
2.96279791666666,4.6462242006528
2.96313124999999,4.63958357530646
2.96346458333332,4.63971378364658
2.96379791666666,4.64101586704783
2.96413124999999,4.64075545036758
2.96446458333332,4.63919295028609
2.96479791666666,4.64101586704783
2.96513124999999,4.64127628372808
2.96546458333332,4.63828149190522
2.96579791666666,4.63971378364658
2.96613124999999,4.64362003385031
2.96646458333332,4.64362003385031
2.96679791666666,4.64309920048981
2.96713124999999,4.63854190858547
2.96746458333332,4.6408856587077
2.96779791666666,4.63932315862621
2.96813124999999,4.64179711708857
2.96846458333332,4.64466170057131
2.96879791666666,4.64596378397255
2.96913124999999,4.64648461733304
2.96946458333332,4.64635440899292
2.96979791666666,4.65221378429851
2.97013124999999,4.65937524300534
2.97046458333332,4.66171899312758
2.97079791666666,4.65182315927814
2.97113124999999,4.64414086721081
2.97146458333332,4.6419273254287
2.97179791666666,4.6451825339318
2.97213124999999,4.6489585757954
2.97246458333332,4.64804711741454
2.97279791666666,4.64687524235342
2.97313124999999,4.64231795044907
2.97346458333332,4.64322940882994
2.97379791666666,4.65039086753677
2.97413124999999,4.65364607603988
2.97446458333332,4.65612003450224
2.97479791666666,4.65794295126398
2.97513124999999,4.65651065952261
2.97546458333332,4.65612003450224
2.97579791666666,4.64869815911516
2.97613124999999,4.64765649239416
2.97646458333332,4.64882836745528
2.97679791666666,4.65338565935963
2.97713124999999,4.6575523262436
2.97746458333332,4.65351586769975
2.97779791666666,4.65364607603988
2.97813124999999,4.65338565935963
2.97846458333332,4.65833357628435
2.97879791666666,4.66054711806646
2.97913124999999,4.65468774276087
2.97946458333332,4.64934920081578
2.97979791666666,4.64908878413553
2.98013124999999,4.65833357628435
2.98046458333332,4.66640649337205
2.98079791666666,4.66731795175292
2.98113124999999,4.67565128552087
2.98146458333332,4.67864607734373
2.98179791666666,4.67734399394249
2.98213124999999,4.67643253556162
2.98246458333332,4.67981795240485
2.98279791666666,4.68632836941106
2.98313124999999,4.69062524463516
2.98346458333332,4.69375024479814
2.98379791666665,4.69843774504261
2.98413124999999,4.70364607864758
2.98446458333332,4.71614607929951
2.98479791666665,4.7338544135564
2.98513124999999,4.74544295582746
2.98546458333332,4.75312524789479
2.98579791666665,4.76002628992137
2.98613124999999,4.76888045704982
2.98646458333332,4.77942733259988
2.98679791666665,4.79375025001355
2.98713124999999,4.80729191738647
2.98746458333332,4.8187502513174
2.98779791666665,4.8348960854928
2.98813124999999,4.85846379505529
2.98846458333332,4.87994817117578
2.98879791666665,4.8988283804938
2.98913124999999,4.92018254827417
2.98946458333332,4.94153671605454
2.98979791666665,4.96028671703243
2.99013124999999,4.97695338456833
2.99046458333332,4.99192734368262
2.99079791666665,5.00937526125927
2.99113124999999,5.02395859535318
2.99146458333332,5.04466172143293
2.99179791666665,5.06393255577132
2.99213124999999,5.08072943164734
2.99246458333332,5.09518255740113
2.99279791666665,5.10677109967219
2.99313124999999,5.12760443409206
2.99346458333332,5.15104193531442
2.99379791666665,5.16497422770772
2.99413124999999,5.17734402001952
2.99446458333332,5.18359402034548
2.99479791666665,5.19596381265728
2.99513124999999,5.20182318796287
2.99546458333332,5.21588568869629
2.99579791666665,5.22968777274946
2.99613124999999,5.24348985680263
2.99646458333332,5.25208360725082
2.99679791666665,5.25976589931815
2.99713124999999,5.2643231912225
2.99746458333332,5.26614610798424
2.99779791666665,5.27161485826946
2.99813124999999,5.26992214984784
2.99846458333332,5.27447944175219
2.99879791666665,5.27760444191517
2.99913124999999,5.28046902539791
2.99946458333332,5.2739586083917
2.99979791666665,5.27526069179294
3.00013124999999,5.28033881705778
3.00046458333332,5.28997423422698
3.00079791666665,5.28138048377878
3.00113124999999,5.2766929835343
3.00146458333332,5.27109402490896
3.00179791666665,5.26940131648735
3.00213124999999,5.26263048280089
3.00246458333332,5.25182319057058
3.00279791666665,5.24804714870697
3.00313124999999,5.24375027348288
3.00346458333332,5.24244819008163
3.00379791666665,5.24140652336064
3.00413124999999,5.23815131485753
3.00446458333332,5.23125027283095
3.00479791666665,5.22369818910374
3.00513124999999,5.22343777242349
3.00546458333332,5.22226589736238
3.00579791666665,5.2186200638389
3.00613124999999,5.21562527201604
3.00646458333332,5.21171902181231
3.00679791666665,5.20416693808511
3.00713124999999,5.19596381265728
3.00746458333332,5.19531277095666
3.00779791666665,5.20013047954126
3.00813124999999,5.19427110423567
3.00846458333332,5.19309922917455
3.00879791666665,5.18372422868561
3.00913124999999,5.17513047823741
3.00946458333332,5.1638023526466
3.00979791666665,5.16276068592561
3.01013124999999,5.16562526940834
3.01046458333332,5.16562526940834
3.01079791666665,5.15963568576262
3.01113124999999,5.15182318535517
3.01146458333332,5.13945339304337
3.01179791666665,5.12929714251368
3.01213124999999,5.12343776720809
3.01246458333332,5.12421901724883
3.01279791666665,5.11914089198399
3.01313124999999,5.11158880825678
3.01346458333332,5.10598984963144
3.01379791666665,5.09947943262523
3.01413124999998,5.09947943262523
3.01446458333332,5.09505234906101
3.01479791666665,5.09140651553753
3.01513124999998,5.08177109836834
3.01546458333332,5.07643255642324
3.01579791666665,5.07838568152511
3.01613124999998,5.07799505650473
3.01646458333332,5.06809922265529
3.01679791666665,5.06080755560834
3.01713124999998,5.05924505552684
3.01746458333332,5.05494818030275
3.01779791666665,5.04414088807243
3.01813124999998,5.03893255446747
3.01846458333332,5.03567734596436
3.01879791666665,5.03072942903964
3.01913124999998,5.0246096370538
3.01946458333332,5.0208335951902
3.01979791666665,5.02096380353032
3.02013124999998,5.0197919284692
3.02046458333332,5.01796901170747
3.02079791666665,5.01523463656486
3.02113124999998,5.01562526158523
3.02146458333332,5.00625026109629
3.02179791666665,5.00169296919194
3.02213124999998,4.99531276052585
3.02246458333332,4.99179713534249
3.02279791666665,4.98619817671715
3.02313124999998,4.97695338456833
3.02346458333332,4.97760442626895
3.02379791666665,4.97760442626895
3.02413124999998,4.97591171784734
3.02446458333332,4.97487005112635
3.02479791666665,4.96432317557628
3.02513124999998,4.95403671670647
3.02546458333332,4.94622421629902
3.02579791666665,4.94427109119715
3.02613124999998,4.94596379961877
3.02646458333332,4.94440129953728
3.02679791666665,4.93997421597305
3.02713124999998,4.93437525734771
3.02746458333332,4.93242213224585
3.02779791666665,4.93255234058597
3.02813124999998,4.93098984050448
3.02846458333332,4.92369817345752
3.02879791666665,4.91458358964883
3.02913124999998,4.90716171426175
3.02946458333332,4.90755233928212
3.02979791666665,4.91080754778523
3.03013124999998,4.90963567272411
3.03046458333332,4.90364608907839
3.03079791666665,4.90338567239814
3.03113124999998,4.90325546405802
3.03146458333332,4.90117213061603
3.03179791666665,4.89427108858945
3.03213124999998,4.88710962988262
3.03246458333332,4.88020858785603
3.03279791666665,4.87213567076833
3.03313124999998,4.87395858753007
3.03346458333332,4.87617212931218
3.03379791666665,4.8725262957887
3.03413124999998,4.86731796218373
3.03446458333332,4.86171900355839
3.03479791666665,4.86223983691889
3.03513124999998,4.86223983691889
3.03546458333332,4.86145858687814
3.03579791666665,4.86080754517752
3.03613124999998,4.85716171165404
3.03646458333332,4.85807317003491
3.03679791666665,4.8553387948923
3.03713124999998,4.85091171132808
3.03746458333332,4.85000025294721
3.03779791666665,4.85403671149106
3.03813124999998,4.85182316970895
3.03846458333332,4.84804712784535
3.03879791666665,4.84375025262125
3.03913124999998,4.84440129432187
3.03946458333332,4.8391929607169
3.03979791666665,4.83776066897553
3.04013124999998,4.83281275205081
3.04046458333332,4.82968775188783
3.04079791666665,4.82226587650075
3.04113124999998,4.82018254305876
3.04146458333332,4.81549504281429
3.04179791666665,4.81666691787541
3.04213124999998,4.81653670953529
3.04246458333332,4.81562525115442
3.04279791666665,4.8101565008692
3.04313124999998,4.81223983431119
3.04346458333332,4.81289087601181
3.04379791666665,4.81132837593032
3.04413124999998,4.80703150070622
3.04446458333331,4.80898462580808
3.04479791666665,4.80651066734572
3.04513124999998,4.801562750421
3.04546458333331,4.79921900029876
3.04579791666665,4.80130233374075
3.04613124999998,4.80091170872038
3.04646458333331,4.80338566718274
3.04679791666665,4.80455754224386
3.04713124999998,4.80143254208087
3.04746458333331,4.79388045835367
3.04779791666665,4.78997420814994
3.04813125,4.78750024968758
3.04846458333333,4.78802108304808
3.04879791666667,4.79283879163268
3.04913125,4.79557316677528
3.04946458333333,4.79218774993205
3.04979791666667,4.7886721247487
3.05013125,4.79192733325181
3.05046458333333,4.79179712491168
3.05079791666667,4.78541691624559
3.05113125,4.78619816628634
3.05146458333333,4.79062524985056
3.05179791666667,4.79166691657156
3.05213125,4.78828149972833
3.05246458333333,4.7881512913882
3.05279791666667,4.78828149972833
3.05313125,4.78632837462646
3.05346458333333,4.78138045770174
3.05379791666667,4.77473983235541
3.05413125,4.77057316547143
3.05446458333333,4.76093774830224
3.05479791666667,4.76445337348559
3.05513125,4.76614608190721
3.05546458333333,4.77265649891342
3.05579791666667,4.77226587389305
3.05613125,4.76979191543069
3.05646458333333,4.76601587356709
3.05679791666667,4.76458358182572
3.05713125,4.76367212344485
3.05746458333333,4.76562524854671
3.05779791666667,4.7639325401251
3.05813125,4.76562524854671
3.05846458333333,4.76237004004361
3.05879791666667,4.76354191510472
3.05913125,4.75885441486025
3.05946458333333,4.75182316449354
3.05979791666667,4.74895858101081
3.06013125,4.75247420619417
3.06046458333333,4.75507837299665
3.06079791666667,4.75065128943243
3.06113125,4.74596378918795
3.06146458333333,4.74492212246696
3.06179791666667,4.74869816433056
3.06213125,4.75078149777255
3.06246458333333,4.75468774797628
3.06279791666667,4.74947941437131
3.06313125,4.74479191412684
3.06346458333333,4.74947941437131
3.06379791666667,4.75442733129603
3.06413125,4.75377628959541
3.06446458333333,4.74453149744659
3.06479791666667,4.74322941404535
3.06513125,4.74362003906572
3.06546458333333,4.75351587291516
3.06579791666667,4.75755233145901
3.06613125,4.75703149809851
3.06646458333333,4.7591148315405
3.06679791666666,4.76601587356709
3.06713125,4.77395858231466
3.06746458333333,4.77447941567516
3.06779791666666,4.77799504085851
3.06813125,4.78476587454497
3.06846458333333,4.7886721247487
3.06879791666666,4.78750024968758
3.06913125,4.78893254142895
3.06946458333333,4.79114608321106
3.06979791666666,4.79609400013578
3.07013125,4.80377629220311
3.07046458333333,4.81028670920932
3.07079791666666,4.81471379277355
3.07113125,4.82434920994274
3.07146458333333,4.83033879358845
3.07179791666666,4.83268254371069
3.07213125,4.82565129334398
3.07246458333333,4.8263023350446
3.07279791666666,4.82851587682671
3.07313125,4.83268254371069
3.07346458333333,4.83723983561504
3.07379791666666,4.84908879456634
3.07413125,4.85442733651144
3.07446458333333,4.85221379472932
3.07479791666666,4.84661483610398
3.07513125,4.84674504444411
3.07546458333333,4.85104191966821
3.07579791666666,4.8526044197497
3.07613125,4.85781275335467
3.07646458333333,4.86653671214299
3.07679791666666,4.86888046226522
3.07713125,4.86901067060535
3.07746458333333,4.87148462906771
3.07779791666666,4.8768231710128
3.07813125,4.87604192097206
3.07846458333333,4.86809921222448
3.07879791666666,4.86523462874175
3.07913125,4.86171900355839
3.07946458333333,4.85872421173553
3.07979791666666,4.86106796185777
3.08013125,4.86796900388435
3.08046458333333,4.87239608744858
3.08079791666666,4.87408879587019
3.08113125,4.86510442040162
3.08146458333333,4.86367212866026
3.08179791666666,4.86458358704113
3.08213125,4.87539087927144
3.08246458333333,4.87487004591094
3.08279791666666,4.86419296202075
3.08313125,4.86341171198001
3.08346458333333,4.86888046226522
3.08379791666666,4.87291692080908
3.08413125,4.86835962890473
3.08446458333333,4.8649742120615
3.08479791666666,4.86028671181703
3.08513125,4.85325546145032
3.08546458333333,4.85195337804908
3.08579791666666,4.86080754517752
3.08613125,4.86354192032013
3.08646458333333,4.86549504542199
3.08679791666666,4.86237004525901
3.08713125,4.86640650380286
3.08746458333333,4.86315129529976
3.08779791666666,4.86041692015715
3.08813125,4.86432317036088
3.08846458333333,4.87057317068684
3.08879791666666,4.86953150396585
3.08913125,4.86757837886398
3.08946458333333,4.86679712882324
3.08979791666666,4.87617212931218
3.09013125,4.88098983789678
3.09046458333333,4.87968775449554
3.09079791666666,4.87656275433255
3.09113125,4.87526067093131
3.09146458333333,4.87643254599243
3.09179791666666,4.88020858785603
3.09213125,4.88229192129802
3.09246458333333,4.88763046324311
3.09279791666666,4.8934898385487
3.09313125,4.89947942219442
3.09346458333333,4.89987004721479
3.09379791666666,4.90039088057529
3.09413125,4.90130233895616
3.09446458333333,4.89752629709255
3.09479791666666,4.89661483871168
3.09513125,4.90091171393578
3.09546458333333,4.90846379766299
3.09579791666666,4.91783879815193
3.09613125,4.92343775677728
3.09646458333333,4.92773463200138
3.09679791666666,4.92200546503591
3.09713124999999,4.91914088155318
3.09746458333333,4.92317734009703
3.09779791666666,4.92565129855939
3.09813124999999,4.92643254860013
3.09846458333333,4.92265650673653
3.09879791666666,4.91770858981181
3.09913124999999,4.91432317296858
3.09946458333333,4.91302108956734
3.09979791666666,4.91276067288709
3.10013124999999,4.90664088090125
3.10046458333333,4.90677108924137
3.10079791666666,4.90950546438398
3.10113124999999,4.91054713110498
3.10146458333333,4.91184921450622
3.10179791666666,4.90872421434324
3.10213124999999,4.90442733911914
3.10246458333333,4.89635442203144
3.10279791666666,4.89270858850796
3.10313124999999,4.89622421369131
3.10346458333333,4.89570338033082
3.10379791666666,4.89609400535119
3.10413124999999,4.89218775514746
3.10446458333333,4.88723983822274
3.10479791666666,4.88658879652212
3.10513124999999,4.88528671312088
3.10546458333333,4.88125025457703
3.10579791666666,4.87812525441404
3.10613124999999,4.87643254599243
3.10646458333333,4.87929712947516
3.10679791666666,4.87213567076833
3.10713124999999,4.87174504574796
3.10746458333333,4.87213567076833
3.10779791666666,4.87096379570721
3.10813124999999,4.86419296202075
3.10846458333333,4.86289087861951
3.10879791666666,4.86315129529976
3.10913124999999,4.86289087861951
3.10946458333333,4.86302108695963
3.10979791666666,4.86250025359914
3.11013124999999,4.85937525343616
3.11046458333333,4.85911483675591
3.11079791666666,4.86302108695963
3.11113124999999,4.86315129529976
3.11146458333333,4.8569012949738
3.11179791666666,4.85468775319168
3.11213124999999,4.85416691983119
3.11246458333333,4.85286483642994
3.11279791666666,4.84713566946448
3.11313124999999,4.84205754419963
3.11346458333333,4.84062525245827
3.11379791666666,4.83880233569653
3.11413124999999,4.84101587747864
3.11446458333333,4.84127629415889
3.11479791666666,4.83893254403665
3.11513124999999,4.83020858524833
3.11546458333333,4.82278670986125
3.11579791666666,4.82877629350696
3.11613124999999,4.83046900192858
3.11646458333333,4.82604191836435
3.11679791666666,4.81223983431119
3.11713124999999,4.80703150070622
3.11746458333333,4.80416691722348
3.11779791666666,4.79895858361851
3.11813124999999,4.80130233374075
3.11846458333333,4.80364608386299
3.11879791666666,4.80351587552286
3.11913124999999,4.79440129171417
3.11946458333333,4.78880233308882
3.11979791666666,4.7881512913882
3.12013124999999,4.79335962499317
3.12046458333333,4.79218774993205
3.12079791666666,4.7934898333333
3.12113124999999,4.79153670823143
3.12146458333333,4.79609400013578
3.12179791666666,4.79401066669379
3.12213124999999,4.79661483349628
3.12246458333333,4.79414087503392
3.12279791666666,4.79322941665305
3.12313124999999,4.79023462483019
3.12346458333333,4.78697941632709
3.12379791666666,4.78554712458572
3.12413124999999,4.78398462450423
3.12446458333333,4.78502629122522
3.12479791666666,4.78046899932087
3.12513124999999,4.77669295745727
3.12546458333333,4.77513045737578
3.12579791666666,4.77643254077702
3.12613124999999,4.77434920733504
3.12646458333332,4.76862004036957
3.12679791666666,4.76953149875044
3.12713124999999,4.76914087373007
3.12746458333332,4.76979191543069
3.12779791666666,4.77096379049181
3.12813124999999,4.76901066538994
3.12846458333332,4.76692733194795
3.12879791666666,4.76406274846522
3.12913124999999,4.76184920668311
3.12946458333332,4.76080753996212
3.12979791666666,4.759635664901
3.13013124999999,4.75651066473802
3.13046458333332,4.75273462287441
3.13079791666666,4.7472658725892
3.13113124999999,4.74739608092932
3.13146458333332,4.7467450392287
3.13179791666666,4.75039087275218
3.13213124999999,4.75078149777255
3.13246458333332,4.74960962271143
3.13279791666666,4.74843774765031
3.13313124999999,4.74557316416758
3.13346458333332,4.74713566424907
3.13379791666666,4.74830753931019
3.13413124999999,4.74765649760957
3.13446458333332,4.74375024740584
3.13479791666666,4.7343752469169
3.13513124999999,4.73997420554224
3.13546458333332,4.74557316416758
3.13579791666666,4.74987003939168
3.13613124999999,4.74908878935094
3.13646458333332,4.74583358084783
3.13679791666666,4.74088566392311
3.13713124999999,4.73567733031814
3.13746458333332,4.73658878869901
3.13779791666666,4.74205753898423
3.13813124999999,4.73997420554224
3.13846458333332,4.73502628861752
3.13879791666666,4.73112003841379
3.13913124999999,4.73489608027739
3.13946458333332,4.73502628861752
3.13979791666666,4.73841170546075
3.14013124999999,4.7343752469169
3.14046458333332,4.73906274716137
3.14079791666666,4.7462242058682
3.14113124999999,4.7472658725892
3.14146458333332,4.7429689973651
3.14179791666666,4.73671899703913
3.14213124999999,4.73632837201876
3.14246458333332,4.73320337185578
3.14279791666666,4.72591170480882
3.14313124999999,4.72343774634646
3.14346458333332,4.7252606631082
3.14379791666666,4.72382837136684
3.14413124999999,4.72708357986994
3.14446458333332,4.7305992050533
3.14479791666666,4.73372420521628
3.14513124999999,4.73346378853603
3.14546458333332,4.73281274683541
3.14579791666666,4.73151066343416
3.14613124999999,4.72252628796559
3.14646458333332,4.71848982942174
3.14679791666666,4.72018253784336
3.14713124999999,4.72421899638721
3.14746458333332,4.72539087144833
3.14779791666666,4.72487003808783
3.14813124999999,4.72369816302671
3.14846458333332,4.72031274618348
3.14879791666666,4.72031274618348
3.14913124999999,4.72135441290448
3.14946458333332,4.72760441323044
3.14979791666666,4.73268253849528
3.15013124999999,4.73828149712062
3.15046458333332,4.73372420521628
3.15079791666666,4.73294295517553
3.15113124999999,4.73632837201876
3.15146458333332,4.73763045542
3.15179791666666,4.7429689973651
3.15213124999999,4.74140649728361
3.15246458333332,4.74283878902497
3.15279791666666,4.73854191380087
3.15313124999999,4.73828149712062
3.15346458333332,4.73971378886199
3.15379791666666,4.74635441420833
3.15413124999999,4.75273462287441
3.15446458333332,4.75260441453429
3.15479791666666,4.74179712230398
3.15513124999999,4.73294295517553
3.15546458333332,4.72981795501255
3.15579791666666,4.73125024675392
3.15613124999999,4.73242212181503
3.15646458333332,4.73619816367864
3.15679791666665,4.73580753865826
3.15713124999999,4.73541691363789
3.15746458333332,4.74401066408609
3.15779791666665,4.74531274748733
3.15813124999999,4.74036483056261
3.15846458333332,4.73489608027739
3.15879791666665,4.73710962205951
3.15913124999999,4.74309920570522
3.15946458333332,4.74205753898423
3.15979791666665,4.7429689973651
3.16013124999999,4.74257837234472
3.16046458333332,4.7381512887805
3.16079791666665,4.73671899703913
3.16113124999999,4.73802108044038
3.16146458333332,4.73802108044038
3.16179791666665,4.73737003873976
3.16213124999999,4.73697941371938
3.16246458333332,4.74036483056261
3.16279791666665,4.73776066376013
3.16313124999999,4.73593774699839
3.16346458333332,4.73828149712062
3.16379791666665,4.74401066408609
3.16413124999999,4.74309920570522
3.16446458333332,4.73528670529777
3.16479791666665,4.73085962173354
3.16513124999999,4.73085962173354
3.16546458333332,4.73255233015516
3.16579791666665,4.7333335801959
3.16613124999999,4.73372420521628
3.16646458333332,4.73346378853603
3.16679791666665,4.73593774699839
3.16713124999999,4.73541691363789
3.16746458333332,4.73268253849528
3.16779791666665,4.72981795501255
3.16813124999999,4.72890649663168
3.16846458333332,4.73020858003292
3.16879791666665,4.73125024675392
3.16913124999999,4.73684920537926
3.16946458333332,4.74088566392311
3.16979791666665,4.73541691363789
3.17013124999999,4.72981795501255
3.17046458333332,4.73229191347491
3.17079791666665,4.7295575383323
3.17113124999999,4.73112003841379
3.17146458333332,4.72591170480882
3.17179791666665,4.72291691298597
3.17213124999999,4.71640649597975
3.17246458333332,4.71549503759888
3.17279791666665,4.71666691266
3.17313124999999,4.71367212083715
3.17346458333332,4.71354191249702
3.17379791666665,4.71640649597975
3.17413124999999,4.71484399589826
3.17446458333332,4.7128908707964
3.17479791666665,4.71093774569454
3.17513124999999,4.71223982909578
3.17546458333332,4.71067732901429
3.17579791666665,4.71419295419764
3.17613124999999,4.71835962108162
3.17646458333332,4.71705753768038
3.17679791666665,4.71184920407541
3.17713124999999,4.71705753768038
3.17746458333332,4.72122420456435
3.17779791666665,4.71848982942174
3.17813124999999,4.71093774569454
3.17846458333332,4.70742212051118
3.17879791666665,4.70872420391243
3.17913124999999,4.71132837071491
3.17946458333332,4.71080753735441
3.17979791666665,4.71041691233404
3.18013124999999,4.70937524561305
3.18046458333332,4.71106795403466
3.18079791666665,4.71393253751739
3.18113124999999,4.71901066278224
3.18146458333332,4.72356795468659
3.18179791666665,4.72304712132609
3.18213124999999,4.71653670431988
3.18246458333332,4.71510441257851
3.18279791666665,4.71953149614274
3.18313124999999,4.72057316286373
3.18346458333332,4.72057316286373
3.18379791666665,4.72239607962547
3.18413124999999,4.72604191314895
3.18446458333332,4.7252606631082
3.18479791666665,4.72382837136684
3.18513124999999,4.72057316286373
3.18546458333332,4.71367212083715
3.18579791666665,4.7128908707964
3.18613124999999,4.71367212083715
3.18646458333332,4.71744816270075
3.18679791666665,4.71380232917727
3.18713124999998,4.71940128780261
3.18746458333332,4.71744816270075
3.18779791666665,4.71432316253777
3.18813124999998,4.7080731622118
3.18846458333332,4.70677107881056
3.18879791666665,4.71276066245628
3.18913124999998,4.7171877460205
3.18946458333332,4.71809920440137
3.18979791666665,4.71692732934025
3.19013124999998,4.71510441257851
3.19046458333332,4.717708579381
3.19079791666665,4.71028670399392
3.19113124999998,4.70585962042969
3.19146458333332,4.7037762869877
3.19179791666665,4.70273462026671
3.19213124999998,4.69895857840311
3.19246458333332,4.69830753670249
3.19279791666665,4.69752628666174
3.19313124999998,4.69401066147839
3.19346458333332,4.70065128682472
3.19379791666665,4.70664087047044
3.19413124999998,4.70598982876982
3.19446458333332,4.70260441192659
3.19479791666665,4.70026066180435
3.19513124999998,4.70143253686547
3.19546458333332,4.70364607864758
3.19579791666665,4.70937524561305
3.19613124999998,4.71536482925876
3.19646458333332,4.70924503727292
3.19679791666665,4.70677107881056
3.19713124999998,4.70651066213031
3.19746458333332,4.70442732868833
3.19779791666665,4.70716170383093
3.19813124999998,4.70755232885131
3.19846458333332,4.70585962042969
3.19879791666665,4.70065128682472
3.19913124999998,4.6957033699
3.19946458333332,4.69804712002224
3.19979791666665,4.70143253686547
3.20013124999998,4.70299503694696
3.20046458333332,4.7005210784846
3.20079791666665,4.69010441127466
3.20113124999998,4.69322941143764
3.20146458333332,4.7000002451241
3.20179791666665,4.70364607864758
3.20213124999998,4.69830753670249
3.20246458333332,4.69466170317901
3.20279791666665,4.69778670334199
3.20313124999998,4.70247420358646
3.20346458333332,4.69960962010373
3.20379791666665,4.69505232819938
3.20413124999998,4.69414086981851
3.20446458333332,4.69388045313826
3.20479791666665,4.69635441160062
3.20513124999998,4.69583357824013
3.20546458333332,4.69583357824013
3.20579791666665,4.69075545297528
3.20613124999998,4.68789086949255
3.20646458333332,4.69023461961478
3.20679791666665,4.69583357824013
3.20713124999998,4.69205753637652
3.20746458333332,4.69309920309752
3.20779791666665,4.69739607832162
3.20813124999998,4.69895857840311
3.20846458333332,4.69557316155988
3.20879791666665,4.69075545297528
3.20913124999998,4.69596378658025
3.20946458333332,4.70338566196733
3.20979791666665,4.70690128715069
3.21013124999998,4.70182316188584
3.21046458333332,4.69335961977777
3.21079791666665,4.69335961977777
3.21113124999998,4.70117212018522
3.21146458333332,4.70247420358646
3.21179791666665,4.70156274520559
3.21213124999998,4.70221378690621
3.21246458333332,4.70520857872907
3.21279791666665,4.70598982876982
3.21313124999998,4.70156274520559
3.21346458333332,4.70403670366795
3.21379791666665,4.70364607864758
3.21413124999998,4.70690128715069
3.21446458333332,4.70677107881056
3.21479791666665,4.70585962042969
3.21513124999998,4.70494816204882
3.21546458333332,4.7005210784846
3.21579791666665,4.69544295321975
3.21613124999998,4.69114607799565
3.21646458333332,4.69036482795491
3.21679791666665,4.68854191119317
3.21713124999998,4.68971378625429
3.21746458333331,4.6962242032605
3.21779791666665,4.70286482860683
3.21813124999998,4.70351587030746
3.21846458333331,4.70078149516485
3.21879791666667,4.69869816172286
3.21913125,4.69843774504261
3.21946458333333,4.69427107815864
3.21979791666667,4.69309920309752
3.22013125,4.68945336957404
3.22046458333333,4.68997420293454
3.22079791666667,4.69088566131541
3.22113125,4.69765649500187
3.22146458333333,4.70117212018522
3.22179791666667,4.69987003678398
3.22213125,4.69414086981851
3.22246458333333,4.68828149451292
3.22279791666667,4.68867211953329
3.22313125,4.68684920277156
3.22346458333333,4.6876304528123
3.22379791666667,4.68580753605056
3.22413125,4.68697941111168
3.22446458333333,4.68880232787342
3.22479791666667,4.6919273280364
3.22513125,4.69322941143764
3.22546458333333,4.6914064946759
3.22579791666667,4.68880232787342
3.22613125,4.69179711969628
3.22646458333333,4.68971378625429
3.22679791666667,4.68919295289379
3.22713125,4.69036482795491
3.22746458333333,4.69388045313826
3.22779791666667,4.69869816172286
3.22813125,4.7005210784846
3.22846458333333,4.70260441192659
3.22879791666667,4.70338566196733
3.22913125,4.70078149516485
3.22946458333333,4.69947941176361
3.22979791666667,4.69713566164137
3.23013125,4.69401066147839
3.23046458333333,4.69427107815864
3.23079791666667,4.69414086981851
3.23113125,4.69322941143764
3.23146458333333,4.69049503629503
3.23179791666667,4.69088566131541
3.23213125,4.69101586965553
3.23246458333333,4.68502628600982
3.23279791666667,4.67799503564311
3.23313125,4.67708357726224
3.23346458333333,4.68046899410547
3.23379791666667,4.67799503564311
3.23413125,4.67487003548013
3.23446458333333,4.68085961912584
3.23479791666667,4.6876304528123
3.23513125,4.69257836973702
3.23546458333333,4.69114607799565
3.23579791666667,4.69166691135615
3.23613125,4.68867211953329
3.23646458333333,4.68294295256783
3.23679791666667,4.68320336924808
3.23713125,4.68593774439069
3.23746458333333,4.68554711937031
3.23779791666667,4.68151066082646
3.23813125,4.67812524398323
3.23846458333333,4.67708357726224
3.23879791666667,4.67695336892211
3.23913125,4.68294295256783
3.23946458333333,4.69453149483888
3.23979791666666,4.69934920342348
3.24013125,4.69869816172286
3.24046458333333,4.69257836973702
3.24079791666667,4.68398461928882
3.24113125,4.67734399394249
3.24146458333333,4.67994816074497
3.24179791666666,4.68515649434994
3.24213125,4.68619816107093
3.24246458333333,4.68567732771044
3.24279791666667,4.68476586932957
3.24313125,4.68242211920733
3.24346458333333,4.6833335775882
3.24379791666666,4.68723982779193
3.24413125,4.6919273280364
3.24446458333333,4.6871096194518
3.24479791666666,4.68658878609131
3.24513125,4.68541691103019
3.24546458333333,4.68528670269006
3.24579791666666,4.68658878609131
3.24613125,4.69296899475739
3.24646458333333,4.69479191151913
3.24679791666666,4.69453149483888
3.24713125,4.69101586965553
3.24746458333333,4.69453149483888
3.24779791666666,4.69765649500187
3.24813125,4.70078149516485
3.24846458333333,4.70091170350497
3.24879791666666,4.70299503694696
3.24913125,4.7005210784846
3.24946458333333,4.69427107815864
3.24979791666666,4.69257836973702
3.25013125,4.69635441160062
3.25046458333333,4.70520857872907
3.25079791666666,4.70585962042969
3.25113125,4.70989607897354
3.25146458333333,4.70820337055193
3.25179791666666,4.70598982876982
3.25213125,4.70455753702845
3.25246458333333,4.70403670366795
3.25279791666666,4.70182316188584
3.25313125,4.70078149516485
3.25346458333333,4.69882837006298
3.25379791666666,4.69987003678398
3.25413125,4.69544295321975
3.25446458333333,4.69869816172286
3.25479791666666,4.69843774504261
3.25513125,4.6962242032605
3.25546458333333,4.69544295321975
3.25579791666666,4.69661482828087
3.25613125,4.7005210784846
3.25646458333333,4.7000002451241
3.25679791666666,4.70026066180435
3.25713125,4.69856795338274
3.25746458333333,4.69296899475739
3.25779791666666,4.69375024479814
3.25813125,4.6924481613969
3.25846458333333,4.69231795305677
3.25879791666666,4.68737003613205
3.25913125,4.68463566098944
3.25946458333333,4.68606795273081
3.25979791666666,4.68554711937031
3.26013125,4.68893253621354
3.26046458333333,4.6881512861728
3.26079791666666,4.6876304528123
3.26113125,4.68880232787342
3.26146458333333,4.6919273280364
3.26179791666666,4.68880232787342
3.26213125,4.68971378625429
3.26246458333333,4.69062524463516
3.26279791666666,4.69843774504261
3.26313125,4.69752628666174
3.26346458333333,4.6957033699
3.26379791666666,4.69114607799565
3.26413125,4.69388045313826
3.26446458333333,4.69179711969628
3.26479791666666,4.68541691103019
3.26513125,4.67773461896286
3.26546458333333,4.67799503564311
3.26579791666666,4.67825545232336
3.26613125,4.68307316090795
3.26646458333333,4.68567732771044
3.26679791666666,4.68893253621354
3.26713125,4.68098982746596
3.26746458333333,4.67864607734373
3.26779791666666,4.68411482762895
3.26813125,4.68776066115242
3.26846458333333,4.68411482762895
3.26879791666666,4.68645857775118
3.26913125,4.68958357791416
3.26946458333333,4.68919295289379
3.26979791666666,4.6838544109487
3.27013125,4.67968774406472
3.27046458333333,4.68190128584683
3.27079791666666,4.68346378592833
3.27113124999999,4.68776066115242
3.27146458333333,4.68867211953329
3.27179791666666,4.68268253588758
3.27213125,4.6785158690036
3.27246458333333,4.68020857742522
3.27279791666666,4.68203149418696
3.27313124999999,4.68671899443143
3.27346458333333,4.68945336957404
3.27379791666666,4.69257836973702
3.27413124999999,4.69153670301603
3.27446458333333,4.68919295289379
3.27479791666666,4.68450545264932
3.27513124999999,4.68164086916659
3.27546458333333,4.6800783690851
3.27579791666666,4.68177107750671
3.27613124999999,4.67799503564311
3.27646458333333,4.67630232722149
3.27679791666666,4.67317732705851
3.27713124999999,4.67447941045975
3.27746458333333,4.67734399394249
3.27779791666666,4.68411482762895
3.27813124999999,4.68255232754746
3.27846458333333,4.68268253588758
3.27879791666666,4.68346378592833
3.27913124999999,4.68554711937031
3.27946458333333,4.68593774439069
3.27979791666666,4.68437524430919
3.28013124999999,4.68411482762895
3.28046458333333,4.68125024414621
3.28079791666666,4.6795575357246
3.28113124999999,4.6752606605005
3.28146458333333,4.67304711871839
3.28179791666666,4.67721378560236
3.28213124999999,4.67734399394249
3.28246458333333,4.67539086884062
3.28279791666666,4.67317732705851
3.28313124999999,4.67604191054124
3.28346458333333,4.67213566033752
3.28379791666666,4.66731795175292
3.28413124999999,4.67057316025603
3.28446458333333,4.67812524398323
3.28479791666666,4.68216170252708
3.28513124999999,4.68164086916659
3.28546458333333,4.67994816074497
3.28579791666666,4.66914086851466
3.28613124999999,4.66523461831093
3.28646458333333,4.66393253490969
3.28679791666666,4.67018253523565
3.28713124999999,4.67018253523565
3.28746458333333,4.66953149353503
3.28779791666666,4.6709637852764
3.28813124999999,4.66705753507267
3.28846458333333,4.66601586835168
3.28879791666666,4.66210961814795
3.28913124999999,4.66093774308683
3.28946458333333,4.66354190988932
3.28979791666666,4.6671877434128
3.29013124999999,4.67161482697702
3.29046458333333,4.66783878511342
3.29079791666666,4.66250024316832
3.29113124999999,4.66484399329056
3.29146458333333,4.66770857677329
3.29179791666666,4.66679711839242
3.29213124999999,4.66432315993006
3.29246458333333,4.66445336827019
3.29279791666666,4.66367211822944
3.29313124999999,4.6661460766918
3.29346458333333,4.67018253523565
3.29379791666666,4.67356795207888
3.29413124999999,4.67421899377951
3.29446458333333,4.67552107718075
3.29479791666666,4.67630232722149
3.29513124999999,4.66744816009305
3.29546458333333,4.66041690972634
3.29579791666666,4.65716170122323
3.29613124999999,4.6575523262436
3.29646458333333,4.66054711806646
3.29679791666666,4.66809920179367
3.29713124999999,4.67695336892211
3.29746458333333,4.68190128584683
3.29779791666666,4.68515649434994
3.29813124999999,4.68307316090795
3.29846458333333,4.67565128552087
3.29879791666666,4.67187524365727
3.29913124999999,4.67265649369801
3.29946458333333,4.67369816041901
3.29979791666666,4.67408878543938
3.30013124999999,4.67304711871839
3.30046458333332,4.67382836875913
3.30079791666666,4.67304711871839
3.30113124999999,4.67539086884062
3.30146458333333,4.67643253556162
3.30179791666666,4.67721378560236
3.30213124999999,4.67552107718075
3.30246458333332,4.67434920211963
3.30279791666666,4.66940128519491
3.30313124999999,4.66875024349429
3.30346458333333,4.66914086851466
3.30379791666666,4.6714846186369
3.30413124999999,4.66875024349429
3.30446458333332,4.66562524333131
3.30479791666666,4.66354190988932
3.30513124999999,4.66171899312758
3.30546458333332,4.6623700348282
3.30579791666666,4.66380232656957
3.30613124999999,4.66406274324982
3.30646458333332,4.66354190988932
3.30679791666666,4.66367211822944
3.30713124999999,4.66757836843317
3.30746458333332,4.67434920211963
3.30779791666666,4.67460961879988
3.30813124999999,4.67356795207888
3.30846458333332,4.67447941045975
3.30879791666666,4.67773461896286
3.30913124999999,4.67838566066348
3.30946458333332,4.67447941045975
3.30979791666666,4.67669295224187
3.31013124999999,4.67799503564311
3.31046458333332,4.68294295256783
3.31079791666666,4.68424503596907
3.31113124999999,4.68033878576534
3.31146458333332,4.67669295224187
3.31179791666666,4.67877628568385
3.31213124999999,4.68437524430919
3.31246458333332,4.68294295256783
3.31279791666666,4.67929711904435
3.31313124999999,4.67799503564311
3.31346458333332,4.67916691070423
3.31379791666666,4.67591170220112
3.31413124999999,4.67187524365727
3.31446458333332,4.66692732673255
3.31479791666666,4.66627628503193
3.31513124999999,4.67135441029677
3.31546458333332,4.67434920211963
3.31579791666666,4.67369816041901
3.31613124999999,4.67122420195665
3.31646458333332,4.67005232689553
3.31679791666666,4.67187524365727
3.31713124999999,4.67877628568385
3.31746458333332,4.68268253588758
3.31779791666666,4.6800783690851
3.31813124999999,4.67682316058199
3.31846458333332,4.67643253556162
3.31879791666666,4.67304711871839
3.31913124999999,4.67135441029677
3.31946458333332,4.67187524365727
3.31979791666666,4.67500024382025
3.32013124999999,4.67122420195665
3.32046458333332,4.6704429519159
3.32079791666666,4.67239607701777
3.32113124999999,4.67304711871839
3.32146458333332,4.67929711904435
3.32179791666666,4.68268253588758
3.32213124999999,4.68033878576534
3.32246458333332,4.67122420195665
3.32279791666666,4.66809920179367
3.32313124999999,4.6714846186369
3.32346458333332,4.67395857709926
3.32379791666666,4.67200545199739
3.32413124999999,4.66835961847391
3.32446458333332,4.66223982648808
3.32479791666666,4.66328149320907
3.32513124999999,4.66783878511342
3.32546458333332,4.67174503531714
3.32579791666666,4.67487003548013
3.32613124999999,4.67669295224187
3.32646458333332,4.67747420228261
3.32679791666666,4.67408878543938
3.32713124999999,4.67421899377951
3.32746458333332,4.67890649402398
3.32779791666666,4.67786482730298
3.32813124999999,4.67317732705851
3.32846458333332,4.66927107685478
3.32879791666666,4.67421899377951
3.32913124999999,4.67513045216037
3.32946458333332,4.67747420228261
3.32979791666666,4.68112003580609
3.33013124999999,4.68268253588758
3.33046458333332,4.67330753539864
3.33079791666666,4.66354190988932
3.33113124999999,4.66679711839242
3.33146458333332,4.67447941045975
3.33179791666665,4.67513045216037
3.33213124999999,4.67487003548013
3.33246458333332,4.67513045216037
3.33279791666666,4.67278670203814
3.33313124999999,4.67252628535789
3.33346458333332,4.6709637852764
3.33379791666665,4.67057316025603
3.33413124999999,4.66653670171218
3.33446458333332,4.66549503499118
3.33479791666665,4.66796899345354
3.33513124999999,4.6714846186369
3.33546458333332,4.67825545232336
3.33579791666665,4.68216170252708
3.33613124999999,4.6790367023641
3.33646458333332,4.6752606605005
3.33679791666665,4.67487003548013
3.33713124999999,4.67552107718075
3.33746458333332,4.67174503531714
3.33779791666665,4.67434920211963
3.33813124999999,4.6800783690851
3.33846458333332,4.6828127442277
3.33879791666665,4.6833335775882
3.33913124999999,4.68112003580609
3.33946458333332,4.68138045248634
3.33979791666665,4.67877628568385
3.34013124999999,4.67630232722149
3.34046458333332,4.67447941045975
3.34079791666665,4.67695336892211
3.34113124999999,4.67487003548013
3.34146458333332,4.67591170220112
3.34179791666665,4.66796899345354
3.34213124999999,4.66953149353503
3.34246458333332,4.67500024382025
3.34279791666665,4.6800783690851
3.34313124999999,4.67695336892211
3.34346458333332,4.67539086884062
3.34379791666665,4.67552107718075
3.34413124999999,4.67812524398323
3.34446458333332,4.67747420228261
3.34479791666665,4.67708357726224
3.34513124999999,4.67773461896286
3.34546458333332,4.67708357726224
3.34579791666665,4.67929711904435
3.34613124999999,4.67786482730298
3.34646458333332,4.67669295224187
3.34679791666665,4.67682316058199
3.34713124999999,4.68085961912584
3.34746458333332,4.68020857742522
3.34779791666665,4.67291691037826
3.34813124999999,4.66992211855541
3.34846458333332,4.67239607701777
3.34879791666665,4.67447941045975
3.34913124999999,4.67473982714
3.34946458333332,4.67408878543938
3.34979791666665,4.67695336892211
3.35013124999999,4.67604191054124
3.35046458333332,4.67565128552087
3.35079791666665,4.67291691037826
3.35113124999999,4.67226586867764
3.35146458333332,4.67421899377951
3.35179791666665,4.67591170220112
3.35213124999999,4.67591170220112
3.35246458333332,4.67330753539864
3.35279791666665,4.67473982714
3.35313124999999,4.67721378560236
3.35346458333332,4.67213566033752
3.35379791666665,4.66953149353503
3.35413124999999,4.66263045150845
3.35446458333332,4.66562524333131
3.35479791666665,4.66744816009305
3.35513124999999,4.67447941045975
3.35546458333332,4.67760441062273
3.35579791666665,4.675781493861
3.35613124999999,4.67252628535789
3.35646458333332,4.67213566033752
3.35679791666665,4.67317732705851
3.35713124999999,4.67330753539864
3.35746458333332,4.67057316025603
3.35779791666665,4.675781493861
3.35813124999999,4.67773461896286
3.35846458333332,4.67161482697702
3.35879791666665,4.66757836843317
3.35913124999999,4.66471378495044
3.35946458333332,4.66770857677329
3.35979791666665,4.67200545199739
3.36013124999999,4.67734399394249
3.36046458333332,4.68177107750671
3.36079791666665,4.67864607734373
3.36113124999998,4.67877628568385
3.36146458333332,4.67122420195665
3.36179791666665,4.66822941013379
3.36213124999999,4.66562524333131
3.36246458333332,4.66497420163068
3.36279791666665,4.65976586802572
3.36313124999998,4.6623700348282
3.36346458333332,4.6704429519159
3.36379791666665,4.67604191054124
3.36413124999999,4.67591170220112
3.36446458333332,4.67226586867764
3.36479791666665,4.6709637852764
3.36513124999998,4.66888045183441
3.36546458333332,4.67291691037826
3.36579791666665,4.67643253556162
3.36613124999998,4.68151066082646
3.36646458333332,4.68033878576534
3.36679791666665,4.67942732738447
3.36713124999998,4.67356795207888
3.36746458333332,4.67643253556162
3.36779791666665,4.67708357726224
3.36813124999998,4.6785158690036
3.36846458333332,4.67786482730298
3.36879791666665,4.68190128584683
3.36913124999998,4.67981795240485
3.36946458333332,4.67981795240485
3.36979791666665,4.67487003548013
3.37013124999998,4.67747420228261
3.37046458333332,4.67604191054124
3.37079791666665,4.67734399394249
3.37113124999998,4.67760441062273
3.37146458333332,4.67591170220112
3.37179791666665,4.67187524365727
3.37213124999998,4.66588566001155
3.37246458333332,4.66705753507267
3.37279791666665,4.66914086851466
3.37313124999998,4.6709637852764
3.37346458333332,4.66888045183441
3.37379791666665,4.67057316025603
3.37413124999998,4.67591170220112
3.37446458333332,4.67395857709926
3.37479791666665,4.67369816041901
3.37513124999998,4.67005232689553
3.37546458333332,4.66549503499118
3.37579791666665,4.65989607636584
3.37613124999998,4.66302107652882
3.37646458333332,4.66966170187516
3.37679791666665,4.67083357693628
3.37713124999998,4.66575545167143
3.37746458333332,4.66979191021528
3.37779791666665,4.67539086884062
3.37813124999998,4.67513045216037
3.37846458333332,4.67109399361652
3.37879791666665,4.66744816009305
3.37913124999998,4.66510440997081
3.37946458333332,4.66458357661031
3.37979791666665,4.66640649337205
3.38013124999998,4.66940128519491
3.38046458333332,4.67213566033752
3.38079791666665,4.67669295224187
3.38113124999998,4.68203149418696
3.38146458333332,4.68541691103019
3.38179791666665,4.68554711937031
3.38213124999998,4.68776066115242
3.38246458333332,4.68528670269006
3.38279791666665,4.68268253588758
3.38313124999998,4.68098982746596
3.38346458333332,4.68020857742522
3.38379791666665,4.67929711904435
3.38413124999998,4.6790367023641
3.38446458333332,4.67565128552087
3.38479791666665,4.67122420195665
3.38513124999998,4.66783878511342
3.38546458333332,4.66888045183441
3.38579791666665,4.67630232722149
3.38613124999998,4.67565128552087
3.38646458333332,4.67395857709926
3.38679791666665,4.66966170187516
3.38713124999998,4.67343774373876
3.38746458333332,4.67356795207888
3.38779791666665,4.67213566033752
3.38813124999998,4.67122420195665
3.38846458333332,4.67552107718075
3.38879791666665,4.67760441062273
3.38913124999998,4.68020857742522
3.38946458333333,4.68164086916659
3.38979791666667,4.68098982746596
3.39013125,4.6785158690036
3.39046458333333,4.68033878576534
3.39079791666667,4.67916691070423
3.39113125,4.67434920211963
3.39146458333333,4.67057316025603
3.39179791666667,4.67070336859615
3.39213125,4.67135441029677
3.39246458333333,4.6714846186369
3.39279791666667,4.67460961879988
3.39313125,4.67604191054124
3.39346458333333,4.67265649369801
3.39379791666667,4.67460961879988
3.39413125,4.68020857742522
3.39446458333333,4.6838544109487
3.39479791666667,4.68307316090795
3.39513125,4.67838566066348
3.39546458333333,4.67343774373876
3.39579791666667,4.67135441029677
3.39613125,4.6752606605005
3.39646458333333,4.67825545232336
3.39679791666667,4.67382836875913
3.39713125,4.67513045216037
3.39746458333333,4.67708357726224
3.39779791666667,4.68098982746596
3.39813125,4.67890649402398
3.39846458333333,4.67565128552087
3.39879791666667,4.67213566033752
3.39913125,4.66953149353503
3.39946458333333,4.6671877434128
3.39979791666667,4.6661460766918
3.40013125,4.66497420163068
3.40046458333333,4.66966170187516
3.40079791666667,4.6671877434128
3.40113125,4.67070336859615
3.40146458333333,4.67786482730298
3.40179791666667,4.68112003580609
3.40213125,4.67552107718075
3.40246458333333,4.67057316025603
3.40279791666667,4.67200545199739
3.40313125,4.66966170187516
3.40346458333333,4.66770857677329
3.40379791666667,4.66679711839242
3.40413125,4.66822941013379
3.40446458333333,4.66822941013379
3.40479791666667,4.66914086851466
3.40513125,4.66497420163068
3.40546458333333,4.66354190988932
3.40579791666667,4.66549503499118
3.40613125,4.67226586867764
3.40646458333333,4.6704429519159
3.40679791666667,4.67382836875913
3.40713125,4.675781493861
3.40746458333333,4.67747420228261
3.40779791666667,4.67591170220112
3.40813125,4.67968774406472
3.40846458333333,4.68059920244559
3.40879791666667,4.67460961879988
3.40913125,4.66822941013379
3.40946458333333,4.66028670138621
3.40979791666667,4.65559920114174
3.41013125,4.66041690972634
3.41046458333333,4.66705753507267
3.41079791666667,4.67174503531714
3.41113125,4.66744816009305
3.41146458333333,4.67109399361652
3.41179791666667,4.67161482697702
3.41213125,4.67083357693628
3.41246458333333,4.66953149353503
3.41279791666666,4.67187524365727
3.41313125,4.67057316025603
3.41346458333333,4.66783878511342
3.41379791666666,4.66549503499118
3.41413125,4.66406274324982
3.41446458333333,4.66523461831093
3.41479791666666,4.66731795175292
3.41513125,4.67005232689553
3.41546458333333,4.66796899345354
3.41579791666666,4.66471378495044
3.41613125,4.66562524333131
3.41646458333333,4.66471378495044
3.41679791666666,4.66484399329056
3.41713125,4.67122420195665
3.41746458333333,4.67760441062273
3.41779791666666,4.68046899410547
3.41813125,4.67708357726224
3.41846458333333,4.67317732705851
3.41879791666666,4.67161482697702
3.41913125,4.67122420195665
3.41946458333333,4.67291691037826
3.41979791666666,4.6795575357246
3.42013125,4.68138045248634
3.42046458333333,4.68294295256783
3.42079791666666,4.68020857742522
3.42113125,4.67669295224187
3.42146458333333,4.68072941078572
3.42179791666666,4.68450545264932
3.42213125,4.68606795273081
3.42246458333333,4.68606795273081
3.42279791666666,4.68893253621354
3.42313125,4.69583357824013
3.42346458333333,4.69309920309752
3.42379791666666,4.69049503629503
3.42413125,4.68723982779193
3.42446458333333,4.68554711937031
3.42479791666666,4.68684920277156
3.42513125,4.68958357791416
3.42546458333333,4.6919273280364
3.42579791666666,4.6924481613969
3.42613125,4.69713566164137
3.42646458333333,4.7037762869877
3.42679791666666,4.70286482860683
3.42713125,4.70390649532783
3.42746458333333,4.70364607864758
3.42779791666666,4.74283878902497
3.42813125,4.8187502513174
3.42846458333333,4.8569012949738
3.42879791666666,4.8354169188533
3.42913125,4.77213566555292
3.42946458333333,4.74205753898423
3.42979791666666,4.72773462157056
3.43013125,4.71796899606125
3.43046458333333,4.71497420423839
3.43079791666666,4.71562524593901
3.43113125,4.71158878739516
3.43146458333333,4.70924503727292
3.43179791666666,4.70989607897354
3.43213125,4.71263045411615
3.43246458333333,4.71210962075566
3.43279791666666,4.7134117041569
3.43313125,4.71067732901429
3.43346458333333,4.71666691266
3.43379791666666,4.71927107946249
3.43413125,4.72161482958472
3.43446458333333,4.72135441290448
3.43479791666666,4.72617212148907
3.43513125,4.72851587161131
3.43546458333333,4.72395857970696
3.43579791666666,4.71914087112236
3.43613125,4.71940128780261
3.43646458333333,4.72109399622423
3.43679791666666,4.72239607962547
3.43713125,4.72291691298597
3.43746458333333,4.72513045476808
3.43779791666666,4.7252606631082
3.43813125,4.72786482991069
3.43846458333333,4.72395857970696
3.43879791666666,4.72304712132609
3.43913125,4.72369816302671
3.43946458333333,4.7305992050533
3.43979791666666,4.73528670529777
3.44013125,4.7343752469169
3.44046458333333,4.7343752469169
3.44079791666666,4.73476587193727
3.44113125,4.7305992050533
3.44146458333333,4.7290367049718
3.44179791666666,4.72395857970696
3.44213125,4.72447941306746
3.44246458333333,4.72057316286373
3.44279791666666,4.71901066278224
3.44313124999999,4.72317732966621
3.44346458333333,4.7252606631082
3.44379791666666,4.7220054546051
3.44413124999999,4.71419295419764
3.44446458333333,4.71393253751739
3.44479791666666,4.72044295452361
3.44513124999999,4.72174503792485
3.44546458333333,4.72421899638721
3.44579791666666,4.72721378821007
3.44613124999999,4.72500024642795
3.44646458333333,4.72161482958472
3.44679791666666,4.72018253784336
3.44713124999999,4.72187524626497
3.44746458333333,4.72226587128534
3.44779791666666,4.72408878804708
3.44813124999999,4.72734399655019
3.44846458333333,4.7252606631082
3.44879791666666,4.72317732966621
3.44913124999999,4.71940128780261
3.44946458333333,4.71992212116311
3.44979791666666,4.72018253784336
3.45013124999999,4.72760441323044
3.45046458333333,4.72656274650944
3.45079791666666,4.72434920472733
3.45113124999999,4.72317732966621
3.45146458333333,4.72226587128534
3.45179791666666,4.72044295452361
3.45213124999999,4.71601587095938
3.45246458333333,4.71848982942174
3.45279791666666,4.71796899606125
3.45313124999999,4.71875024610199
3.45346458333333,4.71992212116311
3.45379791666666,4.71966170448286
3.45413124999999,4.71875024610199
3.45446458333333,4.71562524593901
3.45479791666666,4.71575545427913
3.45513124999999,4.71809920440137
3.45546458333333,4.71848982942174
3.45579791666666,4.7171877460205
3.45613124999999,4.71653670431988
3.45646458333333,4.7171877460205
3.45679791666666,4.72070337120385
3.45713124999999,4.72460962140758
3.45746458333333,4.72617212148907
3.45779791666666,4.72434920472733
3.45813124999999,4.72031274618348
3.45846458333333,4.71796899606125
3.45879791666666,4.7209637878841
3.45913124999999,4.71679712100013
3.45946458333333,4.7085939955723
3.45979791666666,4.7037762869877
3.46013124999999,4.70690128715069
3.46046458333333,4.71132837071491
3.46079791666666,4.70950545395317
3.46113124999999,4.71223982909578
3.46146458333333,4.71354191249702
3.46179791666666,4.71210962075566
3.46213124999999,4.70612003710994
3.46246458333333,4.70455753702845
3.46279791666666,4.70598982876982
3.46313124999999,4.70598982876982
3.46346458333333,4.70950545395317
3.46379791666666,4.71380232917727
3.46413124999999,4.71705753768038
3.46446458333333,4.71679712100013
3.46479791666666,4.71210962075566
3.46513124999999,4.7080731622118
3.46546458333333,4.70794295387168
3.46579791666666,4.70937524561305
3.46613124999999,4.70755232885131
3.46646458333333,4.70794295387168
3.46679791666666,4.71093774569454
3.46713124999999,4.71484399589826
3.46746458333333,4.71419295419764
3.46779791666666,4.71458357921802
3.46813124999999,4.70898462059267
3.46846458333333,4.70963566229329
3.46879791666666,4.70781274553156
3.46913124999999,4.71171899573528
3.46946458333333,4.71380232917727
3.46979791666666,4.71432316253777
3.47013124999999,4.71653670431988
3.47046458333333,4.71640649597975
3.47079791666666,4.71640649597975
3.47113124999999,4.72122420456435
3.47146458333333,4.72057316286373
3.47179791666666,4.71796899606125
3.47213124999999,4.71015649565379
3.47246458333333,4.70520857872907
3.47279791666666,4.70690128715069
3.47313124999999,4.7128908707964
3.47346458333332,4.71432316253777
3.47379791666666,4.70937524561305
3.47413124999999,4.7053387870692
3.47446458333332,4.70299503694696
3.47479791666666,4.70247420358646
3.47513124999999,4.69869816172286
3.47546458333332,4.70585962042969
3.47579791666666,4.71158878739516
3.47613124999999,4.71419295419764
3.47646458333332,4.70937524561305
3.47679791666666,4.71302107913652
3.47713124999999,4.71914087112236
3.47746458333332,4.71744816270075
3.47779791666666,4.71158878739516
3.47813124999999,4.70612003710994
3.47846458333332,4.70598982876982
3.47879791666666,4.69921899508336
3.47913124999999,4.69648461994075
3.47946458333332,4.696745036621
3.47979791666666,4.70494816204882
3.48013124999999,4.71263045411615
3.48046458333332,4.71914087112236
3.48079791666666,4.71432316253777
3.48113124999999,4.70781274553156
3.48146458333332,4.70195337022597
3.48179791666666,4.70494816204882
3.48213124999999,4.70507837038895
3.48246458333332,4.70846378723218
3.48279791666666,4.71041691233404
3.48313124999999,4.7085939955723
3.48346458333332,4.70364607864758
3.48379791666666,4.69869816172286
3.48413124999999,4.69817732836236
3.48446458333332,4.70156274520559
3.48479791666666,4.70156274520559
3.48513124999999,4.70273462026671
3.48546458333332,4.70221378690621
3.48579791666666,4.7010419118451
3.48613124999999,4.69609399492038
3.48646458333332,4.68671899443143
3.48679791666666,4.6828127442277
3.48713124999999,4.68320336924808
3.48746458333332,4.68958357791416
3.48779791666666,4.69492211985926
3.48813124999999,4.70065128682472
3.48846458333332,4.7000002451241
3.48879791666666,4.70026066180435
3.48913124999999,4.69960962010373
3.48946458333332,4.70260441192659
3.48979791666666,4.7005210784846
3.49013124999999,4.69505232819938
3.49046458333332,4.69127628633578
3.49079791666666,4.6924481613969
3.49113124999999,4.69362003645801
3.49146458333332,4.69036482795491
3.49179791666666,4.68750024447218
3.49213124999999,4.68515649434994
3.49246458333332,4.68450545264932
3.49279791666666,4.68684920277156
3.49313124999999,4.69283878641727
3.49346458333332,4.69830753670249
3.49379791666666,4.69817732836236
3.49413124999999,4.69739607832162
3.49446458333332,4.69414086981851
3.49479791666666,4.69075545297528
3.49513124999999,4.69322941143764
3.49546458333332,4.69427107815864
3.49579791666666,4.69492211985926
3.49613124999999,4.69348982811789
3.49646458333332,4.69804712002224
3.49679791666666,4.69908878674323
3.49713124999999,4.69817732836236
3.49746458333332,4.70338566196733
3.49779791666666,4.70143253686547
3.49813124999999,4.69557316155988
3.49846458333332,4.68697941111168
3.49879791666666,4.68776066115242
3.49913124999999,4.69466170317901
3.49946458333332,4.69531274487963
3.49979791666666,4.69440128649876
3.50013124999999,4.69049503629503
3.50046458333332,4.68697941111168
3.50079791666666,4.6881512861728
3.50113124999999,4.69635441160062
3.50146458333332,4.7005210784846
3.50179791666666,4.70221378690621
3.50213124999999,4.69947941176361
3.50246458333332,4.70247420358646
3.50279791666666,4.70716170383093
3.50313124999999,4.70755232885131
3.50346458333332,4.70390649532783
3.50379791666665,4.69960962010373
3.50413124999999,4.69713566164137
3.50446458333332,4.69648461994075
3.50479791666665,4.70091170350497
3.50513124999999,4.69869816172286
3.50546458333332,4.69518253653951
3.50579791666665,4.69440128649876
3.50613124999999,4.69713566164137
3.50646458333332,4.69908878674323
3.50679791666665,4.69713566164137
3.50713124999999,4.69648461994075
3.50746458333332,4.69492211985926
3.50779791666665,4.69414086981851
3.50813124999999,4.69635441160062
3.50846458333332,4.69934920342348
3.50879791666665,4.69869816172286
3.50913124999999,4.69648461994075
3.50946458333332,4.69817732836236
3.50979791666665,4.69544295321975
3.51013124999999,4.69440128649876
3.51046458333332,4.69466170317901
3.51079791666665,4.70403670366795
3.51113124999999,4.71041691233404
3.51146458333332,4.71132837071491
3.51179791666665,4.7053387870692
3.51213124999999,4.70494816204882
3.51246458333332,4.70169295354572
3.51279791666665,4.70403670366795
3.51313124999999,4.70612003710994
3.51346458333332,4.71106795403466
3.51379791666665,4.70976587063342
3.51413124999999,4.70690128715069
3.51446458333332,4.70677107881056
3.51479791666665,4.70742212051118
3.51513124999999,4.70768253719143
3.51546458333332,4.71380232917727
3.51579791666665,4.71692732934025
3.51613124999999,4.71367212083715
3.51646458333332,4.71002628731367
3.51679791666665,4.70989607897354
3.51713124999999,4.71015649565379
3.51746458333332,4.70690128715069
3.51779791666665,4.70677107881056
3.51813124999999,4.70364607864758
3.51846458333332,4.7042971203482
3.51879791666665,4.70781274553156
3.51913124999999,4.71132837071491
3.51946458333332,4.70833357889205
3.51979791666665,4.70937524561305
3.52013124999999,4.71263045411615
3.52046458333332,4.71119816237479
3.52079791666665,4.70455753702845
3.52113124999999,4.70286482860683
3.52146458333332,4.70156274520559
3.52179791666665,4.70065128682472
3.52213124999999,4.70546899540932
3.52246458333332,4.71367212083715
3.52279791666665,4.71210962075566
3.52313124999999,4.70885441225255
3.52346458333332,4.70638045379019
3.52379791666665,4.70598982876982
3.52413124999999,4.70651066213031
3.52446458333332,4.71067732901429
3.52479791666665,4.7128908707964
3.52513124999999,4.71093774569454
3.52546458333332,4.70247420358646
3.52579791666665,4.69987003678398
3.52613124999999,4.696745036621
3.52646458333332,4.696745036621
3.52679791666665,4.69218774471665
3.52713124999999,4.69401066147839
3.52746458333332,4.70403670366795
3.52779791666665,4.71210962075566
3.52813124999999,4.70664087047044
3.52846458333332,4.70065128682472
3.52879791666665,4.69856795338274
3.52913124999999,4.69869816172286
3.52946458333332,4.69960962010373
3.52979791666665,4.70364607864758
3.53013124999999,4.71093774569454
3.53046458333332,4.71184920407541
3.53079791666665,4.71406274585752
3.53113124999999,4.71328149581677
3.53146458333332,4.71575545427913
3.53179791666665,4.71445337087789
3.53213124999999,4.71666691266
3.53246458333332,4.71601587095938
3.53279791666665,4.71575545427913
3.53313124999999,4.71380232917727
3.53346458333332,4.7123700374359
3.53379791666665,4.70364607864758
3.53413124999998,4.69947941176361
3.53446458333332,4.69596378658025
3.53479791666665,4.69596378658025
3.53513124999998,4.7000002451241
3.53546458333332,4.70416691200808
3.53579791666665,4.70885441225255
3.53613124999998,4.70677107881056
3.53646458333332,4.70546899540932
3.53679791666665,4.70612003710994
3.53713124999998,4.70833357889205
3.53746458333332,4.70820337055193
3.53779791666665,4.71119816237479
3.53813124999998,4.70794295387168
3.53846458333332,4.7042971203482
3.53879791666665,4.70221378690621
3.53913124999998,4.70286482860683
3.53946458333332,4.70416691200808
3.53979791666665,4.70846378723218
3.54013124999998,4.71406274585752
3.54046458333332,4.71666691266
3.54079791666665,4.7085939955723
3.54113124999998,4.70065128682472
3.54146458333332,4.69973982844385
3.54179791666665,4.70520857872907
3.54213124999998,4.70950545395317
3.54246458333332,4.70950545395317
3.54279791666665,4.70755232885131
3.54313124999998,4.70898462059267
3.54346458333332,4.71093774569454
3.54379791666665,4.71171899573528
3.54413124999998,4.71223982909578
3.54446458333332,4.71015649565379
3.54479791666665,4.70820337055193
3.54513124999998,4.7085939955723
3.54546458333332,4.70625024545006
3.54579791666665,4.70130232852534
3.54613124999998,4.69973982844385
3.54646458333332,4.70130232852534
3.54679791666665,4.70416691200808
3.54713124999998,4.7037762869877
3.54746458333332,4.7080731622118
3.54779791666665,4.70924503727292
3.54813124999998,4.7053387870692
3.54846458333332,4.70572941208957
3.54879791666665,4.70390649532783
3.54913124999998,4.70312524528708
3.54946458333332,4.69843774504261
3.54979791666665,4.70039087014447
3.55013124999998,4.70117212018522
3.55046458333332,4.70039087014447
3.55079791666665,4.7010419118451
3.55113124999998,4.70195337022597
3.55146458333332,4.70195337022597
3.55179791666665,4.70690128715069
3.55213124999998,4.70755232885131
3.55246458333332,4.71067732901429
3.55279791666665,4.71028670399392
3.55313124999998,4.70898462059267
3.55346458333332,4.70325545362721
3.55379791666665,4.70065128682472
3.55413124999998,4.70182316188584
3.55446458333332,4.70455753702845
3.55479791666665,4.70820337055193
3.55513124999998,4.71041691233404
3.55546458333332,4.71041691233404
3.55579791666665,4.71171899573528
3.55613124999998,4.71510441257851
3.55646458333332,4.70937524561305
3.55679791666665,4.70130232852534
3.55713124999998,4.69505232819938
3.55746458333332,4.69322941143764
3.55779791666665,4.6919273280364
3.55813124999998,4.69127628633578
3.55846458333332,4.69557316155988
3.55879791666665,4.69635441160062
3.55913124999998,4.69921899508336
3.55946458333332,4.70390649532783
3.55979791666665,4.70325545362721
3.56013125,4.70546899540932
3.56046458333333,4.70716170383093
3.56079791666667,4.70755232885131
3.56113125,4.70455753702845
3.56146458333333,4.70260441192659
3.56179791666667,4.70234399524634
3.56213125,4.69804712002224
3.56246458333333,4.69726586998149
3.56279791666667,4.69661482828087
3.56313125,4.7010419118451
3.56346458333333,4.69843774504261
3.56379791666667,4.70507837038895
3.56413125,4.70585962042969
3.56446458333333,4.70234399524634
3.56479791666667,4.69882837006298
3.56513125,4.69583357824013
3.56546458333333,4.69414086981851
3.56579791666667,4.69479191151913
3.56613125,4.69531274487963
3.56646458333333,4.69895857840311
3.56679791666667,4.69557316155988
3.56713125,4.69596378658025
3.56746458333333,4.69765649500187
3.56779791666667,4.69843774504261
3.56813125,4.69348982811789
3.56846458333333,4.69362003645801
3.56879791666667,4.69062524463516
3.56913125,4.69322941143764
3.56946458333333,4.6957033699
3.56979791666667,4.7005210784846
3.57013125,4.70234399524634
3.57046458333333,4.70195337022597
3.57079791666667,4.70039087014447
3.57113125,4.69843774504261
3.57146458333333,4.69934920342348
3.57179791666667,4.69843774504261
3.57213125,4.70169295354572
3.57246458333333,4.70351587030746
3.57279791666667,4.70559920374944
3.57313125,4.70091170350497
3.57346458333333,4.69791691168211
3.57379791666667,4.69557316155988
3.57413125,4.69635441160062
3.57446458333333,4.69713566164137
3.57479791666667,4.7010419118451
3.57513125,4.70572941208957
3.57546458333333,4.70638045379019
3.57579791666667,4.70416691200808
3.57613125,4.7053387870692
3.57646458333333,4.70312524528708
3.57679791666667,4.70703149549081
3.57713125,4.70781274553156
3.57746458333333,4.71106795403466
3.57779791666667,4.70651066213031
3.57813125,4.70520857872907
3.57846458333333,4.70117212018522
3.57879791666666,4.70403670366795
3.57913125,4.7053387870692
3.57946458333333,4.70416691200808
3.57979791666666,4.7037762869877
3.58013125,4.70416691200808
3.58046458333333,4.70273462026671
3.58079791666666,4.70234399524634
3.58113125,4.70065128682472
3.58146458333333,4.70169295354572
3.58179791666666,4.70559920374944
3.58213125,4.71054712067416
3.58246458333333,4.71666691266
3.58279791666666,4.70794295387168
3.58313125,4.69635441160062
3.58346458333333,4.69348982811789
3.58379791666666,4.69804712002224
3.58413125,4.69856795338274
3.58446458333333,4.6962242032605
3.58479791666666,4.6957033699
3.58513125,4.69882837006298
3.58546458333333,4.69987003678398
3.58579791666666,4.70299503694696
3.58613125,4.70195337022597
3.58646458333333,4.70716170383093
3.58679791666666,4.70963566229329
3.58713125,4.71184920407541
3.58746458333333,4.7085939955723
3.58779791666666,4.70338566196733
3.58813125,4.69739607832162
3.58846458333333,4.69401066147839
3.58879791666666,4.69479191151913
3.58913125,4.69947941176361
3.58946458333333,4.70312524528708
3.58979791666666,4.70950545395317
3.59013125,4.71445337087789
3.59046458333333,4.71302107913652
3.59079791666666,4.71145857905503
3.59113125,4.71132837071491
3.59146458333333,4.71106795403466
3.59179791666666,4.70898462059267
3.59213125,4.70651066213031
3.59246458333333,4.71054712067416
3.59279791666666,4.71106795403466
3.59313125,4.71432316253777
3.59346458333333,4.71627628763963
3.59379791666666,4.71223982909578
3.59413125,4.71575545427913
3.59446458333333,4.71731795436062
3.59479791666666,4.72135441290448
3.59513125,4.717708579381
3.59546458333333,4.71614607929951
3.59579791666666,4.7128908707964
3.59613125,4.71679712100013
3.59646458333333,4.71875024610199
3.59679791666666,4.72252628796559
3.59713125,4.72005232950323
3.59746458333333,4.71966170448286
3.59779791666666,4.72057316286373
3.59813125,4.72408878804708
3.59846458333333,4.72382837136684
3.59879791666666,4.72304712132609
3.59913125,4.71940128780261
3.59946458333333,4.71653670431988
3.59979791666666,4.71627628763963
3.60013125,4.71992212116311
3.60046458333333,4.72291691298597
3.60079791666666,4.72565128812857
3.60113125,4.72382837136684
3.60146458333333,4.71992212116311
3.60179791666666,4.71809920440137
3.60213125,4.72304712132609
3.60246458333333,4.73072941339342
3.60279791666666,4.73242212181503
3.60313125,4.7257814964687
3.60346458333333,4.72369816302671
3.60379791666666,4.7263023298292
3.60413125,4.72942732999218
3.60446458333333,4.73098983007367
3.60479791666666,4.72916691331193
3.60513125,4.73085962173354
3.60546458333333,4.73203149679466
3.60579791666666,4.73268253849528
3.60613125,4.73033878837305
3.60646458333333,4.72773462157056
3.60679791666666,4.73203149679466
3.60713125,4.73098983007367
3.60746458333333,4.7305992050533
3.60779791666666,4.72929712165205
3.60813125,4.7290367049718
3.60846458333333,4.72500024642795
3.60879791666666,4.72239607962547
3.60913124999999,4.72083357954398
3.60946458333333,4.72070337120385
3.60979791666666,4.72317732966621
3.61013124999999,4.72656274650944
3.61046458333333,4.72760441323044
3.61079791666666,4.72773462157056
3.61113124999999,4.73164087177429
3.61146458333333,4.73489608027739
3.61179791666666,4.72981795501255
3.61213124999999,4.72916691331193
3.61246458333333,4.72877628829156
3.61279791666666,4.72825545493106
3.61313124999999,4.7300783716928
3.61346458333333,4.72734399655019
3.61379791666666,4.72799503825081
3.61413124999999,4.73046899671317
3.61446458333333,4.73541691363789
3.61479791666666,4.73294295517553
3.61513124999999,4.72604191314895
3.61546458333333,4.72682316318969
3.61579791666666,4.7257814964687
3.61613124999999,4.72799503825081
3.61646458333333,4.73098983007367
3.61679791666666,4.73020858003292
3.61713124999999,4.72070337120385
3.61746458333333,4.7123700374359
3.61779791666666,4.71132837071491
3.61813124999999,4.71302107913652
3.61846458333333,4.71328149581677
3.61879791666666,4.71601587095938
3.61913124999999,4.71223982909578
3.61946458333333,4.71080753735441
3.61979791666666,4.71223982909578
3.62013124999999,4.72083357954398
3.62046458333333,4.71692732934025
3.62079791666666,4.71393253751739
3.62113124999999,4.7085939955723
3.62146458333333,4.70729191217106
3.62179791666666,4.71210962075566
3.62213124999999,4.71588566261926
3.62246458333333,4.7263023298292
3.62279791666666,4.72890649663168
3.62313124999999,4.72669295484957
3.62346458333333,4.7220054546051
3.62379791666666,4.71692732934025
3.62413124999999,4.71523462091864
3.62446458333333,4.70976587063342
3.62479791666666,4.71054712067416
3.62513124999999,4.71315128747665
3.62546458333333,4.71354191249702
3.62579791666666,4.70937524561305
3.62613124999999,4.70950545395317
3.62646458333333,4.71184920407541
3.62679791666666,4.71171899573528
3.62713124999999,4.70716170383093
3.62746458333333,4.70455753702845
3.62779791666666,4.70442732868833
3.62813124999999,4.71067732901429
3.62846458333333,4.71614607929951
3.62879791666666,4.71562524593901
3.62913124999999,4.71484399589826
3.62946458333333,4.71888045444211
3.62979791666666,4.72161482958472
3.63013124999999,4.72213566294522
3.63046458333333,4.72083357954398
3.63079791666666,4.71666691266
3.63113124999999,4.71666691266
3.63146458333333,4.70937524561305
3.63179791666666,4.71432316253777
3.63213124999999,4.71419295419764
3.63246458333333,4.71822941274149
3.63279791666666,4.71445337087789
3.63313124999999,4.71549503759888
3.63346458333333,4.71419295419764
3.63379791666666,4.71901066278224
3.63413124999999,4.71940128780261
3.63446458333333,4.71992212116311
3.63479791666666,4.71458357921802
3.63513124999999,4.71562524593901
3.63546458333333,4.72057316286373
3.63579791666666,4.72135441290448
3.63613124999999,4.71627628763963
3.63646458333333,4.71640649597975
3.63679791666666,4.71809920440137
3.63713124999999,4.71692732934025
3.63746458333333,4.71901066278224
3.63779791666666,4.72460962140758
3.63813124999999,4.72434920472733
3.63846458333333,4.71562524593901
3.63879791666666,4.70976587063342
3.63913124999999,4.7080731622118
3.63946458333332,4.70455753702845
3.63979791666666,4.70976587063342
3.64013124999999,4.71809920440137
3.64046458333332,4.72343774634646
3.64079791666666,4.72669295484957
3.64113124999999,4.72981795501255
3.64146458333332,4.73046899671317
3.64179791666666,4.7263023298292
3.64213124999999,4.7263023298292
3.64246458333332,4.73020858003292
3.64279791666666,4.73203149679466
3.64313124999999,4.73593774699839
3.64346458333332,4.73893253882125
3.64379791666666,4.73854191380087
3.64413124999999,4.73372420521628
3.64446458333332,4.72786482991069
3.64479791666666,4.73033878837305
3.64513124999999,4.72864607995143
3.64546458333332,4.73255233015516
3.64579791666666,4.73476587193727
3.64613124999999,4.73476587193727
3.64646458333332,4.73450545525702
3.64679791666666,4.73307316351566
3.64713124999999,4.73463566359715
3.64746458333332,4.73424503857677
3.64779791666666,4.73515649695764
3.64813124999999,4.73112003841379
3.64846458333332,4.72981795501255
3.64879791666666,4.73424503857677
3.64913124999999,4.74140649728361
3.64946458333332,4.74466170578671
3.64979791666666,4.74765649760957
3.65013124999999,4.75351587291516
3.65046458333332,4.75677108141826
3.65079791666666,4.75312524789479
3.65113124999999,4.75000024773181
3.65146458333332,4.74778670594969
3.65179791666666,4.74752628926944
3.65213124999999,4.74869816433056
3.65246458333332,4.75390649793553
3.65279791666666,4.7558596230374
3.65313124999999,4.75546899801702
3.65346458333332,4.75442733129603
3.65379791666666,4.74934920603118
3.65413124999999,4.74661483088858
3.65446458333332,4.74987003939168
3.65479791666666,4.75612003971764
3.65513124999999,4.75794295647938
3.65546458333332,4.75833358149976
3.65579791666666,4.75416691461578
3.65613124999999,4.75338566457504
3.65646458333332,4.7510419144528
3.65679791666666,4.74908878935094
3.65713124999999,4.74973983105156
3.65746458333332,4.74908878935094
3.65779791666666,4.74778670594969
3.65813124999999,4.7472658725892
3.65846458333332,4.74401066408609
3.65879791666666,4.74205753898423
3.65913124999999,4.73554712197802
3.65946458333332,4.73216170513479
3.65979791666666,4.73151066343416
3.66013124999999,4.73294295517553
3.66046458333332,4.73593774699839
3.66079791666666,4.73737003873976
3.66113124999999,4.7419273306441
3.66146458333332,4.74218774732435
3.66179791666666,4.74283878902497
3.66213124999999,4.74062524724286
3.66246458333332,4.74257837234472
3.66279791666666,4.74453149744659
3.66313124999999,4.74713566424907
3.66346458333332,4.7462242058682
3.66379791666666,4.74218774732435
3.66413124999999,4.73750024707988
3.66446458333332,4.73567733031814
3.66479791666666,4.73372420521628
3.66513124999999,4.73242212181503
3.66546458333332,4.72838566327118
3.66579791666666,4.7290367049718
3.66613124999999,4.7300783716928
3.66646458333332,4.73346378853603
3.66679791666666,4.73411483023665
3.66713124999999,4.72773462157056
3.66746458333332,4.72421899638721
3.66779791666666,4.72473982974771
3.66813124999999,4.72760441323044
3.66846458333332,4.73151066343416
3.66879791666665,4.73085962173354
3.66913124999999,4.73476587193727
3.66946458333332,4.7290367049718
3.66979791666665,4.72916691331193
3.67013124999999,4.73346378853603
3.67046458333332,4.73906274716137
3.67079791666665,4.738672122141
3.67113124999999,4.73411483023665
3.67146458333332,4.72864607995143
3.67179791666665,4.72408878804708
3.67213124999999,4.72018253784336
3.67246458333332,4.72304712132609
3.67279791666665,4.72695337152982
3.67313124999999,4.72356795468659
3.67346458333332,4.72226587128534
3.67379791666665,4.72786482991069
3.67413124999999,4.72981795501255
3.67446458333332,4.73098983007367
3.67479791666665,4.72890649663168
3.67513124999999,4.73216170513479
3.67546458333332,4.73294295517553
3.67579791666665,4.73190128845454
3.67613124999999,4.72851587161131
3.67646458333332,4.72747420489031
3.67679791666665,4.72708357986994
3.67713124999999,4.72838566327118
3.67746458333332,4.72669295484957
3.67779791666665,4.72942732999218
3.67813124999999,4.73398462189653
3.67846458333332,4.73554712197802
3.67879791666665,4.73398462189653
3.67913124999999,4.72825545493106
3.67946458333332,4.73372420521628
3.67979791666665,4.73229191347491
3.68013124999999,4.73502628861752
3.68046458333332,4.73294295517553
3.68079791666665,4.73359399687615
3.68113124999999,4.73151066343416
3.68146458333332,4.72604191314895
3.68179791666665,4.72356795468659
3.68213124999999,4.71862003776187
3.68246458333332,4.71940128780261
3.68279791666665,4.72838566327118
3.68313124999999,4.73320337185578
3.68346458333332,4.7295575383323
3.68379791666665,4.72500024642795
3.68413124999999,4.72942732999218
3.68446458333332,4.73398462189653
3.68479791666665,4.73671899703913
3.68513124999999,4.738672122141
3.68546458333332,4.74036483056261
3.68579791666665,4.73919295550149
3.68613124999999,4.73723983039963
3.68646458333332,4.74153670562373
3.68679791666665,4.74036483056261
3.68713124999999,4.74440128910646
3.68746458333332,4.74401066408609
3.68779791666665,4.7419273306441
3.68813124999999,4.73880233048112
3.68846458333332,4.73710962205951
3.68879791666665,4.73658878869901
3.68913124999999,4.73658878869901
3.68946458333332,4.74075545558299
3.68979791666665,4.74869816433056
3.69013124999999,4.75169295615342
3.69046458333332,4.74427108076634
3.69079791666665,4.74348983072559
3.69113124999999,4.74153670562373
3.69146458333332,4.74283878902497
3.69179791666665,4.74270858068485
3.69213124999999,4.74817733097007
3.69246458333332,4.75546899801702
3.69279791666665,4.7542971229559
3.69313124999999,4.75065128943243
3.69346458333332,4.74179712230398
3.69379791666665,4.73984399720212
3.69413124999999,4.74101587226323
3.69446458333332,4.74648462254845
3.69479791666665,4.75000024773181
3.69513124999999,4.75182316449354
3.69546458333332,4.75416691461578
3.69579791666665,4.75312524789479
3.69613124999999,4.75768253979913
3.69646458333332,4.76080753996212
3.69679791666665,4.76744816530845
3.69713124999999,4.76783879032882
3.69746458333332,4.76940129041032
3.69779791666665,4.76302108174423
3.69813124999999,4.76458358182572
3.69846458333332,4.76549504020659
3.69879791666665,4.76614608190721
3.69913124999998,4.76080753996212
3.69946458333332,4.76041691494174
3.69979791666665,4.76080753996212
3.70013124999998,4.75885441486025
3.70046458333332,4.75651066473802
3.70079791666665,4.76210962336336
3.70113124999998,4.77343774895417
3.70146458333332,4.78255233276286
3.70179791666665,4.78281274944311
3.70213124999998,4.77565129073628
3.70246458333332,4.77122420717205
3.70279791666665,4.77109399883193
3.70313124999998,4.76848983202945
3.70346458333332,4.76419295680535
3.70379791666665,4.76679712360783
3.70413124999998,4.76966170709056
3.70446458333332,4.77487004069553
3.70479791666665,4.77226587389305
3.70513124999998,4.7757814990764
3.70546458333332,4.77513045737578
3.70579791666665,4.77460962401528
3.70613124999998,4.77304712393379
3.70646458333332,4.77460962401528
3.70679791666665,4.77356795729429
3.70713124999998,4.7720054572128
3.70746458333332,4.77174504053255
3.70779791666665,4.77382837397454
3.70813124999998,4.77669295745727
3.70846458333332,4.77500024903566
3.70879791666665,4.77057316547143
3.70913124999998,4.76862004036957
3.70946458333332,4.76966170709056
3.70979791666665,4.77395858231466
3.71013124999998,4.76992212377081
3.71046458333332,4.76640649858746
3.71079791666665,4.76901066538994
3.71113124999998,4.77278670725354
3.71146458333332,4.77382837397454
3.71179791666665,4.77473983235541
3.71213124999998,4.77343774895417
3.71246458333332,4.76953149875044
3.71279791666665,4.76666691526771
3.71313124999998,4.7671877486282
3.71346458333332,4.76640649858746
3.71379791666665,4.76875024870969
3.71413124999998,4.77434920733504
3.71446458333332,4.77382837397454
3.71479791666665,4.76757837364858
3.71513124999998,4.76367212344485
3.71546458333332,4.76914087373007
3.71579791666665,4.77890649923938
3.71613124999998,4.77721379081777
3.71646458333332,4.77174504053255
3.71679791666665,4.76835962368932
3.71713124999998,4.76692733194795
3.71746458333332,4.77057316547143
3.71779791666665,4.76614608190721
3.71813124999998,4.76588566522696
3.71846458333332,4.76627629024733
3.71879791666665,4.76796899866895
3.71913124999998,4.76549504020659
3.71946458333332,4.76197941502323
3.71979791666665,4.75937524822075
3.72013124999998,4.75937524822075
3.72046458333332,4.76080753996212
3.72079791666665,4.76041691494174
3.72113124999998,4.75716170643864
3.72146458333332,4.75325545623491
3.72179791666665,4.75000024773181
3.72213124999998,4.75377628959541
3.72246458333332,4.75130233113305
3.72279791666665,4.76028670660162
3.72313124999998,4.78046899932087
3.72346458333332,4.79023462483019
3.72379791666665,4.78242212442274
3.72413124999998,4.76367212344485
3.72446458333332,4.75872420652013
3.72479791666665,4.75950545656087
3.72513124999998,4.76106795664236
3.72546458333332,4.7634117067646
3.72579791666665,4.76119816498249
3.72613124999998,4.75546899801702
3.72646458333332,4.74908878935094
3.72679791666665,4.75065128943243
3.72713124999998,4.75403670627566
3.72746458333332,4.75833358149976
3.72779791666665,4.7558596230374
3.72813124999998,4.75507837299665
3.72846458333332,4.75143253947317
3.72879791666665,4.75169295615342
3.72913124999998,4.75742212311889
3.72946458333331,4.76263045672386
3.72979791666665,4.7628908734041
3.73013124999998,4.75364608125528
3.73046458333331,4.7505210810923
3.73079791666667,4.74765649760957
3.73113125,4.74804712262994
3.73146458333333,4.74921899769106
3.73179791666667,4.75325545623491
3.73213125,4.7558596230374
3.73246458333333,4.75442733129603
3.73279791666667,4.75520858133677
3.73313125,4.75794295647938
3.73346458333333,4.75286483121454
3.73379791666667,4.74609399752808
3.73413125,4.74062524724286
3.73446458333333,4.73880233048112
3.73479791666667,4.74114608060336
3.73513125,4.74466170578671
3.73546458333333,4.74557316416758
3.73579791666667,4.74414087242621
3.73613125,4.74075545558299
3.73646458333333,4.74088566392311
3.73679791666667,4.73593774699839
3.73713125,4.73789087210025
3.73746458333333,4.74505233080708
3.73779791666667,4.74804712262994
3.73813125,4.74388045574597
3.73846458333333,4.73893253882125
3.73879791666667,4.73776066376013
3.73913125,4.74270858068485
3.73946458333333,4.74036483056261
3.73979791666667,4.73841170546075
3.74013125,4.73802108044038
3.74046458333333,4.73880233048112
3.74079791666667,4.74348983072559
3.74113125,4.74283878902497
3.74146458333333,4.74492212246696
3.74179791666667,4.74401066408609
3.74213125,4.74140649728361
3.74246458333333,4.74023462222249
3.74279791666667,4.73893253882125
3.74313125,4.73658878869901
3.74346458333333,4.73489608027739
3.74379791666667,4.73411483023665
3.74413125,4.7333335801959
3.74446458333333,4.73177108011441
3.74479791666667,4.72994816335267
3.74513125,4.73684920537926
3.74546458333333,4.74205753898423
3.74579791666667,4.74023462222249
3.74613125,4.73789087210025
3.74646458333333,4.73632837201876
3.74679791666667,4.74153670562373
3.74713125,4.73880233048112
3.74746458333333,4.74114608060336
3.74779791666667,4.74140649728361
3.74813125,4.73893253882125
3.74846458333333,4.73255233015516
3.74879791666667,4.7295575383323
3.74913125,4.7300783716928
3.74946458333333,4.73697941371938
3.74979791666667,4.74375024740584
3.75013125,4.74505233080708
3.75046458333333,4.74166691396385
3.75079791666667,4.74270858068485
3.75113125,4.74440128910646
3.75146458333333,4.74713566424907
3.75179791666666,4.75169295615342
3.75213125,4.75234399785404
3.75246458333333,4.75039087275218
3.75279791666666,4.74739608092932
3.75313125,4.74453149744659
3.75346458333333,4.74466170578671
3.75379791666666,4.74362003906572
3.75413125,4.74908878935094
3.75446458333333,4.74921899769106
3.75479791666666,4.74791691428982
3.75513125,4.75078149777255
3.75546458333333,4.7553387896769
3.75579791666666,4.7515627478133
3.75613125,4.7419273306441
3.75646458333333,4.73476587193727
3.75679791666666,4.73580753865826
3.75713125,4.7419273306441
3.75746458333333,4.74960962271143
3.75779791666666,4.75559920635715
3.75813125,4.75807316481951
3.75846458333333,4.76158879000286
3.75879791666666,4.76067733162199
3.75913125,4.75872420652013
3.75946458333333,4.75690128975839
3.75979791666666,4.75690128975839
3.76013125,4.75416691461578
3.76046458333333,4.74921899769106
3.76079791666666,4.74921899769106
3.76113125,4.74987003939168
3.76146458333333,4.75182316449354
3.76179791666666,4.75455753963615
3.76213125,4.76302108174423
3.76246458333333,4.76210962336336
3.76279791666666,4.76536483186646
3.76313125,4.76106795664236
3.76346458333333,4.75638045639789
3.76379791666666,4.7505210810923
3.76413125,4.74882837267069
3.76446458333333,4.74973983105156
3.76479791666666,4.74557316416758
3.76513125,4.75195337283367
3.76546458333333,4.76015649826149
3.76579791666666,4.76250024838373
3.76613125,4.75937524822075
3.76646458333333,4.75312524789479
3.76679791666666,4.74479191412684
3.76713125,4.73893253882125
3.76746458333333,4.73606795533851
3.76779791666666,4.73763045542
3.76813125,4.74023462222249
3.76846458333333,4.73945337218174
3.76879791666666,4.74101587226323
3.76913125,4.73723983039963
3.76946458333333,4.74036483056261
3.76979791666666,4.74179712230398
3.77013125,4.74466170578671
3.77046458333333,4.75013045607193
3.77079791666666,4.7515627478133
3.77113125,4.74947941437131
3.77146458333333,4.74583358084783
3.77179791666666,4.75234399785404
3.77213125,4.75234399785404
3.77246458333333,4.75026066441205
3.77279791666666,4.74570337250771
3.77313125,4.74531274748733
3.77346458333333,4.74700545590895
3.77379791666666,4.75169295615342
3.77413125,4.75403670627566
3.77446458333333,4.7553387896769
3.77479791666666,4.74934920603118
3.77513125,4.74453149744659
3.77546458333333,4.73906274716137
3.77579791666666,4.74075545558299
3.77613125,4.74479191412684
3.77646458333333,4.74335962238547
3.77679791666666,4.73880233048112
3.77713125,4.73502628861752
3.77746458333333,4.73463566359715
3.77779791666666,4.73958358052187
3.77813125,4.74648462254845
3.77846458333333,4.74635441420833
3.77879791666666,4.73958358052187
3.77913125,4.73398462189653
3.77946458333333,4.73658878869901
3.77979791666666,4.73658878869901
3.78013125,4.73828149712062
3.78046458333333,4.73541691363789
3.78079791666666,4.73346378853603
3.78113125,4.72994816335267
3.78146458333333,4.72773462157056
3.78179791666666,4.72421899638721
3.78213124999999,4.72395857970696
3.78246458333333,4.72539087144833
3.78279791666666,4.73151066343416
3.78313124999999,4.72395857970696
3.78346458333333,4.7209637878841
3.78379791666666,4.71666691266
3.78413124999999,4.7263023298292
3.78446458333333,4.7343752469169
3.78479791666666,4.73763045542
3.78513124999999,4.73802108044038
3.78546458333333,4.73828149712062
3.78579791666666,4.73789087210025
3.78613124999999,4.73880233048112
3.78646458333333,4.73203149679466
3.78679791666666,4.72434920472733
3.78713124999999,4.71875024610199
3.78746458333333,4.72213566294522
3.78779791666666,4.72721378821007
3.78813124999999,4.72656274650944
3.78846458333333,4.72747420489031
3.78879791666666,4.72695337152982
3.78913124999999,4.72890649663168
3.78946458333333,4.73216170513479
3.78979791666666,4.73619816367864
3.79013124999999,4.73294295517553
3.79046458333333,4.73072941339342
3.79079791666666,4.72942732999218
3.79113124999999,4.73203149679466
3.79146458333333,4.73294295517553
3.79179791666666,4.73203149679466
3.79213124999999,4.72682316318969
3.79246458333333,4.72643253816932
3.79279791666666,4.73020858003292
3.79313124999999,4.73476587193727
3.79346458333333,4.72994816335267
3.79379791666666,4.72330753800634
3.79413124999999,4.72382837136684
3.79446458333333,4.72421899638721
3.79479791666666,4.7252606631082
3.79513124999999,4.72552107978845
3.79546458333333,4.72747420489031
3.79579791666666,4.72890649663168
3.79613124999999,4.7257814964687
3.79646458333333,4.72382837136684
3.79679791666666,4.72265649630572
3.79713124999999,4.72252628796559
3.79746458333333,4.7220054546051
3.79779791666666,4.72005232950323
3.79813124999999,4.72513045476808
3.79846458333333,4.72669295484957
3.79879791666666,4.72682316318969
3.79913124999999,4.7295575383323
3.79946458333333,4.73164087177429
3.79979791666666,4.72929712165205
3.80013124999999,4.72434920472733
3.80046458333333,4.72317732966621
3.80079791666666,4.72617212148907
3.80113124999999,4.72721378821007
3.80146458333333,4.72747420489031
3.80179791666666,4.72617212148907
3.80213124999999,4.72487003808783
3.80246458333333,4.72395857970696
3.80279791666666,4.72356795468659
3.80313124999999,4.7220054546051
3.80346458333333,4.71966170448286
3.80379791666666,4.72460962140758
3.80413124999999,4.72812524659094
3.80446458333333,4.72812524659094
3.80479791666666,4.72968774667243
3.80513124999999,4.73203149679466
3.80546458333333,4.73281274683541
3.80579791666666,4.73684920537926
3.80613124999999,4.73697941371938
3.80646458333333,4.73632837201876
3.80679791666666,4.73268253849528
3.80713124999999,4.72929712165205
3.80746458333333,4.72343774634646
3.80779791666666,4.71653670431988
3.80813124999999,4.72018253784336
3.80846458333333,4.73112003841379
3.80879791666666,4.73580753865826
3.80913124999999,4.73619816367864
3.80946458333333,4.73763045542
3.80979791666666,4.73906274716137
3.81013124999999,4.73515649695764
3.81046458333333,4.73033878837305
3.81079791666666,4.7305992050533
3.81113124999999,4.73424503857677
3.81146458333333,4.73906274716137
3.81179791666666,4.7429689973651
3.81213124999999,4.74114608060336
3.81246458333333,4.73945337218174
3.81279791666666,4.74049503890274
3.81313124999999,4.74088566392311
3.81346458333332,4.74166691396385
3.81379791666666,4.73502628861752
3.81413124999999,4.73203149679466
3.81446458333332,4.73502628861752
3.81479791666666,4.73854191380087
3.81513124999999,4.74127628894348
3.81546458333332,4.74179712230398
3.81579791666666,4.74479191412684
3.81613124999999,4.74687524756882
3.81646458333332,4.74648462254845
3.81679791666666,4.75338566457504
3.81713124999999,4.75638045639789
3.81746458333332,4.7553387896769
3.81779791666666,4.7553387896769
3.81813124999999,4.75794295647938
3.81846458333332,4.75546899801702
3.81879791666666,4.75143253947317
3.81913124999999,4.75039087275218
3.81946458333332,4.75247420619417
3.81979791666666,4.75312524789479
3.82013124999999,4.75781274813926
3.82046458333332,4.76315129008435
3.82079791666666,4.77213566555292
3.82113124999999,4.7757814990764
3.82146458333332,4.77812524919864
3.82179791666666,4.76809920700907
3.82213124999999,4.76132837332261
3.82246458333332,4.76406274846522
3.82279791666666,4.76679712360783
3.82313124999999,4.77317733227392
3.82346458333332,4.78372420782398
3.82379791666666,4.79921900029876
3.82413124999999,4.80507837560435
3.82446458333332,4.80260441714199
3.82479791666666,4.80000025033951
3.82513124999999,4.79713566685678
3.82546458333332,4.79830754191789
3.82579791666666,4.79283879163268
3.82613124999999,4.79283879163268
3.82646458333332,4.79661483349628
3.82679791666666,4.80703150070622
3.82713124999999,4.81106795925007
3.82746458333332,4.81263045933156
3.82779791666666,4.8134117093723
3.82813124999999,4.81575545949454
3.82846458333332,4.81510441779392
3.82879791666666,4.82213566816063
3.82913124999999,4.82291691820137
3.82946458333332,4.82213566816063
3.82979791666666,4.81041691754945
3.83013124999999,4.81380233439268
3.83046458333332,4.82031275139889
3.83079791666666,4.82942733520758
3.83113124999999,4.82916691852734
3.83146458333332,4.82786483512609
3.83179791666666,4.82552108500386
3.83213124999999,4.82695337674522
3.83246458333332,4.82903671018721
3.83279791666666,4.82929712686746
3.83313124999999,4.82721379342547
3.83346458333332,4.82643254338473
3.83379791666666,4.82135441811988
3.83413124999999,4.82239608484088
3.83446458333332,4.82161483480013
3.83479791666666,4.82161483480013
3.83513124999999,4.82395858492237
3.83546458333332,4.82591171002423
3.83579791666666,4.82968775188783
3.83613124999999,4.82395858492237
3.83646458333332,4.82148462646001
3.83679791666666,4.82239608484088
3.83713124999999,4.82565129334398
3.83746458333332,4.82395858492237
3.83779791666666,4.82604191836435
3.83813124999999,4.82187525148038
3.83846458333332,4.8182294179569
3.83879791666666,4.81901066799765
3.83913124999999,4.82109400143963
3.83946458333332,4.81640650119516
3.83979791666666,4.81158879261056
3.84013124999999,4.8096356675087
3.84046458333332,4.80807316742721
3.84079791666666,4.80286483382224
3.84113124999999,4.80312525050249
3.84146458333332,4.80651066734572
3.84179791666666,4.80625025066547
3.84213124999999,4.81080754256982
3.84246458333332,4.81367212605255
3.84279791666665,4.8139325427328
3.84313124999999,4.80924504248833
3.84346458333332,4.80703150070622
3.84379791666665,4.8053387922846
3.84413124999999,4.80403670888336
3.84446458333332,4.80377629220311
3.84479791666665,4.80247420880187
3.84513124999999,4.80351587552286
3.84546458333332,4.80559920896485
3.84579791666665,4.81028670920932
3.84613124999999,4.80364608386299
3.84646458333332,4.79804712523764
3.84679791666665,4.79882837527839
3.84713124999999,4.80468775058398
3.84746458333332,4.80416691722348
3.84779791666665,4.80299504216237
3.84813124999999,4.79973983365926
3.84846458333332,4.80143254208087
3.84879791666665,4.80572941730497
3.84913124999999,4.80572941730497
3.84946458333332,4.80325545884261
3.84979791666665,4.79414087503392
3.85013124999999,4.79153670823143
3.85046458333332,4.79270858329255
3.85079791666665,4.79362004167342
3.85113124999999,4.7929689999728
3.85146458333332,4.78750024968758
3.85179791666665,4.78737004134746
3.85213124999999,4.78906274976907
3.85246458333332,4.79218774993205
3.85279791666665,4.79322941665305
3.85313124999999,4.78984399980982
3.85346458333332,4.78945337478945
3.85379791666665,4.78945337478945
3.85413124999999,4.79101587487094
3.85446458333332,4.79687525017653
3.85479791666665,4.80039087535988
3.85513124999999,4.79908879195864
3.85546458333332,4.7891929581092
3.85579791666665,4.7838544161641
3.85613124999999,4.78502629122522
3.85646458333332,4.79166691657156
3.85679791666665,4.79270858329255
3.85713124999999,4.79283879163268
3.85746458333332,4.78958358312957
3.85779791666665,4.78684920798696
3.85813124999999,4.78971379146969
3.85846458333332,4.79635441681603
3.85879791666665,4.79531275009504
3.85913124999999,4.7881512913882
3.85946458333332,4.78320337446348
3.85979791666665,4.78580754126597
3.86013124999999,4.7881512913882
3.86046458333332,4.78789087470796
3.86079791666665,4.78945337478945
3.86113124999999,4.78945337478945
3.86146458333332,4.78841170806845
3.86179791666665,4.78424504118448
3.86213124999999,4.78138045770174
3.86246458333332,4.78125024936162
3.86279791666665,4.78307316612336
3.86313124999999,4.79010441649007
3.86346458333332,4.79609400013578
3.86379791666665,4.79518254175491
3.86413124999999,4.79192733325181
3.86446458333332,4.78580754126597
3.86479791666665,4.78476587454497
3.86513124999999,4.780599207661
3.86546458333332,4.77903670757951
3.86579791666665,4.77721379081777
3.86613124999999,4.7838544161641
3.86646458333332,4.79088566653081
3.86679791666665,4.79375025001355
3.86713124999999,4.79218774993205
3.86746458333332,4.78619816628634
3.86779791666665,4.78502629122522
3.86813124999999,4.78971379146969
3.86846458333332,4.78750024968758
3.86879791666665,4.7891929581092
3.86913124999999,4.78697941632709
3.86946458333332,4.78971379146969
3.86979791666665,4.78763045802771
3.87013124999999,4.78359399948386
3.87046458333332,4.78333358280361
3.87079791666665,4.78033879098075
3.87113124999999,4.78229191608261
3.87146458333332,4.78502629122522
3.87179791666665,4.78554712458572
3.87213124999999,4.78268254110299
3.87246458333332,4.77721379081777
3.87279791666665,4.77213566555292
3.87313124999998,4.76927108207019
3.87346458333332,4.76875024870969
3.87379791666665,4.78033879098075
3.87413124999998,4.78619816628634
3.87446458333332,4.78619816628634
3.87479791666665,4.78177108272212
3.87513124999998,4.78164087438199
3.87546458333332,4.78125024936162
3.87579791666665,4.7843752495246
3.87613124999998,4.78398462450423
3.87646458333332,4.78424504118448
3.87679791666665,4.78593774960609
3.87713124999998,4.78671899964684
3.87746458333332,4.7886721247487
3.87779791666665,4.78567733292584
3.87813124999998,4.78502629122522
3.87846458333332,4.78737004134746
3.87879791666665,4.78997420814994
3.87913124999998,4.79270858329255
3.87946458333332,4.78945337478945
3.87979791666665,4.78424504118448
3.88013124999998,4.78203149940237
3.88046458333332,4.78307316612336
3.88079791666665,4.780599207661
3.88113124999998,4.780599207661
3.88146458333332,4.78138045770174
3.88179791666665,4.78359399948386
3.88213124999998,4.78567733292584
3.88246458333332,4.79166691657156
3.88279791666665,4.79088566653081
3.88313124999998,4.78593774960609
3.88346458333332,4.78372420782398
3.88379791666665,4.78554712458572
3.88413124999998,4.78723983300733
3.88446458333332,4.79114608321106
3.88479791666665,4.7924481666123
3.88513124999998,4.78723983300733
3.88546458333332,4.77942733259988
3.88579791666665,4.77851587421901
3.88613124999998,4.77929712425976
3.88646458333332,4.77981795762025
3.88679791666665,4.78020858264063
3.88713124999998,4.77812524919864
3.88746458333332,4.77447941567516
3.88779791666665,4.76940129041032
3.88813124999998,4.77070337381156
3.88846458333332,4.77161483219243
3.88879791666665,4.77903670757951
3.88913124999998,4.77864608255914
3.88946458333332,4.7800783743005
3.88979791666665,4.77812524919864
3.89013124999998,4.78320337446348
3.89046458333332,4.78684920798696
3.89079791666665,4.78932316644932
3.89113124999998,4.78958358312957
3.89146458333332,4.78424504118448
3.89179791666665,4.78033879098075
3.89213124999998,4.78320337446348
3.89246458333332,4.78463566620485
3.89279791666665,4.78710962466721
3.89313124999998,4.78763045802771
3.89346458333332,4.79179712491168
3.89379791666665,4.79179712491168
3.89413124999998,4.79192733325181
3.89446458333332,4.79257837495243
3.89479791666665,4.79739608353702
3.89513124999998,4.80013045867963
3.89546458333332,4.80351587552286
3.89579791666665,4.79700545851665
3.89613124999998,4.78945337478945
3.89646458333332,4.78841170806845
3.89679791666665,4.79036483317032
3.89713124999998,4.79557316677528
3.89746458333332,4.80000025033951
3.89779791666665,4.80781275074696
3.89813124999998,4.80664087568584
3.89846458333332,4.80442733390373
3.89879791666665,4.80273462548212
3.89913124999998,4.8063804590056
3.89946458333332,4.80898462580808
3.89979791666665,4.80898462580808
3.90013124999998,4.80781275074696
3.90046458333332,4.8063804590056
3.90079791666665,4.80559920896485
3.90113124999998,4.81640650119516
3.90146458333333,4.82213566816063
3.90179791666667,4.82708358508535
3.90213125,4.81731795957603
3.90246458333333,4.81458358443342
3.90279791666667,4.81692733455566
3.90313125,4.82487004330324
3.90346458333333,4.8305992102687
3.90379791666667,4.83151066864957
3.90413125,4.8273440017656
3.90446458333333,4.82460962662299
3.90479791666667,4.81809920961678
3.90513125,4.8182294179569
3.90546458333333,4.82031275139889
3.90579791666667,4.82096379309951
3.90613125,4.8182294179569
3.90646458333333,4.81458358443342
3.90679791666667,4.81588566783466
3.90713125,4.82109400143963
3.90746458333333,4.81953150135814
3.90779791666667,4.8182294179569
3.90813125,4.81354191771243
3.90846458333333,4.81158879261056
3.90879791666667,4.81171900095069
3.90913125,4.81223983431119
3.90946458333333,4.81093775090994
3.90979791666667,4.80872420912783
3.91013125,4.80833358410746
3.91046458333333,4.8101565008692
3.91079791666667,4.8096356675087
3.91113125,4.80559920896485
3.91146458333333,4.80312525050249
3.91179791666667,4.80520858394448
3.91213125,4.80546900062473
3.91246458333333,4.80455754224386
3.91279791666667,4.80039087535988
3.91313125,4.80091170872038
3.91346458333333,4.80520858394448
3.91379791666667,4.80807316742721
3.91413125,4.81197941763094
3.91446458333333,4.80833358410746
3.91479791666667,4.80364608386299
3.91513125,4.80052108370001
3.91546458333333,4.80234400046174
3.91579791666667,4.80950545916858
3.91613125,4.80377629220311
3.91646458333333,4.79882837527839
3.91679791666667,4.79466170839442
3.91713125,4.79570337511541
3.91746458333333,4.79479191673454
3.91779791666667,4.80117212540063
3.91813125,4.80664087568584
3.91846458333333,4.80664087568584
3.91879791666667,4.79987004199938
3.91913125,4.79830754191789
3.91946458333333,4.79713566685678
3.91979791666667,4.7977867085574
3.92013125,4.80403670888336
3.92046458333333,4.80377629220311
3.92079791666666,4.79843775025802
3.92113125,4.79531275009504
3.92146458333333,4.79687525017653
3.92179791666666,4.80130233374075
3.92213125,4.80117212540063
3.92246458333333,4.79830754191789
3.92279791666666,4.79557316677528
3.92313125,4.79036483317032
3.92346458333333,4.7881512913882
3.92379791666666,4.78737004134746
3.92413125,4.78216170774249
3.92446458333333,4.78177108272212
3.92479791666666,4.7891929581092
3.92513125,4.79427108337404
3.92546458333333,4.80377629220311
3.92579791666666,4.79973983365926
3.92613125,4.79466170839442
3.92646458333333,4.7881512913882
3.92679791666666,4.78684920798696
3.92713125,4.78671899964684
3.92746458333333,4.78242212442274
3.92779791666666,4.7811200410215
3.92813125,4.78463566620485
3.92846458333333,4.78893254142895
3.92879791666666,4.79062524985056
3.92913125,4.79062524985056
3.92946458333333,4.79335962499317
3.92979791666666,4.79583358345553
3.93013125,4.79791691689752
3.93046458333333,4.79804712523764
3.93079791666666,4.79973983365926
3.93113125,4.79856795859814
3.93146458333333,4.7924481666123
3.93179791666666,4.78411483284435
3.93213125,4.78658879130671
3.93246458333333,4.78606795794622
3.93279791666666,4.78841170806845
3.93313125,4.78710962466721
3.93346458333333,4.78893254142895
3.93379791666666,4.79166691657156
3.93413125,4.79466170839442
3.93446458333333,4.79648462515615
3.93479791666666,4.80299504216237
3.93513125,4.80625025066547
3.93546458333333,4.81132837593032
3.93579791666666,4.8096356675087
3.93613125,4.80976587584883
3.93646458333333,4.81380233439268
3.93679791666666,4.81757837625628
3.93713125,4.82109400143963
3.93746458333333,4.81640650119516
3.93779791666666,4.81432316775317
3.93813125,4.81197941763094
3.93846458333333,4.81328150103218
3.93879791666666,4.80976587584883
3.93913125,4.80781275074696
3.93946458333333,4.81184920929081
3.93979791666666,4.82174504314025
3.94013125,4.82864608516684
3.94046458333333,4.83671900225454
3.94079791666666,4.83554712719342
3.94113125,4.83255233537057
3.94146458333333,4.82838566848659
3.94179791666666,4.83085962694895
3.94213125,4.83255233537057
3.94246458333333,4.82994816856808
3.94279791666666,4.82799504346622
3.94313125,4.83098983528907
3.94346458333333,4.83320337707119
3.94379791666666,4.83125025196932
3.94413125,4.83046900192858
3.94446458333333,4.83020858524833
3.94479791666666,4.83763046063541
3.94513125,4.8440106693015
3.94546458333333,4.85039087796758
3.94579791666666,4.8526044197497
3.94613125,4.85169296136883
3.94646458333333,4.84648462776386
3.94679791666666,4.84492212768237
3.94713125,4.84192733585951
3.94746458333333,4.84583358606324
3.94779791666666,4.84023462743789
3.94813125,4.8348960854928
3.94846458333333,4.83203150201007
3.94879791666666,4.83372421043168
3.94913125,4.83580754387367
3.94946458333333,4.84036483577802
3.94979791666666,4.84023462743789
3.95013125,4.83997421075765
3.95046458333333,4.83424504379218
3.95079791666666,4.82708358508535
3.95113124999999,4.82317733488162
3.95146458333333,4.82526066832361
3.95179791666666,4.82851587682671
3.95213124999999,4.8348960854928
3.95246458333333,4.83932316905702
3.95279791666666,4.84492212768237
3.95313124999999,4.84362004428112
3.95346458333333,4.83528671051317
3.95379791666666,4.83372421043168
3.95413124999999,4.83307316873106
3.95446458333333,4.8263023350446
3.95479791666666,4.82122420977976
3.95513124999999,4.82057316807914
3.95546458333333,4.82539087666373
3.95579791666666,4.82578150168411
3.95613124999999,4.82317733488162
3.95646458333333,4.82447941828286
3.95679791666666,4.82487004330324
3.95713124999999,4.82434920994274
3.95746458333333,4.82356795990199
3.95779791666666,4.82526066832361
3.95813124999999,4.82994816856808
3.95846458333333,4.82981796022796
3.95879791666666,4.82382837658224
3.95913124999999,4.82096379309951
3.95946458333333,4.82278670986125
3.95979791666666,4.82591171002423
3.96013124999999,4.82656275172485
3.96046458333333,4.82773462678597
3.96079791666666,4.83268254371069
3.96113124999999,4.83476587715268
3.96146458333333,4.83671900225454
3.96179791666666,4.83945337739715
3.96213124999999,4.83997421075765
3.96246458333333,4.83737004395516
3.96279791666666,4.8343752521323
3.96313124999999,4.83072941860883
3.96346458333333,4.82864608516684
3.96379791666666,4.8268231684051
3.96413124999999,4.82968775188783
3.96446458333333,4.83046900192858
3.96479791666666,4.82955754354771
3.96513124999999,4.82968775188783
3.96546458333333,4.83346379375143
3.96579791666666,4.83281275205081
3.96613124999999,4.83125025196932
3.96646458333333,4.83125025196932
3.96679791666666,4.82968775188783
3.96713124999999,4.82864608516684
3.96746458333333,4.83177108532982
3.96779791666666,4.83268254371069
3.96813124999999,4.83255233537057
3.96846458333333,4.8305992102687
3.96879791666666,4.83125025196932
3.96913124999999,4.83333358541131
3.96946458333333,4.83619816889404
3.96979791666666,4.83671900225454
3.97013124999999,4.83398462711193
3.97046458333333,4.82903671018721
3.97079791666666,4.83398462711193
3.97113124999999,4.8386721273564
3.97146458333333,4.84427108598175
3.97179791666666,4.84127629415889
3.97213124999999,4.83554712719342
3.97246458333333,4.82890650184709
3.97279791666666,4.82656275172485
3.97313124999999,4.83281275205081
3.97346458333333,4.84023462743789
3.97379791666666,4.84101587747864
3.97413124999999,4.84466171100212
3.97446458333333,4.84114608581876
3.97479791666666,4.84283879424038
3.97513124999999,4.8477867111651
3.97546458333333,4.85299504477007
3.97579791666666,4.85924504509603
3.97613124999999,4.85846379505529
3.97646458333333,4.85989608679665
3.97679791666666,4.86354192032013
3.97713124999999,4.86731796218373
3.97746458333333,4.87552108761156
3.97779791666666,4.88242212963814
3.97813124999999,4.89010442170547
3.97846458333333,4.89414088024932
3.97879791666666,4.90221379733703
3.97913124999999,4.90963567272411
3.97946458333333,4.9230471317569
3.97979791666666,4.92981796544336
3.98013124999999,4.9354169240687
3.98046458333332,4.93958359095268
3.98079791666666,4.95377630002622
3.98113124999999,4.97513046780659
3.98146458333332,4.98867213517951
3.98179791666666,4.99635442724684
3.98213124999999,5.00664088611666
3.98246458333332,5.02265651195194
3.98279791666666,5.04075547122921
3.98313124999999,5.06067734726821
3.98346458333332,5.07812526484486
3.98379791666666,5.09088568217703
3.98413124999999,5.1009117243666
3.98446458333332,5.11848985028337
3.98479791666666,5.13541693449952
3.98513124999999,5.15104193531442
3.98546458333332,5.16770860285033
3.98579791666666,5.18294297864486
3.98613124999999,5.1933596458548
3.98646458333332,5.20885443832958
3.98679791666666,5.22434923080437
3.98713124999999,5.24296902344213
3.98746458333332,5.25937527429778
3.98779791666666,5.2782554836158
3.98813124999999,5.29479194281157
3.98846458333332,5.3115888186876
3.98879791666666,5.33242215310747
3.98913124999999,5.3444013203989
3.98946458333332,5.348698195623
3.98979791666666,5.35000027902424
3.99013124999999,5.35937527951319
3.99046458333332,5.36848986332188
3.99079791666666,5.37903673887195
3.99113124999999,5.38476590583741
3.99146458333332,5.39466173968685
3.99179791666666,5.39908882325108
3.99213124999999,5.40950549046102
3.99246458333332,5.41119819888263
3.99279791666666,5.40963569880114
3.99313124999999,5.40533882357704
3.99346458333332,5.40260444843443
3.99379791666666,5.39987007329182
3.99413124999999,5.40273465677456
3.99446458333332,5.40000028163195
3.99479791666666,5.39908882325108
3.99513124999999,5.39414090632636
3.99546458333332,5.39140653118375
3.99579791666666,5.39218778122449
3.99613124999999,5.39257840624487
3.99646458333332,5.38958361442201
3.99679791666666,5.38333361409605
3.99713124999999,5.37044298842375
3.99746458333332,5.36575548817928
3.99779791666666,5.36354194639716
3.99813124999999,5.36419298809779
3.99846458333332,5.36041694623418
3.99879791666666,5.35273465416685
3.99913124999999,5.34778673724213
3.99946458333332,5.3401044451748
3.99979791666666,5.3320315280871
4.00013124999999,5.3272138195025
4.00046458333332,5.32526069440064
4.00079791666666,5.33020861132536
4.00113124999999,5.32148465253704
4.00146458333332,5.31067736030673
4.00179791666666,5.30104194313754
4.00213124999999,5.29882840135542
4.00246458333333,5.29166694264859
4.00279791666666,5.28476590062201
4.00313124999999,5.27526069179294
4.00346458333333,5.26796902474598
4.00379791666666,5.26119819105952
4.00413124999999,5.25885444093729
4.00446458333333,5.25924506595766
4.00479791666666,5.25507839907368
4.00513125,5.25013048214896
4.00546458333333,5.24231798174151
4.00579791666666,5.23307318959269
4.00613125,5.22070339728089
4.00646458333333,5.21028673007095
4.00679791666666,5.20559922982648
4.00713125,5.20117214626225
4.00746458333333,5.19218777079368
4.00779791666667,5.1766929783189
4.00813125,5.16692735280958
4.00846458333333,5.16302110260585
4.00879791666667,5.1638023526466
4.00913125,5.16419297766697
4.00946458333333,5.16237006090523
4.00979791666667,5.16041693580337
4.01013125,5.15065131029405
4.01046458333334,5.14427110162797
4.01079791666667,5.13828151798225
4.01113125,5.13619818454026
4.01146458333334,5.13632839288039
4.01179791666667,5.13138047595567
4.01213125,5.12760443409206
4.01246458333334,5.12096380874573
4.01279791666667,5.11445339173952
4.01313125000001,5.10208359942772
4.01346458333334,5.09752630752337
4.01379791666667,5.09309922395914
4.01413125000001,5.0912763071974
4.01446458333334,5.08671901529306
4.01479791666667,5.07825547318498
4.01513125000001,5.07343776460039
4.01546458333334,5.06679713925405
4.01579791666668,5.0632815140707
4.01613125000001,5.06432318079169
4.01646458333334,5.06067734726821
4.01679791666668,5.06002630556759
4.01713125000001,5.05598984702374
4.01746458333334,5.05000026337802
4.01779791666668,5.04309922135144
4.01813125000001,5.03437526256312
4.01846458333335,5.03020859567914
4.01879791666668,5.02903672061802
4.01913125000001,5.03190130410076
4.01946458333335,5.03528672094399
4.01979791666668,5.03411484588287
4.02013125000001,5.02304713697231
4.02046458333335,5.01875026174821
4.02079791666668,5.01783880336734
4.02113125000002,5.02382838701306
4.02146458333335,5.0240888036933
4.02179791666668,5.02174505357107
4.02213125000002,5.01914088676858
4.02246458333335,5.01627630328585
4.02279791666668,5.01028671964014
4.02313125000002,5.00520859437529
4.02346458333335,4.99752630230796
4.02379791666669,4.99466171882523
4.02413125000002,4.99218776036287
4.02446458333335,4.99348984376411
4.02479791666669,4.99609401056659
4.02513125000002,4.9945315104851
4.02546458333335,4.99257838538324
4.02579791666669,4.98932317688013
4.02613125000002,4.99778671898821
4.02646458333336,4.99778671898821
4.02679791666669,4.99596380222647
4.02713125000002,4.99362005210423
4.02746458333336,4.99817734400858
4.02779791666669,5.0031252609333
4.02813125000002,5.00234401089256
4.02846458333336,4.99231796870299
4.02879791666669,4.98802109347889
4.02913125000003,4.98346380157454
4.02946458333336,4.98346380157454
4.02979791666669,4.97643255120784
4.03013125000003,4.96992213420162
4.03046458333336,4.96523463395715
4.03079791666669,4.96484400893678
4.03113125000003,4.96575546731765
4.03146458333336,4.96757838407939
4.03179791666669,4.96901067582076
4.03213125000003,4.96627630067815
4.03246458333336,4.95833359193057
4.0327979166667,4.95559921678796
4.03313125000003,4.94609400795889
4.03346458333336,4.94648463297926
4.0337979166667,4.94466171621752
4.03413125000003,4.94596379961877
4.03446458333336,4.94596379961877
4.0347979166667,4.94895859144162
4.03513125000003,4.94609400795889
4.03546458333337,4.9354169240687
4.0357979166667,4.92200546503591
4.03613125000003,4.91575546470995
4.03646458333337,4.91731796479144
4.0367979166667,4.91770858981181
4.03713125000003,4.91770858981181
4.03746458333337,4.91523463134945
4.0377979166667,4.91054713110498
4.03813125000004,4.91106796446547
4.03846458333337,4.91184921450622
4.0387979166667,4.91471379798895
4.03913125000004,4.91145858948585
4.03946458333337,4.90468775579939
4.0397979166667,4.89609400535119
4.04013125000004,4.88528671312088
4.04046458333337,4.88619817150175
4.04079791666671,4.89283879684808
4.04113125000004,4.8977867137728
4.04146458333337,4.89492213029007
4.04179791666671,4.89049504672585
4.04213125000004,4.88958358834498
4.04246458333337,4.88684921320237
4.04279791666671,4.88437525474001
4.04313125000004,4.88776067158324
4.04346458333338,4.89036483838572
4.04379791666671,4.88997421336535
4.04413125000004,4.87968775449554
4.04446458333338,4.87330754582945
4.04479791666671,4.87174504574796
4.04513125000004,4.87877629611467
4.04546458333338,4.87903671279491
4.04579791666671,4.87447942089057
4.04613125000005,4.87343775416957
4.04646458333338,4.87656275433255
4.04679791666671,4.87929712947516
4.04713125000005,4.87578150429181
4.04746458333338,4.86796900388435
4.04779791666671,4.86341171198001
4.04813125000005,4.86419296202075
4.04846458333338,4.86757837886398
4.04879791666672,4.87031275400659
4.04913125000005,4.87161483740783
4.04946458333338,4.87487004591094
4.04979791666672,4.87513046259119
4.05013125000005,4.87747421271342
4.05046458333338,4.88125025457703
4.05079791666672,4.88554712980113
4.05113125000005,4.88697942154249
4.05146458333339,4.88346379635914
4.05179791666672,4.87916692113504
4.05213125000005,4.87408879587019
4.05246458333339,4.87434921255044
4.05279791666672,4.87604192097206
4.05313125000005,4.87239608744858
4.05346458333339,4.87447942089057
4.05379791666672,4.87174504574796
4.05413125000006,4.87434921255044
4.05446458333339,4.8692710872856
4.05479791666672,4.86914087894547
4.05513125000006,4.86901067060535
4.05546458333339,4.8682294205646
4.05579791666672,4.86588567044237
4.05613125000006,4.85976587845653
4.05646458333339,4.85781275335467
4.05679791666673,4.85937525343616
4.05713125000006,4.86406275368063
4.05746458333339,4.86406275368063
4.05779791666673,4.85130233634845
4.05813125000006,4.83789087731566
4.05846458333339,4.83372421043168
4.05879791666673,4.83880233569653
4.05913125000006,4.84088566913852
4.0594645833334,4.84440129432187
4.05979791666673,4.8429690025805
4.06013125000006,4.84153671083914
4.0604645833334,4.83880233569653
4.06079791666673,4.84062525245827
4.06113125000006,4.84309921092063
4.0614645833334,4.84023462743789
4.06179791666673,4.84283879424038
4.06213125000007,4.84101587747864
4.0624645833334,4.84023462743789
4.06279791666673,4.83372421043168
4.06313125000007,4.83125025196932
4.0634645833334,4.83125025196932
4.06379791666673,4.83138046030945
4.06413125000007,4.8359377522138
4.0644645833334,4.83893254403665
4.06479791666674,4.83606796055392
4.06513125000007,4.83216171035019
4.0654645833334,4.8300783769082
4.06579791666674,4.82851587682671
4.06613125000007,4.82565129334398
4.0664645833334,4.81731795957603
4.06679791666674,4.81914087633777
4.06713125000007,4.82539087666373
4.06746458333341,4.82851587682671
4.06779791666674,4.82591171002423
4.06813125000007,4.82187525148038
4.06846458333341,4.82018254305876
4.06879791666674,4.82513045998348
4.06913125000007,4.82669296006497
4.06946458333341,4.82382837658224
4.06979791666674,4.8134117093723
4.07013125000008,4.80625025066547
4.07046458333341,4.80768254240684
4.07079791666674,4.8144533760933
4.07113125000008,4.82031275139889
4.07146458333341,4.82226587650075
4.07179791666674,4.82031275139889
4.07213125,4.81588566783466
4.07246458333333,4.81940129301802
4.07279791666667,4.81901066799765
4.07313125,4.81484400111367
4.07346458333334,4.81237004265131
4.07379791666667,4.81601587617479
4.07413125,4.81992212637852
4.07446458333334,4.81458358443342
4.07479791666667,4.8101565008692
4.07513125,4.8063804590056
4.07546458333334,4.81158879261056
4.07579791666667,4.8144533760933
4.07613125000001,4.81705754289578
4.07646458333334,4.81614608451491
4.07679791666667,4.81549504281429
4.07713125000001,4.81354191771243
4.07746458333334,4.81302108435193
4.07779791666667,4.81510441779392
4.07813125000001,4.81718775123591
4.07846458333334,4.81471379277355
4.07879791666668,4.81197941763094
4.07913125000001,4.81627629285504
4.07946458333334,4.81419295941305
4.07979791666668,4.80885441746796
4.08013125000001,4.80429712556361
4.08046458333334,4.80598983398522
4.08079791666668,4.80846379244758
4.08113125000001,4.8048179589241
4.08146458333335,4.80390650054324
4.08179791666668,4.79908879195864
4.08213125000001,4.80091170872038
4.08246458333335,4.79713566685678
4.08279791666668,4.79335962499317
4.08313125000001,4.79648462515615
4.08346458333335,4.80078150038025
4.08379791666668,4.80299504216237
4.08413125000002,4.7967450418364
4.08446458333335,4.79388045835367
4.08479791666668,4.79869816693827
4.08513125000002,4.80182316710125
4.08546458333335,4.80234400046174
4.08579791666668,4.80325545884261
4.08613125000002,4.80130233374075
4.08646458333335,4.79830754191789
4.08679791666669,4.79908879195864
4.08713125000002,4.80182316710125
4.08746458333335,4.79947941697901
4.08779791666669,4.79635441681603
4.08813125000002,4.78697941632709
4.08846458333335,4.7891929581092
4.08879791666669,4.7929689999728
4.08913125000002,4.79856795859814
4.08946458333336,4.79505233341479
4.08979791666669,4.79114608321106
4.09013125000002,4.79127629155119
4.09046458333336,4.79830754191789
4.09079791666669,4.80169295876112
4.09113125000002,4.80273462548212
4.09146458333336,4.79804712523764
4.09179791666669,4.79205754159193
4.09213125000003,4.78789087470796
4.09246458333336,4.79388045835367
4.09279791666669,4.7967450418364
4.09313125000003,4.7934898333333
4.09346458333336,4.7891929581092
4.09379791666669,4.78932316644932
4.09413125000003,4.79401066669379
4.09446458333336,4.79466170839442
4.0947979166667,4.79362004167342
4.09513125000003,4.7934898333333
4.09546458333336,4.79596379179566
4.0957979166667,4.79609400013578
4.09613125000003,4.79752629187715
4.09646458333336,4.79713566685678
4.0967979166667,4.80169295876112
4.09713125000003,4.80117212540063
4.09746458333337,4.79635441681603
4.0977979166667,4.79114608321106
4.09813125000003,4.79205754159193
4.09846458333337,4.79518254175491
4.0987979166667,4.79283879163268
4.09913125000003,4.79257837495243
4.09946458333337,4.79739608353702
4.0997979166667,4.79609400013578
4.10013125000004,4.79192733325181
4.10046458333337,4.78684920798696
4.1007979166667,4.78684920798696
4.10113125000004,4.78411483284435
4.10146458333337,4.78242212442274
4.1017979166667,4.78268254110299
4.10213125000004,4.78750024968758
4.10246458333337,4.78997420814994
4.10279791666671,4.79023462483019
4.10313125000004,4.78541691624559
4.10346458333337,4.78190129106224
4.10379791666671,4.78463566620485
4.10413125000004,4.79062524985056
4.10446458333337,4.79440129171417
4.10479791666671,4.79921900029876
4.10513125000004,4.80130233374075
4.10546458333338,4.80247420880187
4.10579791666671,4.80065129204013
4.10613125000004,4.80651066734572
4.10646458333338,4.80755233406671
4.10679791666671,4.81237004265131
4.10713125000004,4.81250025099143
4.10746458333338,4.81835962629702
4.10779791666671,4.81523462613404
4.10813125000005,4.8091148341482
4.10846458333338,4.80273462548212
4.10879791666671,4.80273462548212
4.10913125000005,4.80351587552286
4.10946458333338,4.80794295908709
4.10979791666671,4.80729191738647
4.11013125000005,4.80546900062473
4.11046458333338,4.80612004232535
4.11079791666672,4.80820337576733
4.11113125000005,4.81145858427044
4.11146458333338,4.81184920929081
4.11179791666672,4.81184920929081
4.11213125000005,4.81406275107292
4.11246458333338,4.81653670953529
4.11279791666672,4.82096379309951
4.11313125000005,4.8230471265415
4.11346458333339,4.82395858492237
4.11379791666672,4.82291691820137
4.11413125000005,4.82096379309951
4.11446458333339,4.81901066799765
4.11479791666672,4.81614608451491
4.11513125000005,4.81992212637852
4.11546458333339,4.82070337641926
4.11579791666672,4.82278670986125
4.11613125000005,4.82408879326249
4.11646458333339,4.81966170969827
4.11679791666672,4.81862004297727
4.11713125000006,4.81953150135814
4.11746458333339,4.82369816824212
4.11779791666672,4.82695337674522
4.11813125000006,4.82721379342547
4.11846458333339,4.82382837658224
4.11879791666672,4.82330754322175
4.11913125000006,4.82382837658224
4.11946458333339,4.82187525148038
4.11979791666673,4.81692733455566
4.12013125000006,4.8144533760933
4.12046458333339,4.81484400111367
4.12079791666673,4.81640650119516
4.12113125000006,4.81223983431119
4.12146458333339,4.80781275074696
4.12179791666673,4.80807316742721
4.12213125000006,4.80833358410746
4.1224645833334,4.81158879261056
4.12279791666673,4.81640650119516
4.12313125000006,4.81666691787541
4.1234645833334,4.81979191803839
4.12379791666673,4.81666691787541
4.12413125000006,4.8144533760933
4.1244645833334,4.81054712588957
4.12479791666673,4.80507837560435
4.12513125000007,4.80729191738647
4.1254645833334,4.80989608418895
4.12579791666673,4.81419295941305
4.12613125000007,4.80937525082845
4.1264645833334,4.80937525082845
4.12679791666673,4.81289087601181
4.12713125000007,4.82239608484088
4.1274645833334,4.8263023350446
4.12779791666674,4.82473983496311
4.12813125000007,4.81848983463715
4.1284645833334,4.81549504281429
4.12879791666674,4.81223983431119
4.12913125000007,4.80846379244758
4.1294645833334,4.80664087568584
4.12979791666674,4.80937525082845
4.13013125000007,4.81210962597106
4.13046458333341,4.81158879261056
4.13079791666674,4.80494816726423
4.13113125000007,4.80325545884261
4.13146458333341,4.80065129204013
4.13179791666674,4.79856795859814
4.13213125000007,4.80130233374075
4.13246458333341,4.80364608386299
4.13279791666674,4.80442733390373
4.13313125000008,4.79869816693827
4.13346458333341,4.79583358345553
4.13379791666674,4.79414087503392
4.13413125000008,4.79739608353702
4.13446458333341,4.79882837527839
4.13479791666674,4.80234400046174
4.13513125000008,4.80091170872038
4.13546458333341,4.8010419170605
4.13579791666675,4.79739608353702
4.13613125000008,4.80013045867963
4.13646458333341,4.80065129204013
4.13679791666675,4.79960962531914
4.13713125000008,4.79739608353702
4.13746458333341,4.79479191673454
4.13779791666675,4.79088566653081
4.13813125000008,4.7891929581092
4.13846458333342,4.78398462450423
4.13879791666675,4.7891929581092
4.13913125000008,4.79062524985056
4.13946458333342,4.79492212507466
4.13979791666675,4.79635441681603
4.14013125000008,4.79322941665305
4.14046458333342,4.79140649989131
4.14079791666675,4.79687525017653
4.14113125000009,4.79765650021727
4.14146458333342,4.79752629187715
4.14179791666675,4.79153670823143
4.14213125000009,4.79153670823143
4.14246458333342,4.78997420814994
4.14279791666675,4.78932316644932
4.14313125000009,4.78463566620485
4.14346458333342,4.78255233276286
4.14379791666676,4.78229191608261
4.14413125000009,4.78763045802771
4.14446458333342,4.78710962466721
4.14479791666676,4.78645858296659
4.14513125000009,4.78984399980982
4.14546458333342,4.79179712491168
4.14579791666676,4.79166691657156
4.14613125000009,4.79010441649007
4.14646458333343,4.79492212507466
4.14679791666676,4.79335962499317
4.14713125000009,4.78684920798696
4.14746458333343,4.78841170806845
4.14779791666676,4.79401066669379
4.14813125000009,4.79427108337404
4.14846458333343,4.79309920831292
4.14879791666676,4.78789087470796
4.1491312500001,4.78502629122522
4.14946458333343,4.78203149940237
4.14979791666676,4.78307316612336
4.1501312500001,4.78281274944311
4.15046458333343,4.77994816596038
4.15079791666676,4.77812524919864
4.1511312500001,4.77903670757951
4.15146458333343,4.77526066571591
4.15179791666677,4.77591170741653
4.1521312500001,4.77812524919864
4.15246458333343,4.78203149940237
4.15279791666677,4.78580754126597
4.1531312500001,4.79270858329255
4.15346458333343,4.7977867085574
4.15379791666677,4.79869816693827
4.1541312500001,4.79817733357777
4.15446458333344,4.79713566685678
4.15479791666677,4.79062524985056
4.1551312500001,4.79036483317032
4.15546458333344,4.79414087503392
4.15579791666677,4.79505233341479
4.1561312500001,4.79101587487094
4.15646458333344,4.78984399980982
4.15679791666677,4.79700545851665
4.15713125000011,4.80612004232535
4.15746458333344,4.81171900095069
4.15779791666677,4.80950545916858
4.15813125000011,4.80364608386299
4.15846458333344,4.80065129204013
4.15879791666677,4.79492212507466
4.15913125000011,4.79322941665305
4.15946458333344,4.7848960828851
4.15979791666678,4.78346379114373
4.16013125000011,4.78580754126597
4.16046458333344,4.78723983300733
4.16079791666678,4.79335962499317
4.16113125000011,4.79557316677528
4.16146458333344,4.79322941665305
4.16179791666678,4.79179712491168
4.16213125000011,4.78776066636783
4.16246458333344,4.78737004134746
4.16279791666678,4.78828149972833
4.16313125000011,4.79036483317032
4.16346458333345,4.79739608353702
4.16379791666678,4.7934898333333
4.16413125000011,4.7881512913882
4.16446458333345,4.7848960828851
4.16479791666678,4.78723983300733
4.16513125000011,4.78281274944311
4.16546458333345,4.77825545753876
4.16579791666678,4.77799504085851
4.16613125000012,4.7843752495246
4.16646458333345,4.7929689999728
4.16679791666678,4.79687525017653
4.16713125000012,4.79518254175491
4.16746458333345,4.79427108337404
4.16779791666678,4.79192733325181
4.16813125000012,4.79401066669379
4.16846458333345,4.79700545851665
4.16879791666679,4.79856795859814
4.16913125000012,4.79257837495243
4.16946458333345,4.78151066604187
4.16979791666679,4.78255233276286
4.17013125000012,4.78932316644932
4.17046458333345,4.7972658751969
4.17079791666679,4.7934898333333
4.17113125000012,4.79049504151044
4.17146458333346,4.78697941632709
4.17179791666679,4.78671899964684
4.17213125000012,4.7929689999728
4.17246458333346,4.79557316677528
4.17279791666679,4.79869816693827
4.17313125000012,4.80169295876112
4.17346458333346,4.80442733390373
4.17379791666679,4.80169295876112
4.17413125000013,4.79309920831292
4.17446458333346,4.78945337478945
4.17479791666679,4.7891929581092
4.17513125000013,4.78424504118448
4.17546458333346,4.78085962434125
4.17579791666679,4.77994816596038
4.17613125000013,4.7838544161641
4.17646458333346,4.78463566620485
4.1767979166668,4.78294295778323
4.17713125000013,4.77825545753876
4.17746458333346,4.77721379081777
4.1777979166668,4.7763023324369
4.17813125000013,4.77838566587889
4.17846458333346,4.77760441583814
4.1787979166668,4.78151066604187
4.17913125000013,4.78554712458572
4.17946458333347,4.79492212507466
4.1797979166668,4.79140649989131
4.18013125000013,4.79088566653081
4.18046458333347,4.78658879130671
4.1807979166668,4.78723983300733
4.18113125000013,4.78229191608261
4.18146458333347,4.77929712425976
4.1817979166668,4.77903670757951
4.18213125000014,4.7886721247487
4.18246458333347,4.79388045835367
4.1827979166668,4.79765650021727
4.18313125000014,4.7967450418364
4.18346458333347,4.79283879163268
4.1837979166668,4.7848960828851
4.18413125000014,4.77968774928013
4.18446458333347,4.77643254077702
4.18479791666681,4.77460962401528
4.18513125000014,4.77343774895417
4.18546458333347,4.77382837397454
4.18579791666681,4.77773462417827
4.18613125000014,4.78229191608261
4.18646458333347,4.78255233276286
4.18679791666681,4.78046899932087
4.18713125000014,4.77526066571591
4.18746458333348,4.77369816563441
4.18779791666681,4.77552108239615
4.18813125000014,4.77877629089926
4.18846458333348,4.78151066604187
4.18879791666681,4.78671899964684
4.18913125000014,4.78906274976907
4.18946458333348,4.78906274976907
4.18979791666681,4.79114608321106
4.19013125000015,4.78684920798696
4.19046458333348,4.78164087438199
4.19079791666681,4.77903670757951
4.19113125000015,4.77981795762025
4.19146458333348,4.77864608255914
4.19179791666681,4.77291691559367
4.19213125000015,4.77018254045106
4.19246458333348,4.77539087405603
4.19279791666682,4.77812524919864
4.19313125000015,4.78229191608261
4.19346458333348,4.78554712458572
4.19379791666682,4.78723983300733
4.19413125000015,4.78242212442274
4.19446458333348,4.77994816596038
4.19479791666682,4.77799504085851
4.19513125000015,4.780599207661
4.19546458333349,4.78242212442274
4.19579791666682,4.78294295778323
4.19613125000015,4.78450545786473
4.19646458333349,4.79036483317032
4.19679791666682,4.79192733325181
4.19713125000015,4.78997420814994
4.19746458333349,4.78125024936162
4.19779791666682,4.77786483251839
4.19813125000016,4.78164087438199
4.19846458333349,4.7891929581092
4.19879791666682,4.79583358345553
4.19913125000016,4.79335962499317
4.19946458333349,4.79166691657156
4.19979791666682,4.78893254142895
4.20013125000016,4.79140649989131
4.20046458333349,4.78893254142895
4.20079791666683,4.78710962466721
4.20113125000016,4.78515649956535
4.20146458333349,4.78750024968758
4.20179791666683,4.78945337478945
4.20213125000016,4.79609400013578
4.20246458333349,4.7929689999728
4.20279791666683,4.78750024968758
4.20313125000016,4.78606795794622
4.2034645833335,4.78971379146969
4.20379791666683,4.79505233341479
4.20413125000016,4.79791691689752
4.2044645833335,4.79960962531914
4.20479791666683,4.80091170872038
4.20513125000016,4.79804712523764
4.2054645833335,4.79987004199938
4.20579791666683,4.79960962531914
4.20613125000016,4.80052108370001
4.2064645833335,4.79960962531914
4.20679791666683,4.80065129204013
4.20713125000017,4.79739608353702
4.2074645833335,4.79388045835367
4.20779791666683,4.79544295843516
4.20813125000017,4.80143254208087
4.2084645833335,4.80117212540063
4.20879791666683,4.8048179589241
4.20913125000017,4.8058596256451
4.2094645833335,4.80403670888336
4.20979791666684,4.79895858361851
4.21013125000017,4.79427108337404
4.2104645833335,4.79257837495243
4.21079791666684,4.79492212507466
4.21113125000017,4.79479191673454
4.2114645833335,4.80299504216237
4.21179791666684,4.80807316742721
4.21213125000017,4.8063804590056
4.21246458333351,4.80690129236609
4.21279791666684,4.80403670888336
4.21313125000017,4.80612004232535
4.21346458333351,4.80950545916858
4.21379791666684,4.8096356675087
4.21413125000017,4.8053387922846
4.21446458333351,4.80026066701976
4.21479791666684,4.79856795859814
4.21513125000018,4.80507837560435
4.21546458333351,4.80729191738647
4.21579791666684,4.80846379244758
4.21613125000018,4.80989608418895
4.21646458333351,4.80442733390373
4.21679791666684,4.80950545916858
4.21713125000018,4.81145858427044
4.21746458333351,4.8134117093723
4.21779791666685,4.80794295908709
4.21813125000018,4.80455754224386
4.21846458333351,4.79987004199938
4.21879791666685,4.79791691689752
4.21913125000018,4.79622420847591
4.21946458333351,4.80416691722348
4.21979791666685,4.80612004232535
4.22013125000018,4.80364608386299
4.22046458333352,4.79466170839442
4.22079791666685,4.7886721247487
4.22113125000018,4.78723983300733
4.22146458333352,4.79153670823143
4.22179791666685,4.79362004167342
4.22213125000018,4.79049504151044
4.22246458333352,4.78984399980982
4.22279791666685,4.78971379146969
4.22313125000019,4.78828149972833
4.22346458333352,4.7891929581092
4.22379791666685,4.79140649989131
4.22413125000019,4.79140649989131
4.22446458333352,4.78671899964684
4.22479791666685,4.78541691624559
4.22513125000019,4.79127629155119
4.22546458333352,4.7886721247487
4.22579791666686,4.78554712458572
4.22613125000019,4.78737004134746
4.22646458333352,4.78945337478945
4.22679791666686,4.79023462483019
4.22713125000019,4.78945337478945
4.22746458333352,4.79140649989131
4.22779791666686,4.79362004167342
4.22813125000019,4.79010441649007
4.22846458333353,4.7929689999728
4.22879791666686,4.79531275009504
4.22913125000019,4.79622420847591
4.22946458333353,4.79466170839442
4.22979791666686,4.79505233341479
4.23013125000019,4.79531275009504
4.23046458333353,4.7891929581092
4.23079791666686,4.78098983268137
4.2311312500002,4.77968774928013
4.23146458333353,4.78750024968758
4.23179791666686,4.79179712491168
4.2321312500002,4.79492212507466
4.23246458333353,4.79713566685678
4.23279791666686,4.79987004199938
4.2331312500002,4.80117212540063
4.23346458333353,4.80520858394448
4.23379791666687,4.80559920896485
4.2341312500002,4.80338566718274
4.23446458333353,4.80364608386299
4.23479791666687,4.80169295876112
4.2351312500002,4.79700545851665
4.23546458333353,4.79140649989131
4.23579791666687,4.78971379146969
4.2361312500002,4.79752629187715
4.23646458333354,4.8020835837815
4.23679791666687,4.80820337576733
4.2371312500002,4.80273462548212
4.23746458333354,4.79713566685678
4.23779791666687,4.79388045835367
4.2381312500002,4.79687525017653
4.23846458333354,4.7967450418364
4.23879791666687,4.79518254175491
4.23913125000021,4.79713566685678
4.23946458333354,4.79518254175491
4.23979791666687,4.79440129171417
4.24013125000021,4.7967450418364
4.24046458333354,4.79830754191789
4.24079791666687,4.79700545851665
4.24113125000021,4.79335962499317
4.24146458333354,4.79492212507466
4.24179791666688,4.79648462515615
4.24213125000021,4.80013045867963
4.24246458333354,4.80078150038025
4.24279791666667,4.8048179589241
4.24313125,4.80546900062473
4.24346458333334,4.81315129269206
4.24379791666667,4.80677108402597
4.24413125,4.80117212540063
4.24446458333334,4.79622420847591
4.24479791666667,4.801562750421
4.24513125,4.80651066734572
4.24546458333334,4.8096356675087
4.24579791666667,4.81119816759019
4.24613125000001,4.81158879261056
4.24646458333334,4.81041691754945
4.24679791666667,4.81705754289578
4.24713125000001,4.81679712621553
4.24746458333334,4.82369816824212
4.24779791666667,4.82552108500386
4.24813125000001,4.82812525180634
4.24846458333334,4.82604191836435
4.24879791666668,4.82317733488162
4.24913125000001,4.82044295973901
4.24946458333334,4.81940129301802
4.24979791666668,4.82005233471864
4.25013125000001,4.82799504346622
4.25046458333334,4.83177108532982
4.25079791666668,4.83359400209156
4.25113125000001,4.83203150201007
4.25146458333334,4.82916691852734
4.25179791666668,4.82656275172485
4.25213125000001,4.8273440017656
4.25246458333335,4.82786483512609
4.25279791666668,4.82487004330324
4.25313125000001,4.82539087666373
4.25346458333335,4.81901066799765
4.25379791666668,4.82096379309951
4.25413125000001,4.81562525115442
4.25446458333335,4.81601587617479
4.25479791666668,4.81627629285504
4.25513125000002,4.81458358443342
4.25546458333335,4.81627629285504
4.25579791666668,4.82083358475938
4.25613125000002,4.82226587650075
4.25646458333335,4.82447941828286
4.25679791666668,4.82122420977976
4.25713125000002,4.82695337674522
4.25746458333335,4.82460962662299
4.25779791666669,4.82148462646001
4.25813125000002,4.81862004297727
4.25846458333335,4.82174504314025
4.25879791666669,4.82174504314025
4.25913125000002,4.82578150168411
4.25946458333335,4.8230471265415
4.25979791666669,4.82226587650075
4.26013125000002,4.8134117093723
4.26046458333336,4.8177085845964
4.26079791666669,4.82526066832361
4.26113125000002,4.82890650184709
4.26146458333336,4.82539087666373
4.26179791666669,4.82135441811988
4.26213125000002,4.81744816791615
4.26246458333336,4.8187502513174
4.26279791666669,4.81237004265131
4.26313125000003,4.80989608418895
4.26346458333336,4.80846379244758
4.26379791666669,4.81171900095069
4.26413125000003,4.8182294179569
4.26446458333336,4.81705754289578
4.26479791666669,4.81549504281429
4.26513125000003,4.80924504248833
4.26546458333336,4.80729191738647
4.2657979166667,4.80416691722348
4.26613125000003,4.80117212540063
4.26646458333336,4.79921900029876
4.2667979166667,4.80351587552286
4.26713125000003,4.80716170904634
4.26746458333336,4.80598983398522
4.2677979166667,4.80546900062473
4.26813125000003,4.80820337576733
4.26846458333337,4.81575545949454
4.2687979166667,4.81627629285504
4.26913125000003,4.81523462613404
4.26946458333337,4.81406275107292
4.2697979166667,4.81679712621553
4.27013125000003,4.81575545949454
4.27046458333337,4.81210962597106
4.2707979166667,4.81497420945379
4.27113125000004,4.81953150135814
4.27146458333337,4.82226587650075
4.2717979166667,4.82096379309951
4.27213125000004,4.82096379309951
4.27246458333337,4.82369816824212
4.2727979166667,4.82356795990199
4.27313125000004,4.82760441844584
4.27346458333337,4.83359400209156
4.27379791666671,4.83815129399591
4.27413125000004,4.83619816889404
4.27446458333337,4.83098983528907
4.27479791666671,4.83085962694895
4.27513125000004,4.82721379342547
4.27546458333337,4.82929712686746
4.27579791666671,4.82669296006497
4.27613125000004,4.83268254371069
4.27646458333338,4.83697941893479
4.27679791666671,4.8386721273564
4.27713125000004,4.83750025229529
4.27746458333338,4.83932316905702
4.27779791666671,4.84283879424038
4.27813125000004,4.84804712784535
4.27846458333338,4.84505233602249
4.27879791666671,4.84075546079839
4.27913125000005,4.8311200436292
4.27946458333338,4.82356795990199
4.27979791666671,4.81835962629702
4.28013125000005,4.82460962662299
4.28046458333338,4.82669296006497
4.28079791666671,4.82473983496311
4.28113125000005,4.82109400143963
4.28146458333338,4.8220054598205
4.28179791666672,4.82434920994274
4.28213125000005,4.8311200436292
4.28246458333338,4.83320337707119
4.28279791666672,4.83554712719342
4.28313125000005,4.8311200436292
4.28346458333338,4.82942733520758
4.28379791666672,4.8305992102687
4.28413125000005,4.82356795990199
4.28446458333339,4.81809920961678
4.28479791666672,4.81471379277355
4.28513125000005,4.81041691754945
4.28546458333339,4.80729191738647
4.28579791666672,4.80390650054324
4.28613125000005,4.80559920896485
4.28646458333339,4.80781275074696
4.28679791666672,4.8091148341482
4.28713125000006,4.81432316775317
4.28746458333339,4.81210962597106
4.28779791666672,4.81028670920932
4.28813125000006,4.80559920896485
4.28846458333339,4.80716170904634
4.28879791666672,4.80416691722348
4.28913125000006,4.80286483382224
4.28946458333339,4.79492212507466
4.28979791666673,4.79335962499317
4.29013125000006,4.78971379146969
4.29046458333339,4.79166691657156
4.29079791666673,4.79648462515615
4.29113125000006,4.7977867085574
4.29146458333339,4.79804712523764
4.29179791666673,4.80039087535988
4.29213125000006,4.80052108370001
4.2924645833334,4.80039087535988
4.29279791666673,4.79362004167342
4.29313125000006,4.79557316677528
4.2934645833334,4.79401066669379
4.29379791666673,4.79414087503392
4.29413125000006,4.79479191673454
4.2944645833334,4.79283879163268
4.29479791666673,4.79140649989131
4.29513125000007,4.78750024968758
4.2954645833334,4.7891929581092
4.29579791666673,4.79023462483019
4.29613125000007,4.79166691657156
4.2964645833334,4.79231795827218
4.29679791666673,4.79166691657156
4.29713125000007,4.79088566653081
4.2974645833334,4.79960962531914
4.29779791666673,4.80468775058398
4.29813125000007,4.80872420912783
4.2984645833334,4.80677108402597
4.29879791666674,4.80507837560435
4.29913125000007,4.80612004232535
4.2994645833334,4.80416691722348
4.29979791666674,4.80364608386299
4.30013125000007,4.80195337544137
4.3004645833334,4.79987004199938
4.30079791666674,4.7972658751969
4.30113125000007,4.79830754191789
4.30146458333341,4.79635441681603
4.30179791666674,4.79218774993205
4.30213125000007,4.7886721247487
4.30246458333341,4.79570337511541
4.30279791666674,4.80468775058398
4.30313125000007,4.80976587584883
4.30346458333341,4.81145858427044
4.30379791666674,4.81028670920932
4.30413125000008,4.81328150103218
4.30446458333341,4.81276066767168
4.30479791666674,4.8187502513174
4.30513125000008,4.82213566816063
4.30546458333341,4.82643254338473
4.30579791666674,4.82812525180634
4.30613125000008,4.83072941860883
4.30646458333341,4.83203150201007
4.30679791666675,4.84114608581876
4.30713125000008,4.84583358606324
4.30746458333341,4.85169296136883
4.30779791666675,4.85781275335467
4.30813125000008,4.8639325453405
4.30846458333341,4.86744817052386
4.30879791666675,4.86992212898622
4.30913125000008,4.87005233732634
4.30946458333342,4.87500025425106
4.30979791666675,4.87513046259119
4.31013125000008,4.88346379635914
4.31046458333342,4.89440129692957
4.31079791666675,4.90325546405802
4.31113125000008,4.90494817247964
4.31146458333342,4.90833358932287
4.31179791666675,4.91627629807044
4.31213125000009,4.92161484001554
4.31246458333342,4.92604192357976
4.31279791666675,4.92747421532113
4.31313125000009,4.93515650738846
4.31346458333342,4.94296900779591
4.31379791666675,4.94674504965951
4.31413125000009,4.94570338293852
4.31446458333342,4.94531275791815
4.31479791666676,4.94661484131939
4.31513125000009,4.94987004982249
4.31546458333342,4.94947942480212
4.31579791666676,4.95377630002622
4.31613125000009,4.95442734172684
4.31646458333342,4.9569013001892
4.31679791666676,4.95403671670647
4.31713125000009,4.95338567500585
4.31746458333343,4.95390650836634
4.31779791666676,4.95078150820336
4.31813125000009,4.94687525799964
4.31846458333343,4.94166692439467
4.31879791666676,4.93958359095268
4.31913125000009,4.94192734107492
4.31946458333343,4.93567734074895
4.31979791666676,4.92773463200138
4.3201312500001,4.92226588171616
4.32046458333343,4.91666692309082
4.32079791666676,4.91315129790746
4.3211312500001,4.90859400600311
4.32146458333343,4.90377629741852
4.32179791666676,4.89987004721479
4.3221312500001,4.89166692178696
4.32246458333343,4.88723983822274
4.32279791666677,4.88437525474001
4.3231312500001,4.88333358801901
4.32346458333343,4.87539087927144
4.32379791666677,4.86601587878249
4.3241312500001,4.85820337837504
4.32446458333343,4.85846379505529
4.32479791666677,4.86419296202075
4.3251312500001,4.8639325453405
4.32546458333344,4.86432317036088
4.32579791666677,4.86106796185777
4.3261312500001,4.86054712849727
4.32646458333344,4.85677108663367
4.32679791666677,4.84739608614473
4.3271312500001,4.8343752521323
4.32746458333344,4.82799504346622
4.32779791666677,4.82408879326249
4.32813125000011,4.82460962662299
4.32846458333344,4.82109400143963
4.32879791666677,4.82031275139889
4.32913125000011,4.82591171002423
4.32946458333344,4.82890650184709
4.32979791666677,4.82942733520758
4.33013125000011,4.82981796022796
4.33046458333344,4.82968775188783
4.33079791666678,4.83346379375143
4.33113125000011,4.83567733553355
4.33146458333344,4.83085962694895
4.33179791666678,4.82539087666373
4.33213125000011,4.82018254305876
4.33246458333344,4.81809920961678
4.33279791666678,4.81080754256982
4.33313125000011,4.8101565008692
4.33346458333345,4.81237004265131
4.33379791666678,4.81432316775317
4.33413125000011,4.80794295908709
4.33446458333345,4.80468775058398
4.33479791666678,4.80273462548212
4.33513125000011,4.80429712556361
4.33546458333345,4.80260441714199
4.33579791666678,4.80598983398522
4.33613125000012,4.80195337544137
4.33646458333345,4.80312525050249
4.33679791666678,4.80598983398522
4.33713125000012,4.80833358410746
4.33746458333345,4.81002629252907
4.33779791666678,4.80299504216237
4.33813125000012,4.80325545884261
4.33846458333345,4.80507837560435
4.33879791666679,4.81210962597106
4.33913125000012,4.81757837625628
4.33946458333345,4.81653670953529
4.33979791666679,4.81158879261056
4.34013125000012,4.80924504248833
4.34046458333345,4.81054712588957
4.34079791666679,4.81406275107292
4.34113125000012,4.81093775090994
4.34146458333345,4.81158879261056
4.34179791666679,4.81718775123591
4.34213125000012,4.82395858492237
4.34246458333346,4.82500025164336
4.34279791666679,4.82513045998348
4.34313125000012,4.82526066832361
4.34346458333346,4.83216171035019
4.34379791666679,4.84179712751939
4.34413125000012,4.8515627530287
4.34446458333346,4.85742212833429
4.34479791666679,4.86510442040162
4.34513125000013,4.8682294205646
4.34546458333346,4.8805992128764
4.34579791666679,4.89075546340609
4.34613125000013,4.90768254762224
4.34646458333346,4.92487004851864
4.34679791666679,4.94127629937429
4.34713125000013,4.95481796674721
4.34746458333346,4.96627630067815
4.3477979166668,4.97994817639119
4.34813125000013,5.00065130247094
4.34846458333346,5.01940130344883
4.3487979166668,5.03906276280759
4.34913125000013,5.05989609722747
4.34946458333346,5.0885419320548
4.3497979166668,5.11367214169877
4.35013125000013,5.13984401806374
4.35046458333347,5.16015651912312
4.3507979166668,5.18554714544734
4.35113125000013,5.2105471467512
4.35146458333347,5.23658881477604
4.3517979166668,5.25859402425704
4.35213125000013,5.28242215049977
4.35246458333347,5.3158856939117
4.3527979166668,5.348698195623
4.35313125000014,5.37591173870897
4.35346458333347,5.39843778155046
4.3537979166668,5.42161486609257
4.35413125000014,5.43776070026797
4.35446458333347,5.44479195063468
4.3547979166668,5.44479195063468
4.35513125000014,5.45130236764089
4.35546458333347,5.46510445169406
4.35579791666681,5.47903674408735
4.35613125000014,5.48567736943369
4.35646458333347,5.4841148693522
4.35679791666681,5.48255236927071
4.35713125000014,5.48606799445406
4.35746458333347,5.47877632740711
4.35779791666681,5.47487007720338
4.35813125000014,5.46250028489158
4.35846458333348,5.45299507606251
4.35879791666681,5.4411461171112
4.35913125000014,5.42526069961605
4.35946458333348,5.40585965693754
4.35979791666681,5.38437528081704
4.36013125000014,5.36562527983915
4.36046458333348,5.34348986201803
4.36079791666681,5.32617215278151
4.36113125000015,5.31432319383021
4.36146458333348,5.30260444321903
4.36179791666681,5.28112006709853
4.36213125000015,5.25950548263791
4.36246458333348,5.23854193987791
4.36279791666681,5.21979193890002
4.36313125000015,5.19882839614002
4.36346458333348,5.18554714544734
4.36379791666682,5.16588568608859
4.36413125000015,5.14362005992734
4.36446458333348,5.11992214202473
4.36479791666682,5.09934922428511
4.36513125000015,5.08841172371467
4.36546458333348,5.07617213974299
4.36579791666682,5.06588568087318
4.36613125000015,5.05143255511939
4.36646458333349,5.03632838766498
4.36679791666682,5.0251304704143
4.36713125000015,5.012239844742
4.36746458333349,5.00690130279691
4.36779791666682,4.9955731772061
4.36813125000015,4.98541692667641
4.36846458333349,4.96966171752138
4.36879791666682,4.96002630035218
4.36913125000016,4.95455755006697
4.36946458333349,4.94635442463914
4.36979791666682,4.94348984115641
4.37013125000016,4.9359377574292
4.37046458333349,4.93020859046374
4.37079791666682,4.91653671475069
4.37113125000016,4.90794296430249
4.37146458333349,4.9031252557179
4.37179791666683,4.90364608907839
4.37213125000016,4.90651067256113
4.37246458333349,4.90494817247964
4.37279791666683,4.89843775547342
4.37313125000016,4.89179713012709
4.37346458333349,4.88997421336535
4.37379791666683,4.89244817182771
4.37413125000016,4.89296900518821
4.3744645833335,4.89283879684808
4.37479791666683,4.89244817182771
4.37513125000016,4.8897137966851
4.3754645833335,4.88294296299864
4.37579791666683,4.87864608777454
4.37613125000016,4.87408879587019
4.3764645833335,4.8649742120615
4.37679791666683,4.8606773368374
4.37713125000017,4.85729191999417
4.3774645833335,4.85976587845653
4.37779791666683,4.85989608679665
4.37813125000017,4.85846379505529
4.3784645833335,4.85273462808982
4.37879791666683,4.84544296104286
4.37913125000017,4.83815129399591
4.3794645833335,4.83958358573727
4.37979791666684,4.84244816922001
4.38013125000017,4.84557316938299
4.3804645833335,4.85768254501454
4.38079791666684,4.86184921189852
4.38113125000017,4.86523462874175
4.3814645833335,4.86041692015715
4.38179791666684,4.85286483642994
4.38213125000017,4.85143254468858
4.38246458333351,4.8526044197497
4.38279791666684,4.85507837821206
4.38313125000017,4.85286483642994
4.38346458333351,4.84739608614473
4.38379791666684,4.84674504444411
4.38413125000017,4.84882837788609
4.38446458333351,4.84362004428112
4.38479791666684,4.84544296104286
4.38513125000018,4.84335962760088
4.38546458333351,4.84335962760088
4.38579791666684,4.8386721273564
4.38613125000018,4.83567733553355
4.38646458333351,4.83502629383293
4.38679791666684,4.83880233569653
4.38713125000018,4.84153671083914
4.38746458333351,4.84440129432187
4.38779791666684,4.8391929607169
4.38813125000018,4.83476587715268
4.38846458333351,4.83072941860883
4.38879791666685,4.83294296039094
4.38913125000018,4.82981796022796
4.38946458333351,4.83151066864957
4.38979791666685,4.8316408769897
4.39013125000018,4.83125025196932
4.39046458333351,4.83346379375143
4.39079791666685,4.83294296039094
4.39113125000018,4.83697941893479
4.39146458333352,4.83528671051317
4.39179791666685,4.8316408769897
4.39213125000018,4.83294296039094
4.39246458333352,4.8311200436292
4.39279791666685,4.82708358508535
4.39313125000018,4.82799504346622
4.39346458333352,4.83216171035019
4.39379791666685,4.83710962727491
4.39413125000019,4.8343752521323
4.39446458333352,4.83333358541131
4.39479791666685,4.82721379342547
4.39513125000019,4.82369816824212
4.39546458333352,4.8182294179569
4.39579791666685,4.81901066799765
4.39613125000019,4.81796900127665
4.39646458333352,4.8182294179569
4.39679791666686,4.8187502513174
4.39713125000019,4.81835962629702
4.39746458333352,4.82109400143963
4.39779791666686,4.82369816824212
4.39813125000019,4.81835962629702
4.39846458333352,4.81614608451491
4.39879791666686,4.81627629285504
4.39913125000019,4.81992212637852
4.39946458333353,4.81497420945379
4.39979791666686,4.81653670953529
4.40013125000019,4.82174504314025
4.40046458333353,4.82851587682671
4.40079791666686,4.83229191869032
4.40113125000019,4.8311200436292
4.40146458333353,4.83020858524833
4.40179791666686,4.8268231684051
4.4021312500002,4.82473983496311
4.40246458333353,4.82578150168411
4.40279791666686,4.81796900127665
4.4031312500002,4.81263045933156
4.40346458333353,4.81119816759019
4.40379791666686,4.81705754289578
4.4041312500002,4.82265650152112
4.40446458333353,4.8220054598205
4.40479791666687,4.82317733488162
4.4051312500002,4.82500025164336
4.40546458333353,4.82929712686746
4.40579791666687,4.83177108532982
4.4061312500002,4.83385441877181
4.40646458333353,4.83138046030945
4.40679791666687,4.83476587715268
4.4071312500002,4.83828150233603
4.40746458333354,4.84270858590025
4.40779791666687,4.84518254436262
4.4081312500002,4.84466171100212
4.40846458333354,4.84375025262125
4.40879791666687,4.84544296104286
4.4091312500002,4.8477867111651
4.40946458333354,4.84648462776386
4.40979791666687,4.8440106693015
4.41013125000021,4.84713566946448
4.41046458333354,4.84921900290647
4.41079791666687,4.84388046096137
4.41113125000021,4.8397137940774
4.41146458333354,4.84049504411814
4.41179791666687,4.84192733585951
4.41213125000021,4.84648462776386
4.41246458333354,4.84882837788609
4.41279791666688,4.85338566979044
4.41313125000021,4.85325546145032
4.41346458333333,4.85247421140957
4.41379791666667,4.85195337804908
4.41413125,4.85130233634845
4.41446458333334,4.85078150298796
4.41479791666667,4.85924504509603
4.41513125,4.86250025359914
4.41546458333334,4.86315129529976
4.41579791666667,4.85950546177628
4.41613125,4.85651066995342
4.41646458333334,4.85416691983119
4.41679791666667,4.85195337804908
4.41713125000001,4.84739608614473
4.41746458333334,4.84531275270274
4.41779791666667,4.8397137940774
4.41813125000001,4.83854191901628
4.41846458333334,4.84453150266199
4.41879791666667,4.84440129432187
4.41913125000001,4.84479191934224
4.41946458333334,4.84101587747864
4.41979791666668,4.8391929607169
4.42013125000001,4.84127629415889
4.42046458333334,4.83880233569653
4.42079791666668,4.84153671083914
4.42113125000001,4.84062525245827
4.42146458333334,4.84062525245827
4.42179791666668,4.84362004428112
4.42213125000001,4.84570337772311
4.42246458333335,4.84179712751939
4.42279791666668,4.83398462711193
4.42313125000001,4.82747421010572
4.42346458333335,4.82968775188783
4.42379791666668,4.82929712686746
4.42413125000001,4.83216171035019
4.42446458333335,4.8386721273564
4.42479791666668,4.8386721273564
4.42513125000002,4.83528671051317
4.42546458333335,4.82721379342547
4.42579791666668,4.82552108500386
4.42613125000002,4.8220054598205
4.42646458333335,4.82161483480013
4.42679791666668,4.82213566816063
4.42713125000002,4.82552108500386
4.42746458333335,4.82695337674522
4.42779791666669,4.82773462678597
4.42813125000002,4.8263023350446
4.42846458333335,4.82773462678597
4.42879791666669,4.83151066864957
4.42913125000002,4.82890650184709
4.42946458333335,4.82460962662299
4.42979791666669,4.822526293181
4.43013125000002,4.82447941828286
4.43046458333336,4.82591171002423
4.43079791666669,4.82617212670448
4.43113125000002,4.82721379342547
4.43146458333336,4.82421900160261
4.43179791666669,4.82356795990199
4.43213125000002,4.82500025164336
4.43246458333336,4.82864608516684
4.43279791666669,4.82552108500386
4.43313125000002,4.82369816824212
4.43346458333336,4.82747421010572
4.43379791666669,4.82968775188783
4.43413125000003,4.83216171035019
4.43446458333336,4.83645858557429
4.43479791666669,4.83645858557429
4.43513125000003,4.83359400209156
4.43546458333336,4.83190129366994
4.43579791666669,4.83645858557429
4.43613125000003,4.84205754419963
4.43646458333336,4.84739608614473
4.4367979166667,4.8472658778046
4.43713125000003,4.8515627530287
4.43746458333336,4.8429690025805
4.4377979166667,4.84114608581876
4.43813125000003,4.8391929607169
4.43846458333336,4.84049504411814
4.4387979166667,4.83854191901628
4.43913125000003,4.84010441909777
4.43946458333337,4.84036483577802
4.4397979166667,4.843489835941
4.44013125000003,4.84531275270274
4.44046458333337,4.84609400274348
4.4407979166667,4.84218775253976
4.44113125000003,4.83750025229529
4.44146458333337,4.83463566881255
4.4417979166667,4.83294296039094
4.44213125000004,4.83372421043168
4.44246458333337,4.83658879391442
4.4427979166667,4.83893254403665
4.44313125000004,4.84140650249901
4.44346458333337,4.843489835941
4.4437979166667,4.84518254436262
4.44413125000004,4.84127629415889
4.44446458333337,4.843489835941
4.44479791666671,4.8483075445256
4.44513125000004,4.84804712784535
4.44546458333337,4.84765650282498
4.44579791666671,4.84309921092063
4.44613125000004,4.84531275270274
4.44646458333337,4.84205754419963
4.44679791666671,4.84609400274348
4.44713125000004,4.84596379440336
4.44746458333338,4.84583358606324
4.44779791666671,4.84479191934224
4.44813125000004,4.83932316905702
4.44846458333338,4.83294296039094
4.44879791666671,4.82916691852734
4.44913125000004,4.83268254371069
4.44946458333338,4.83606796055392
4.44979791666671,4.83203150201007
4.45013125000005,4.83098983528907
4.45046458333338,4.83046900192858
4.45079791666671,4.83190129366994
4.45113125000005,4.8268231684051
4.45146458333338,4.83020858524833
4.45179791666671,4.83697941893479
4.45213125000005,4.84283879424038
4.45246458333338,4.84583358606324
4.45279791666672,4.83945337739715
4.45313125000005,4.83750025229529
4.45346458333338,4.83737004395516
4.45379791666672,4.83893254403665
4.45413125000005,4.8354169188533
4.45446458333338,4.82903671018721
4.45479791666672,4.8268231684051
4.45513125000005,4.83138046030945
4.45546458333339,4.83033879358845
4.45579791666672,4.83203150201007
4.45613125000005,4.83671900225454
4.45646458333339,4.84166691917926
4.45679791666672,4.84114608581876
4.45713125000005,4.84010441909777
4.45746458333339,4.83619816889404
4.45779791666672,4.83815129399591
4.45813125000006,4.83750025229529
4.45846458333339,4.83828150233603
4.45879791666672,4.83502629383293
4.45913125000006,4.83307316873106
4.45946458333339,4.83580754387367
4.45979791666672,4.83554712719342
4.46013125000006,4.83463566881255
4.46046458333339,4.8343752521323
4.46079791666673,4.83567733553355
4.46113125000006,4.83190129366994
4.46146458333339,4.82695337674522
4.46179791666673,4.82382837658224
4.46213125000006,4.82656275172485
4.46246458333339,4.82278670986125
4.46279791666673,4.82721379342547
4.46313125000006,4.82929712686746
4.4634645833334,4.8359377522138
4.46379791666673,4.83697941893479
4.46413125000006,4.8354169188533
4.4644645833334,4.83385441877181
4.46479791666673,4.8268231684051
4.46513125000006,4.81888045965752
4.4654645833334,4.81549504281429
4.46579791666673,4.81679712621553
4.46613125000007,4.82851587682671
4.4664645833334,4.83645858557429
4.46679791666673,4.84023462743789
4.46713125000007,4.83958358573727
4.4674645833334,4.83671900225454
4.46779791666673,4.83424504379218
4.46813125000007,4.82708358508535
4.4684645833334,4.82604191836435
4.46879791666674,4.82591171002423
4.46913125000007,4.82981796022796
4.4694645833334,4.82864608516684
4.46979791666674,4.82968775188783
4.47013125000007,4.82890650184709
4.4704645833334,4.83307316873106
4.47079791666674,4.83463566881255
4.47113125000007,4.8359377522138
4.47146458333341,4.8316408769897
4.47179791666674,4.82903671018721
4.47213125000007,4.82916691852734
4.47246458333341,4.82591171002423
4.47279791666674,4.82825546014647
4.47313125000007,4.82526066832361
4.47346458333341,4.82851587682671
4.47379791666674,4.82708358508535
4.47413125000008,4.82460962662299
4.47446458333341,4.82369816824212
4.47479791666674,4.82708358508535
4.47513125000008,4.82656275172485
4.47546458333341,4.82161483480013
4.47579791666674,4.8144533760933
4.47613125000008,4.81328150103218
4.47646458333341,4.81901066799765
4.47679791666674,4.82942733520758
4.47713125000008,4.8343752521323
4.47746458333341,4.82760441844584
4.47779791666675,4.8139325427328
4.47813125000008,4.81458358443342
4.47846458333341,4.82083358475938
4.47879791666675,4.82864608516684
4.47913125000008,4.82955754354771
4.47946458333341,4.82356795990199
4.47979791666675,4.82122420977976
4.48013125000008,4.82109400143963
4.48046458333342,4.82395858492237
4.48079791666675,4.82291691820137
4.48113125000008,4.81901066799765
4.48146458333342,4.82330754322175
4.48179791666675,4.82317733488162
4.48213125000008,4.82578150168411
4.48246458333342,4.82643254338473
4.48279791666675,4.83151066864957
4.48313125000009,4.82903671018721
4.48346458333342,4.82330754322175
4.48379791666675,4.82109400143963
4.48413125000009,4.82604191836435
4.48446458333342,4.82877629350696
4.48479791666675,4.82981796022796
4.48513125000009,4.82981796022796
4.48546458333342,4.83294296039094
4.48579791666676,4.8343752521323
4.48613125000009,4.83398462711193
4.48646458333342,4.83463566881255
4.48679791666676,4.84036483577802
4.48713125000009,4.83880233569653
4.48746458333342,4.83880233569653
4.48779791666676,4.83372421043168
4.48813125000009,4.83476587715268
4.48846458333343,4.83802108565578
4.48879791666676,4.84244816922001
4.48913125000009,4.84765650282498
4.48946458333343,4.8483075445256
4.48979791666676,4.84466171100212
4.49013125000009,4.84544296104286
4.49046458333343,4.8440106693015
4.49079791666676,4.84752629448485
4.4911312500001,4.84817733618547
4.49146458333343,4.84622421108361
4.49179791666676,4.85130233634845
4.4921312500001,4.85325546145032
4.49246458333343,4.85625025327317
4.49279791666676,4.85612004493305
4.4931312500001,4.85078150298796
4.49346458333343,4.85572941991268
4.49379791666677,4.8563804616133
4.4941312500001,4.8596356701164
4.49446458333343,4.85729191999417
4.49479791666677,4.85364608647069
4.4951312500001,4.85104191966821
4.49546458333343,4.85234400306945
4.49579791666677,4.8563804616133
4.4961312500001,4.8649742120615
4.49646458333344,4.86523462874175
4.49679791666677,4.864453378701
4.4971312500001,4.85742212833429
4.49746458333344,4.85911483675591
4.49779791666677,4.864453378701
4.4981312500001,4.87031275400659
4.49846458333344,4.87317733748932
4.49879791666677,4.87044296234672
4.49913125000011,4.86601587878249
4.49946458333344,4.8611981701979
4.49979791666677,4.86002629513678
4.50013125000011,4.86354192032013
4.50046458333344,4.87174504574796
4.50079791666677,4.87070337902696
4.50113125000011,4.87408879587019
4.50146458333344,4.8735679625097
4.50179791666678,4.87604192097206
4.50213125000011,4.87760442105355
4.50246458333344,4.8725262957887
4.50279791666678,4.86692733716336
4.50313125000011,4.86549504542199
4.50346458333344,4.87070337902696
4.50379791666678,4.88151067125727
4.50413125000011,4.88463567142026
4.50446458333345,4.88763046324311
4.50479791666678,4.88372421303939
4.50513125000011,4.88528671312088
4.50546458333345,4.8848960881005
4.50579791666678,4.88281275465852
4.50613125000011,4.87513046259119
4.50646458333345,4.87070337902696
4.50679791666678,4.87226587910845
4.50713125000012,4.87708358769305
4.50746458333345,4.8811200462369
4.50779791666678,4.88190129627765
4.50813125000012,4.88046900453628
4.50846458333345,4.87148462906771
4.50879791666678,4.86601587878249
4.50913125000012,4.86093775351765
4.50946458333345,4.85872421173553
4.50979791666679,4.86406275368063
4.51013125000012,4.86744817052386
4.51046458333345,4.86848983724485
4.51079791666679,4.86263046193926
4.51113125000012,4.86054712849727
4.51146458333345,4.86184921189852
4.51179791666679,4.86588567044237
4.51213125000012,4.86315129529976
4.51246458333346,4.86406275368063
4.51279791666679,4.86979192064609
4.51313125000012,4.87226587910845
4.51346458333346,4.87200546242821
4.51379791666679,4.86862004558498
4.51413125000012,4.86171900355839
4.51446458333346,4.8569012949738
4.51479791666679,4.85442733651144
4.51513125000013,4.85846379505529
4.51546458333346,4.86575546210224
4.51579791666679,4.864453378701
4.51613125000013,4.86458358704113
4.51646458333346,4.8606773368374
4.51679791666679,4.8596356701164
4.51713125000013,4.85989608679665
4.51746458333346,4.86132837853802
4.5177979166668,4.85898462841578
4.51813125000013,4.86731796218373
4.51846458333346,4.86862004558498
4.5187979166668,4.86979192064609
4.51913125000013,4.86145858687814
4.51946458333346,4.85729191999417
4.5197979166668,4.86080754517752
4.52013125000013,4.864453378701
4.52046458333347,4.87174504574796
4.5207979166668,4.87799504607392
4.52113125000013,4.87955754615541
4.52146458333347,4.87617212931218
4.5217979166668,4.87278671246895
4.52213125000013,4.87135442072758
4.52246458333347,4.87812525441404
4.5227979166668,4.8816408795974
4.52313125000013,4.88359400469926
4.52346458333347,4.88320337967889
4.5237979166668,4.87994817117578
4.52413125000014,4.88242212963814
4.52446458333347,4.88398462971963
4.5247979166668,4.88190129627765
4.52513125000014,4.87942733781529
4.52546458333347,4.8805992128764
4.5257979166668,4.88020858785603
4.52613125000014,4.88033879619616
4.52646458333347,4.87994817117578
4.52679791666681,4.88515650478075
4.52713125000014,4.89218775514746
4.52746458333347,4.89531275531044
4.52779791666681,4.89791692211293
4.52813125000014,4.89960963053454
4.52846458333347,4.90078150559566
4.52879791666681,4.89908879717405
4.52913125000014,4.89713567207218
4.52946458333348,4.89713567207218
4.52979791666681,4.8977867137728
4.53013125000014,4.90039088057529
4.53046458333348,4.90130233895616
4.53079791666681,4.90794296430249
4.53113125000014,4.90950546438398
4.53146458333348,4.90533879750001
4.53179791666681,4.90559921418026
4.53213125000015,4.90572942252038
4.53246458333348,4.9020835889969
4.53279791666681,4.90000025555491
4.53313125000015,4.90052108891541
4.53346458333348,4.90859400600311
4.53379791666681,4.90924504770373
4.53413125000015,4.90377629741852
4.53446458333348,4.9031252557179
4.53479791666682,4.90520858915988
4.53513125000015,4.90768254762224
4.53546458333348,4.90182317231665
4.53579791666682,4.89505233863019
4.53613125000015,4.89544296365057
4.53646458333348,4.90429713077901
4.53679791666682,4.90429713077901
4.53713125000015,4.90494817247964
4.53746458333349,4.9031252557179
4.53779791666682,4.90768254762224
4.53813125000015,4.90612004754075
4.53846458333349,4.90585963086051
4.53879791666682,4.90859400600311
4.53913125000015,4.90924504770373
4.53946458333349,4.90494817247964
4.53979791666682,4.90117213061603
4.54013125000016,4.9020835889969
4.54046458333349,4.90390650575864
4.54079791666682,4.90351588073827
4.54113125000016,4.90286483903765
4.54146458333349,4.90143254729628
4.54179791666682,4.90091171393578
4.54213125000016,4.89921900551417
4.54246458333349,4.90299504737777
4.54279791666683,4.90065129725554
4.54313125000016,4.89700546373206
4.54346458333349,4.89140650510672
4.54379791666683,4.89570338033082
4.54413125000016,4.90755233928212
4.54446458333349,4.91132838114572
4.54479791666683,4.91289088122721
4.54513125000016,4.90546900584013
4.5454645833335,4.90520858915988
4.54579791666683,4.9069012975815
4.54613125000016,4.90585963086051
4.5464645833335,4.89895858883392
4.54679791666683,4.89427108858945
4.54713125000016,4.8945315052697
4.5474645833335,4.89648463037156
4.54779791666683,4.89583358867094
4.54813125000017,4.90169296397653
4.5484645833335,4.90781275596237
4.54879791666683,4.90820338098274
4.54913125000017,4.89739608875243
4.5494645833335,4.89270858850796
4.54979791666683,4.89049504672585
4.55013125000017,4.88997421336535
4.5504645833335,4.88906275498448
4.55079791666684,4.89309921352833
4.55113125000017,4.89557317199069
4.5514645833335,4.89739608875243
4.55179791666684,4.8940106719092
4.55213125000017,4.89322942186845
4.5524645833335,4.89036483838572
4.55279791666684,4.88567733814125
4.55313125000017,4.88411483805976
4.55346458333351,4.88737004656286
4.55379791666684,4.89088567174622
4.55413125000017,4.89518254697032
4.55446458333351,4.89466171360982
4.55479791666684,4.89166692178696
4.55513125000017,4.89192733846721
4.55546458333351,4.89179713012709
4.55579791666684,4.8934898385487
4.55613125000018,4.88932317166473
4.55646458333351,4.88554712980113
4.55679791666684,4.88828150494373
4.55713125000018,4.88750025490299
4.55746458333351,4.88880233830423
4.55779791666684,4.88463567142026
4.55813125000018,4.88242212963814
4.55846458333351,4.88945338000485
4.55879791666685,4.89648463037156
4.55913125000018,4.89804713045305
4.55946458333351,4.89388046356908
4.55979791666685,4.8897137966851
4.56013125000018,4.89205754680734
4.56046458333351,4.88854192162398
4.56079791666685,4.88750025490299
4.56113125000018,4.89062525506597
4.56146458333352,4.89075546340609
4.56179791666685,4.89492213029007
4.56213125000018,4.89414088024932
4.56246458333352,4.89713567207218
4.56279791666685,4.8945315052697
4.56313125000018,4.89635442203144
4.56346458333352,4.90000025555491
4.56379791666685,4.89661483871168
4.56413125000019,4.89127629676659
4.56446458333352,4.88619817150175
4.56479791666685,4.88450546308013
4.56513125000019,4.89127629676659
4.56546458333352,4.8983075471333
4.56579791666685,4.9026044223574
4.56613125000019,4.89908879717405
4.56646458333352,4.89101588008634
4.56679791666685,4.88841171328386
4.56713125000019,4.88567733814125
4.56746458333352,4.88072942121653
4.56779791666686,4.8805992128764
4.56813125000019,4.87565129595168
4.56846458333352,4.8725262957887
4.56879791666686,4.86888046226522
4.56913125000019,4.86848983724485
4.56946458333352,4.87408879587019
4.56979791666686,4.88033879619616
4.57013125000019,4.88463567142026
4.57046458333353,4.88997421336535
4.57079791666686,4.88802108826349
4.57113125000019,4.88854192162398
4.57146458333353,4.88854192162398
4.57179791666686,4.885416921461
4.57213125000019,4.8816408795974
4.57246458333353,4.87942733781529
4.57279791666686,4.87643254599243
4.5731312500002,4.87708358769305
4.57346458333353,4.88151067125727
4.57379791666686,4.88671900486224
4.5741312500002,4.88932317166473
4.57446458333353,4.885416921461
4.57479791666686,4.88528671312088
4.5751312500002,4.88307317133877
4.57546458333353,4.8848960881005
4.57579791666687,4.88255233797827
4.5761312500002,4.88580754648137
4.57646458333353,4.88515650478075
4.57679791666687,4.88684921320237
4.5771312500002,4.88567733814125
4.57746458333353,4.87981796283566
4.57779791666687,4.8768231710128
4.5781312500002,4.87187525408808
4.57846458333354,4.87447942089057
4.57879791666687,4.87656275433255
4.5791312500002,4.87799504607392
4.57946458333354,4.87656275433255
4.57979791666687,4.88085962955665
4.5801312500002,4.88281275465852
4.58046458333354,4.87864608777454
4.58079791666687,4.8725262957887
4.58113125000021,4.86796900388435
4.58146458333354,4.86679712882324
4.58179791666687,4.86250025359914
4.58213125000021,4.86132837853802
4.58246458333354,4.8649742120615
4.58279791666687,4.86809921222448
4.58313125000021,4.87291692080908
4.58346458333354,4.87174504574796
4.58379791666688,4.86783879554423
4.58413125,4.86731796218373
4.58446458333333,4.87122421238746
4.58479791666667,4.87135442072758
4.58513125,4.86744817052386
4.58546458333334,4.86679712882324
4.58579791666667,4.8687502539251
4.58613125,4.86940129562572
4.58646458333334,4.86523462874175
4.58679791666667,4.86367212866026
4.58713125,4.86666692048311
4.58746458333334,4.86679712882324
4.58779791666667,4.86953150396585
4.58813125000001,4.86718775384361
4.58846458333334,4.86601587878249
4.58879791666667,4.86796900388435
4.58913125000001,4.86862004558498
4.58946458333334,4.87031275400659
4.58979791666667,4.87096379570721
4.59013125000001,4.87916692113504
4.59046458333334,4.8811200462369
4.59079791666668,4.87903671279491
4.59113125000001,4.86953150396585
4.59146458333334,4.86406275368063
4.59179791666668,4.85559921157255
4.59213125000001,4.85572941991268
4.59246458333334,4.85924504509603
4.59279791666668,4.86562525376212
4.59313125000001,4.86458358704113
4.59346458333335,4.86406275368063
4.59379791666668,4.86276067027939
4.59413125000001,4.86263046193926
4.59446458333335,4.8649742120615
4.59479791666668,4.86510442040162
4.59513125000001,4.86080754517752
4.59546458333335,4.85924504509603
4.59579791666668,4.86315129529976
4.59613125000002,4.86757837886398
4.59646458333335,4.86940129562572
4.59679791666668,4.86692733716336
4.59713125000002,4.86901067060535
4.59746458333335,4.86562525376212
4.59779791666668,4.864453378701
4.59813125000002,4.86484400372137
4.59846458333335,4.86666692048311
4.59879791666669,4.86223983691889
4.59913125000002,4.86132837853802
4.59946458333335,4.85833358671516
4.59979791666669,4.86106796185777
4.60013125000002,4.86263046193926
4.60046458333335,4.87031275400659
4.60079791666669,4.87721379603318
4.60113125000002,4.885416921461
4.60146458333336,4.88437525474001
4.60179791666669,4.88515650478075
4.60213125000002,4.88450546308013
4.60246458333336,4.88619817150175
4.60279791666669,4.8902346300456
4.60313125000002,4.88320337967889
4.60346458333336,4.88125025457703
4.60379791666669,4.88359400469926
4.60413125000003,4.89192733846721
4.60446458333336,4.90416692243889
4.60479791666669,4.90898463102349
4.60513125000003,4.91276067288709
4.60546458333336,4.90885442268336
4.60579791666669,4.91562525636982
4.60613125000003,4.92382838179765
4.60646458333336,4.92591171523964
4.6067979166667,4.92864609038224
4.60713125000003,4.93059921548411
4.60746458333336,4.94322942447616
4.6077979166667,4.95390650836634
4.60813125000003,4.95833359193057
4.60846458333336,4.95351588334597
4.6087979166667,4.94518254957802
4.60913125000003,4.948307549741
4.60946458333337,4.96002630035218
4.6097979166667,4.96406275889603
4.61013125000003,4.96471380059666
4.61046458333337,4.96835963412013
4.6107979166667,4.97539088448684
4.61113125000003,4.98580755169678
4.61146458333337,4.99335963542399
4.6117979166667,5.00091171915119
4.61213125000003,5.00598984441604
4.61246458333337,5.00625026109629
4.6127979166667,5.01184921972163
4.61313125000004,5.0160158866056
4.61346458333337,5.02552109543467
4.6137979166667,5.0380210960866
4.61413125000004,5.04895859665703
4.61446458333337,5.0503908883984
4.6147979166667,5.04765651325579
4.61513125000004,5.05065130507865
4.61546458333337,5.06184922232933
4.61579791666671,5.07434922298125
4.61613125000004,5.08502630687144
4.61646458333337,5.09296901561902
4.61679791666671,5.09960964096535
4.61713125000004,5.11002630817529
4.61746458333337,5.12057318372536
4.61779791666671,5.12955755919393
4.61813125000004,5.13750026794151
4.61846458333338,5.14856797685206
4.61879791666671,5.16497422770772
4.61913125000004,5.18020860350225
4.61946458333338,5.1966148543579
4.61979791666671,5.20013047954126
4.62013125000004,5.20507839646598
4.62046458333338,5.21250027185306
4.62079791666671,5.2186200638389
4.62113125000005,5.22213568902225
4.62146458333338,5.22148464732163
4.62179791666671,5.23320339793281
4.62213125000005,5.24257839842176
4.62246458333338,5.25091173218971
4.62279791666671,5.25260444061132
4.62313125000005,5.24973985712859
4.62346458333338,5.24505235688412
4.62379791666672,5.23880235655815
4.62413125000005,5.24192735672114
4.62446458333338,5.23893256489828
4.62479791666672,5.23789089817729
4.62513125000005,5.23190131453157
4.62546458333338,5.22552110586548
4.62579791666672,5.21132839679194
4.62613125000005,5.20117214626225
4.62646458333339,5.19309922917455
4.62679791666672,5.18789089556958
4.62713125000005,5.18320339532511
4.62746458333339,5.17526068657753
4.62779791666672,5.17226589475467
4.62813125000005,5.15651068559964
4.62846458333339,5.14479193498846
4.62879791666672,5.13320339271741
4.62913125000006,5.12526068396983
4.62946458333339,5.11484401675989
4.62979791666672,5.10429714120983
4.63013125000006,5.08789089035417
4.63046458333339,5.07239609787939
4.63079791666672,5.06184922232933
4.63113125000006,5.05703151374473
4.63146458333339,5.04375026305206
4.63179791666673,5.02721380385628
4.63213125000006,5.01822942838771
4.63246458333339,5.01406276150374
4.63279791666673,5.00325546927343
4.63313125000006,4.99544296886597
4.63346458333339,4.98841171849927
4.63379791666673,4.98072942643194
4.63413125000006,4.9697919258615
4.6344645833334,4.9569013001892
4.63479791666673,4.94804713306075
4.63513125000006,4.93789088253106
4.6354645833334,4.9402346326533
4.63579791666673,4.94322942447616
4.63613125000006,4.9397137992928
4.6364645833334,4.92994817378349
4.63679791666673,4.92070338163467
4.63713125000007,4.91653671475069
4.6374645833334,4.91510442300933
4.63779791666673,4.90729192260187
4.63813125000007,4.9069012975815
4.6384645833334,4.90820338098274
4.63879791666673,4.90989608940436
4.63913125000007,4.90442733911914
4.6394645833334,4.89960963053454
4.63979791666674,4.89856796381355
4.64013125000007,4.90065129725554
4.6404645833334,4.8977867137728
4.64079791666674,4.89544296365057
4.64113125000007,4.89817733879318
4.6414645833334,4.90156275563641
4.64179791666674,4.90026067223516
4.64213125000007,4.89335963020858
4.64246458333341,4.88684921320237
4.64279791666674,4.88450546308013
4.64313125000007,4.87942733781529
4.64346458333341,4.8768231710128
4.64379791666674,4.88046900453628
4.64413125000007,4.88151067125727
4.64446458333341,4.88684921320237
4.64479791666674,4.88763046324311
4.64513125000008,4.88619817150175
4.64546458333341,4.88372421303939
4.64579791666674,4.88072942121653
4.64613125000008,4.88190129627765
4.64646458333341,4.8805992128764
4.64679791666674,4.87838567109429
4.64713125000008,4.8816408795974
4.64746458333341,4.88515650478075
4.64779791666675,4.89062525506597
4.64813125000008,4.89049504672585
4.64846458333341,4.89153671344684
4.64879791666675,4.8891929633246
4.64913125000008,4.89010442170547
4.64946458333341,4.88945338000485
4.64979791666675,4.89192733846721
4.65013125000008,4.89335963020858
4.65046458333342,4.8902346300456
4.65079791666675,4.89596379701106
4.65113125000008,4.89765650543268
4.65146458333342,4.90000025555491
4.65179791666675,4.90351588073827
4.65213125000008,4.90872421434324
4.65246458333342,4.91601588139019
4.65279791666675,4.91744817313156
4.65313125000009,4.91862004819268
4.65346458333342,4.91796900649206
4.65379791666675,4.91796900649206
4.65413125000009,4.92174504835566
4.65446458333342,4.93138046552485
4.65479791666675,4.93893254925206
4.65513125000009,4.93932317427243
4.65546458333342,4.94244817443541
4.65579791666676,4.94335963281628
4.65613125000009,4.95052109152311
4.65646458333342,4.95247421662498
4.65679791666676,4.95729192520957
4.65713125000009,4.96419296723616
4.65746458333342,4.96914088416088
4.65779791666676,4.97226588432386
4.65813125000009,4.97877630133007
4.65846458333342,4.9859377600369
4.65879791666676,4.9988283857092
4.65913125000009,5.00872421955865
4.65946458333343,5.0251304704143
4.65979791666676,5.04205755463045
4.66013125000009,5.05507838864287
4.66046458333343,5.05911484718672
4.66079791666676,5.0617190139892
4.66113125000009,5.07278672289976
4.66146458333343,5.08619818193256
4.66179791666676,5.09752630752337
4.6621312500001,5.11106797489629
4.66246458333343,5.12526068396983
4.66279791666676,5.14348985158722
4.6631312500001,5.16679714446946
4.66346458333343,5.19700547937828
4.66379791666676,5.221875272342
4.6641312500001,5.24140652336064
4.66446458333343,5.26028673267865
4.66479791666677,5.28346381722076
4.6651312500001,5.31119819366722
4.66546458333343,5.33984402849455
4.66579791666677,5.3825523640553
4.6661312500001,5.42916694981977
4.66646458333343,5.48164091088984
4.66679791666677,5.5335940385994
4.6671312500001,5.58750029141083
4.66746458333344,5.64947946130997
4.66779791666677,5.71171904788935
4.6681312500001,5.77877634305332
4.66846458333344,5.85833363886923
4.66879791666677,5.93671905962401
4.6691312500001,6.02122427236464
4.66946458333344,6.10976594364911
4.66979791666677,6.20494824027992
4.67013125000011,6.30403678711446
4.67046458333344,6.40338575062924
4.67079791666677,6.51315138135396
4.67113125000011,6.63502638771024
4.67146458333344,6.75937535252888
4.67179791666677,6.88424515070801
4.67213125000011,7.00989619892789
4.67246458333344,7.13398474706628
4.67279791666678,7.2619795454084
4.67313125000011,7.39218788553262
4.67346458333344,7.5140628918889
4.67379791666678,7.63802123168716
4.67413125000011,7.74661498735077
4.67446458333344,7.8585941598576
4.67479791666678,7.95976604013413
4.67513125000011,8.05664104518655
4.67546458333345,8.14101604958705
4.67579791666678,8.21419313673687
4.67613125000011,8.2847660570842
4.67646458333345,8.35559939411178
4.67679791666678,8.41015668862383
4.67713125000011,8.44843794062035
4.67746458333345,8.46822960831923
4.67779791666678,8.48007856727054
4.67813125000012,8.47591190038656
4.67846458333345,8.47994835893041
4.67879791666678,8.48619835925638
4.67913125000012,8.47591190038656
4.67946458333345,8.44505252377712
4.67979791666678,8.40651085510035
4.68013125000012,8.36302126949886
4.68046458333345,8.30677126656519
4.68079791666679,8.234245221116
4.68113125000012,8.15169313347724
4.68146458333345,8.06263062883227
4.68179791666679,7.96028687349462
4.68213125000012,7.85872436819773
4.68246458333345,7.74934936249338
4.68279791666679,7.63216185638157
4.68313125000012,7.51328164184815
4.68346458333346,7.39283892723324
4.68379791666679,7.27552121278131
4.68413125000012,7.15416703978554
4.68446458333346,7.03242224176938
4.68479791666679,6.91250036051497
4.68513125000012,6.79348993764143
4.68546458333346,6.6794274316926
4.68579791666679,6.56822950922651
4.68613125000013,6.46250033704564
4.68646458333346,6.35468783142278
4.68679791666679,6.2548180345475
4.68713125000013,6.15598990439321
4.68746458333346,6.07656281691743
4.68779791666679,6.00572947988985
4.68813125000013,5.93984405978699
4.68846458333346,5.875911764786
4.6887979166668,5.81419301156711
4.68913125000013,5.76119821713655
4.68946458333346,5.70169300569978
4.6897979166668,5.64166696090251
4.69013125000013,5.59088570825406
4.69046458333346,5.55221383123717
4.6907979166668,5.51914091284562
4.69113125000013,5.48580757777381
4.69146458333347,5.44947945087915
4.6917979166668,5.41809924090921
4.69213125000013,5.39257840624487
4.69246458333347,5.36445340477803
4.6927979166668,5.3411461118958
4.69313125000013,5.31445340217033
4.69346458333347,5.2949221511517
4.6937979166668,5.27864610863617
4.69413125000014,5.26132839939965
4.69446458333347,5.24987006546871
4.6947979166668,5.23737006481679
4.69513125000014,5.22252631404263
4.69546458333347,5.20859402164933
4.6957979166668,5.19427110423567
4.69613125000014,5.18867214561033
4.69646458333347,5.18541693710722
4.69679791666681,5.17903672844113
4.69713125000014,5.16914089459169
4.69746458333347,5.1557294355589
4.69779791666681,5.14505235166871
4.69813125000014,5.1428388098866
4.69846458333347,5.13880235134275
4.69879791666681,5.13359401773778
4.69913125000014,5.12773464243219
4.69946458333348,5.12044297538523
4.69979791666681,5.11445339173952
4.70013125000014,5.11002630817529
4.70046458333348,5.10325547448883
4.70079791666681,5.1046877662302
4.70113125000014,5.10221380776784
4.70146458333348,5.10364609950921
4.70179791666681,5.10182318274747
4.70213125000014,5.09296901561902
4.70246458333348,5.08880234873504
4.70279791666681,5.08190130670846
4.70313125000015,5.08046901496709
4.70346458333348,5.07734401480411
4.70379791666681,5.07291693123989
4.70413125000015,5.07096380613802
4.70446458333348,5.06966172273678
4.70479791666681,5.07096380613802
4.70513125000015,5.06901068103616
4.70546458333348,5.06132838896883
4.70579791666682,5.05690130540461
4.70613125000015,5.06002630556759
4.70646458333348,5.06302109739045
4.70679791666682,5.06067734726821
4.70713125000015,5.05572943034349
4.70746458333348,5.05286484686076
4.70779791666682,5.05494818030275
4.70813125000015,5.05013047171815
4.70846458333349,5.04322942969157
4.70879791666682,5.03411484588287
4.70913125000015,5.03294297082175
4.70946458333349,5.03580755430448
4.70979791666682,5.0423179713107
4.71013125000015,5.04101588790945
4.71046458333349,5.03737005438598
4.71079791666682,5.03307317916187
4.71113125000016,5.02981797065877
4.71146458333349,5.03125026240014
4.71179791666682,5.0294273456384
4.71213125000016,5.02487005373405
4.71246458333349,5.01484401154448
4.71279791666682,5.00937526125927
4.71313125000016,5.012239844742
4.71346458333349,5.01835963672784
4.71379791666683,5.02434922037355
4.71413125000016,5.01992213680933
4.71446458333349,5.02122422021057
4.71479791666683,5.01158880304138
4.71513125000016,5.01002630295989
4.71546458333349,5.00598984441604
4.71579791666683,5.00520859437529
4.71613125000016,5.00612005275616
4.7164645833335,5.00429713599442
4.71679791666683,5.00781276117777
4.71713125000016,5.00494817769504
4.7174645833335,5.00598984441604
4.71779791666683,5.00377630263392
4.71813125000016,4.9988283857092
4.7184645833335,4.99544296886597
4.71879791666683,4.99492213550548
4.71913125000017,4.99140651032212
4.7194645833335,4.98619817671715
4.71979791666683,4.98072942643194
4.72013125000017,4.98098984311218
4.7204645833335,4.9778648429492
4.72079791666683,4.97721380124858
4.72113125000017,4.98281275987392
4.7214645833335,4.98541692667641
4.72179791666684,4.98424505161529
4.72213125000017,4.98632838505728
4.7224645833335,4.98658880173753
4.72279791666684,4.97825546796958
4.72313125000017,4.96744817573926
4.7234645833335,4.96197942545405
4.72379791666684,4.96289088383492
4.72413125000017,4.96367213387566
4.72446458333351,4.96432317557628
4.72479791666684,4.97122421760287
4.72513125000017,4.9735679677251
4.72546458333351,4.97447942610597
4.72579791666684,4.97473984278622
4.72613125000017,4.9735679677251
4.72646458333351,4.9735679677251
4.72679791666684,4.97317734270473
4.72713125000018,4.97070338424237
4.72746458333351,4.96640650901827
4.72779791666684,4.96210963379417
4.72813125000018,4.96640650901827
4.72846458333351,4.97304713436461
4.72879791666684,4.9735679677251
4.72913125000018,4.97122421760287
4.72946458333351,4.96835963412013
4.72979791666685,4.96992213420162
4.73013125000018,4.97226588432386
4.73046458333351,4.97773463460908
4.73079791666685,4.97929713469057
4.73113125000018,4.98125025979243
4.73146458333351,4.98528671833628
4.73179791666685,4.98606796837703
4.73213125000018,4.98802109347889
4.73246458333352,4.9821617181733
4.73279791666685,4.98398463493504
4.73313125000018,4.98437525995541
4.73346458333352,4.98138046813256
4.73379791666685,4.98828151015914
4.73413125000018,4.9907554686215
4.73446458333352,4.99791692732833
4.73479791666685,4.99596380222647
4.73513125000019,4.99726588562771
4.73546458333352,4.9955731772061
4.73579791666685,4.99544296886597
4.73613125000019,4.99583359388635
4.73646458333352,4.99921901072958
4.73679791666685,5.00182317753206
4.73713125000019,5.00885442789877
4.73746458333352,5.01210963640188
4.73779791666686,5.01614609494573
4.73813125000019,5.01510442822473
4.73846458333352,5.01562526158523
4.73879791666686,5.0127606781025
4.73913125000019,5.00299505259318
4.73946458333352,5.00247421923268
4.73979791666686,5.01002630295989
4.74013125000019,5.01901067842846
4.74046458333353,5.01614609494573
4.74079791666686,5.01132838636113
4.74113125000019,5.01328151146299
4.74146458333353,5.01783880336734
4.74179791666686,5.01588567826548
4.74213125000019,5.00924505291914
4.74246458333353,5.00872421955865
4.74279791666686,5.00507838603517
4.7431312500002,5.01315130312287
4.74346458333353,5.02070338685007
4.74379791666686,5.0197919284692
4.7441312500002,5.01250026142225
4.74446458333353,5.00533880271541
4.74479791666686,5.00677109445678
4.7451312500002,5.00651067777653
4.74546458333353,5.0041669276543
4.74579791666687,5.00052109413082
4.7461312500002,4.99700546894746
4.74646458333353,4.99270859372336
4.74679791666687,4.99414088546473
4.7471312500002,4.99609401056659
4.74746458333353,4.99531276052585
4.74779791666687,4.98880234351964
4.7481312500002,4.98476588497579
4.74846458333353,4.97955755137082
4.74879791666687,4.97799505128933
4.7491312500002,4.97721380124858
4.74946458333354,4.9746096344461
4.74979791666687,4.96992213420162
4.7501312500002,4.96875025914051
4.75046458333354,4.97200546764361
4.75079791666687,4.97552109282697
4.7511312500002,4.96822942578001
4.75146458333354,4.96367213387566
4.75179791666687,4.9574221335497
4.75213125000021,4.95390650836634
4.75246458333354,4.95377630002622
4.75279791666687,4.95182317492436
4.75313125000021,4.9569013001892
4.75346458333354,4.95546900844784
4.75379791666687,4.95143254990398
4.75413125000021,4.94778671638051
4.75446458333354,4.94114609103417
4.75479791666667,4.94101588269405
4.75513125,4.93789088253106
4.75546458333333,4.9359377574292
4.75579791666667,4.93177109054523
4.75613125,4.92968775710324
4.75646458333334,4.92747421532113
4.75679791666667,4.93098984050448
4.75713125,4.92916692374274
4.75746458333334,4.93085963216436
4.75779791666667,4.93424504900759
4.75813125,4.93333359062672
4.75846458333334,4.92812525702175
4.75879791666667,4.92487004851864
4.75913125000001,4.9230471317569
4.75946458333334,4.92487004851864
4.75979791666667,4.92487004851864
4.76013125000001,4.92421900681802
4.76046458333334,4.92031275661429
4.76079791666667,4.91588567305007
4.76113125000001,4.91653671475069
4.76146458333334,4.91822942317231
4.76179791666668,4.91640650641057
4.76213125000001,4.91341171458771
4.76246458333334,4.91393254794821
4.76279791666668,4.91731796479144
4.76313125000001,4.91328150624759
4.76346458333334,4.91354192292783
4.76379791666668,4.9106773394451
4.76413125000001,4.90911483936361
4.76446458333335,4.90299504737777
4.76479791666668,4.89804713045305
4.76513125000001,4.90234400567715
4.76546458333335,4.90911483936361
4.76579791666668,4.91367213126796
4.76613125000001,4.91692733977106
4.76646458333335,4.91640650641057
4.76679791666668,4.91393254794821
4.76713125000002,4.91002629774448
4.76746458333335,4.90820338098274
4.76779791666668,4.90572942252038
4.76813125000002,4.90377629741852
4.76846458333335,4.90598983920063
4.76879791666668,4.90598983920063
4.76913125000002,4.90781275596237
4.76946458333335,4.90768254762224
4.76979791666669,4.90989608940436
4.77013125000002,4.90703150592162
4.77046458333335,4.90651067256113
4.77079791666669,4.90807317264262
4.77113125000002,4.91484400632908
4.77146458333335,4.91276067288709
4.77179791666669,4.91640650641057
4.77213125000002,4.91809921483218
4.77246458333336,4.91914088155318
4.77279791666669,4.91237004786672
4.77313125000002,4.90598983920063
4.77346458333336,4.90468775579939
4.77379791666669,4.90351588073827
4.77413125000002,4.90338567239814
4.77446458333336,4.90390650575864
4.77479791666669,4.90091171393578
4.77513125000003,4.90390650575864
4.77546458333336,4.90117213061603
4.77579791666669,4.90455754745926
4.77613125000003,4.90195338065678
4.77646458333336,4.89843775547342
4.77679791666669,4.90182317231665
4.77713125000003,4.90507838081976
4.77746458333336,4.906380464221
4.7777979166667,4.90898463102349
4.77813125000003,4.90755233928212
4.77846458333336,4.90807317264262
4.7787979166667,4.9069012975815
4.77913125000003,4.90794296430249
4.77946458333336,4.91002629774448
4.7797979166667,4.90729192260187
4.78013125000003,4.90078150559566
4.78046458333337,4.89218775514746
4.7807979166667,4.8891929633246
4.78113125000003,4.89622421369131
4.78146458333337,4.90481796413951
4.7817979166667,4.90924504770373
4.78213125000003,4.90703150592162
4.78246458333337,4.91210963118647
4.7827979166667,4.91184921450622
4.78313125000004,4.90729192260187
4.78346458333337,4.90091171393578
4.7837979166667,4.89908879717405
4.78413125000004,4.89661483871168
4.78446458333337,4.89531275531044
4.7847979166667,4.89531275531044
4.78513125000004,4.90325546405802
4.78546458333337,4.90625025588088
4.78579791666671,4.90833358932287
4.78613125000004,4.90755233928212
4.78646458333337,4.90846379766299
4.78679791666671,4.91028671442473
4.78713125000004,4.91106796446547
4.78746458333337,4.91419296462846
4.78779791666671,4.91484400632908
4.78813125000004,4.92135442333529
4.78846458333338,4.92539088187914
4.78879791666671,4.92122421499516
4.78913125000004,4.91367213126796
4.78946458333338,4.90885442268336
4.78979791666671,4.90559921418026
4.79013125000004,4.90026067223516
4.79046458333338,4.89492213029007
4.79079791666671,4.90234400567715
4.79113125000005,4.90585963086051
4.79146458333338,4.90664088090125
4.79179791666671,4.907422130942
4.79213125000005,4.90885442268336
4.79246458333338,4.90859400600311
4.79279791666671,4.90703150592162
4.79313125000005,4.90885442268336
4.79346458333338,4.9106773394451
4.79379791666671,4.91393254794821
4.79413125000005,4.91718775645131
4.79446458333338,4.91992213159392
4.79479791666672,4.91822942317231
4.79513125000005,4.91588567305007
4.79546458333338,4.91419296462846
4.79579791666672,4.91419296462846
4.79613125000005,4.91250025620684
4.79646458333338,4.91250025620684
4.79679791666672,4.90651067256113
4.79713125000005,4.90377629741852
4.79746458333339,4.90924504770373
4.79779791666672,4.91276067288709
4.79813125000005,4.91666692309082
4.79846458333339,4.91731796479144
4.79879791666672,4.91627629807044
4.79913125000005,4.91315129790746
4.79946458333339,4.90377629741852
4.79979791666672,4.90013046389504
4.80013125000006,4.89869817215367
4.80046458333339,4.89674504705181
4.80079791666672,4.89570338033082
4.80113125000006,4.89960963053454
4.80146458333339,4.90247421401728
4.80179791666672,4.90781275596237
4.80213125000006,4.9106773394451
4.80246458333339,4.91158879782597
4.80279791666673,4.90989608940436
4.80313125000006,4.90768254762224
4.80346458333339,4.90390650575864
4.80379791666673,4.90468775579939
4.80413125000006,4.90585963086051
4.80446458333339,4.91263046454696
4.80479791666673,4.91263046454696
4.80513125000006,4.90625025588088
4.8054645833334,4.90520858915988
4.80579791666673,4.90143254729628
4.80613125000006,4.90130233895616
4.8064645833334,4.89960963053454
4.80679791666673,4.90052108891541
4.80713125000006,4.90039088057529
4.8074645833334,4.90221379733703
4.80779791666673,4.90390650575864
4.80813125000007,4.90859400600311
4.8084645833334,4.90872421434324
4.80879791666673,4.9026044223574
4.80913125000007,4.89895858883392
4.8094645833334,4.89947942219442
4.80979791666673,4.90664088090125
4.81013125000007,4.91393254794821
4.8104645833334,4.91276067288709
4.81079791666674,4.91210963118647
4.81113125000007,4.90494817247964
4.8114645833334,4.90169296397653
4.81179791666674,4.90234400567715
4.81213125000007,4.90455754745926
4.8124645833334,4.91223983952659
4.81279791666674,4.91718775645131
4.81313125000007,4.91614608973032
4.81346458333341,4.91315129790746
4.81379791666674,4.907422130942
4.81413125000007,4.91510442300933
4.81446458333341,4.92265650673653
4.81479791666674,4.92552109021926
4.81513125000007,4.92747421532113
4.81546458333341,4.92109400665504
4.81579791666674,4.92070338163467
4.81613125000008,4.91966171491367
4.81646458333341,4.92278671507665
4.81679791666674,4.92630234026001
4.81713125000008,4.92825546536187
4.81746458333341,4.93203150722547
4.81779791666674,4.93567734074895
4.81813125000008,4.93489609070821
4.81846458333341,4.93632838244957
4.81879791666675,4.93385442398721
4.81913125000008,4.9321617155656
4.81946458333341,4.93346379896684
4.81979791666675,4.94127629937429
4.82013125000008,4.94557317459839
4.82046458333341,4.94791692472063
4.82079791666675,4.95013046650274
4.82113125000008,4.95221379994473
4.82146458333342,4.94648463297926
4.82179791666675,4.94700546633976
4.82213125000008,4.9488283831015
4.82246458333342,4.95325546666572
4.82279791666675,4.95065129986324
4.82313125000008,4.95013046650274
4.82346458333342,4.94869817476138
4.82379791666675,4.94947942480212
4.82413125000009,4.95351588334597
4.82446458333342,4.95195338326448
4.82479791666675,4.95013046650274
4.82513125000009,4.94427109119715
4.82546458333342,4.9440106745169
4.82579791666675,4.94335963281628
4.82613125000009,4.94309921613603
4.82646458333342,4.93984400763293
4.82679791666676,4.93802109087119
4.82713125000009,4.93372421564709
4.82746458333342,4.93203150722547
4.82779791666676,4.93072942382423
4.82813125000009,4.93151067386498
4.82846458333342,4.9364585907897
4.82879791666676,4.93893254925206
4.82913125000009,4.93984400763293
4.82946458333343,4.9397137992928
4.82979791666676,4.93203150722547
4.83013125000009,4.93307317394647
4.83046458333343,4.93046900714398
4.83079791666676,4.93112004884461
4.83113125000009,4.93567734074895
4.83146458333343,4.93398463232734
4.83179791666676,4.93398463232734
4.8321312500001,4.92916692374274
4.83246458333343,4.92434921515815
4.83279791666676,4.92057317329454
4.8331312500001,4.91328150624759
4.83346458333343,4.91223983952659
4.83379791666676,4.91250025620684
4.8341312500001,4.91432317296858
4.83446458333343,4.91536483968957
4.83479791666677,4.91888046487293
4.8351312500001,4.91562525636982
4.83546458333343,4.91432317296858
4.83579791666677,4.91679713143094
4.8361312500001,4.92122421499516
4.83646458333343,4.92526067353901
4.83679791666677,4.92434921515815
4.8371312500001,4.92421900681802
4.83746458333343,4.92278671507665
4.83779791666677,4.91575546470995
4.8381312500001,4.91510442300933
4.83846458333344,4.91523463134945
4.83879791666677,4.91289088122721
4.8391312500001,4.91315129790746
4.83946458333344,4.91458358964883
4.83979791666677,4.91718775645131
4.8401312500001,4.91822942317231
4.84046458333344,4.91770858981181
4.84079791666677,4.91692733977106
4.84113125000011,4.91679713143094
4.84146458333344,4.91627629807044
4.84179791666677,4.91679713143094
4.84213125000011,4.91028671442473
4.84246458333344,4.90833358932287
4.84279791666677,4.91419296462846
4.84313125000011,4.91862004819268
4.84346458333344,4.91679713143094
4.84379791666678,4.91575546470995
4.84413125000011,4.91276067288709
4.84446458333344,4.91041692276485
4.84479791666678,4.90572942252038
4.84513125000011,4.91223983952659
4.84546458333344,4.92252629839641
4.84579791666678,4.9235679651174
4.84613125000011,4.92057317329454
4.84646458333345,4.91380233960808
4.84679791666678,4.91510442300933
4.84713125000011,4.91432317296858
4.84746458333345,4.91848983985256
4.84779791666678,4.92942734042299
4.84813125000011,4.92916692374274
4.84846458333345,4.92226588171616
4.84879791666678,4.91289088122721
4.84913125000012,4.91210963118647
4.84946458333345,4.91809921483218
4.84979791666678,4.92174504835566
4.85013125000012,4.92421900681802
4.85046458333345,4.92005233993405
4.85079791666678,4.91783879815193
4.85113125000012,4.91197942284634
4.85146458333345,4.91158879782597
4.85179791666679,4.90625025588088
4.85213125000012,4.90598983920063
4.85246458333345,4.91041692276485
4.85279791666679,4.90885442268336
4.85313125000012,4.91106796446547
4.85346458333345,4.90872421434324
4.85379791666679,4.90885442268336
4.85413125000012,4.91028671442473
4.85446458333346,4.91106796446547
4.85479791666679,4.91601588139019
4.85513125000012,4.91770858981181
4.85546458333346,4.92773463200138
4.85579791666679,4.93242213224585
4.85613125000012,4.93046900714398
4.85646458333346,4.92005233993405
4.85679791666679,4.91653671475069
4.85713125000013,4.91809921483218
4.85746458333346,4.91341171458771
4.85779791666679,4.91028671442473
4.85813125000013,4.91106796446547
4.85846458333346,4.90937525604386
4.85879791666679,4.90481796413951
4.85913125000013,4.89817733879318
4.85946458333346,4.90013046389504
4.8597979166668,4.90026067223516
4.86013125000013,4.90273463069752
4.86046458333346,4.90559921418026
4.8607979166668,4.90703150592162
4.86113125000013,4.90651067256113
4.86146458333346,4.90703150592162
4.8617979166668,4.90755233928212
4.86213125000013,4.91002629774448
4.86246458333347,4.90963567272411
4.8627979166668,4.90703150592162
4.86313125000013,4.90768254762224
4.86346458333347,4.90963567272411
4.8637979166668,4.91367213126796
4.86413125000013,4.9101565060846
4.86446458333347,4.90221379733703
4.8647979166668,4.8983075471333
4.86513125000014,4.89218775514746
4.86546458333347,4.89244817182771
4.8657979166668,4.89869817215367
4.86613125000014,4.90156275563641
4.86646458333347,4.89947942219442
4.8667979166668,4.89765650543268
4.86713125000014,4.90156275563641
4.86746458333347,4.90898463102349
4.86779791666681,4.90885442268336
4.86813125000014,4.90664088090125
4.86846458333347,4.906380464221
4.86879791666681,4.91132838114572
4.86913125000014,4.91054713110498
4.86946458333347,4.91002629774448
4.86979791666681,4.90273463069752
4.87013125000014,4.90169296397653
4.87046458333348,4.89765650543268
4.87079791666681,4.89466171360982
4.87113125000014,4.89674504705181
4.87146458333348,4.89934921385429
4.87179791666681,4.89856796381355
4.87213125000014,4.90052108891541
4.87246458333348,4.90442733911914
4.87279791666681,4.90963567272411
4.87313125000015,4.9101565060846
4.87346458333348,4.90846379766299
4.87379791666681,4.90403671409877
4.87413125000015,4.90677108924137
4.87446458333348,4.91250025620684
4.87479791666681,4.91562525636982
4.87513125000015,4.91080754778523
4.87546458333348,4.90351588073827
4.87579791666682,4.90651067256113
4.87613125000015,4.90924504770373
4.87646458333348,4.90989608940436
4.87679791666682,4.90950546438398
4.87713125000015,4.90976588106423
4.87746458333348,4.90833358932287
4.87779791666682,4.90481796413951
4.87813125000015,4.90169296397653
4.87846458333349,4.90794296430249
4.87879791666682,4.90989608940436
4.87913125000015,4.91575546470995
4.87946458333349,4.91770858981181
4.87979791666682,4.92148463167541
4.88013125000015,4.91770858981181
4.88046458333349,4.91627629807044
4.88079791666682,4.91679713143094
4.88113125000016,4.92682317362051
4.88146458333349,4.93020859046374
4.88179791666682,4.92617213191988
4.88213125000016,4.91848983985256
4.88246458333349,4.91197942284634
4.88279791666682,4.91289088122721
4.88313125000016,4.9106773394451
4.88346458333349,4.91250025620684
4.88379791666682,4.92213567337603
4.88413125000016,4.92447942349827
4.88446458333349,4.92682317362051
4.88479791666683,4.92773463200138
4.88513125000016,4.92890650706249
4.88546458333349,4.92513046519889
4.88579791666683,4.92187525669578
4.88613125000016,4.92317734009703
4.88646458333349,4.92890650706249
4.88679791666683,4.93138046552485
4.88713125000016,4.93528671572858
4.8874645833335,4.93307317394647
4.88779791666683,4.93033879880386
4.88813125000016,4.93085963216436
4.8884645833335,4.93632838244957
4.88879791666683,4.93450546568783
4.88913125000016,4.93476588236808
4.8894645833335,4.94062525767367
4.88979791666683,4.94257838277554
4.89013125000017,4.93841171589156
4.8904645833335,4.93059921548411
4.89079791666683,4.92851588204212
4.89113125000017,4.92708359030075
4.8914645833335,4.92552109021926
4.89179791666683,4.92487004851864
4.89213125000017,4.93072942382423
4.8924645833335,4.92890650706249
4.89279791666684,4.93072942382423
4.89313125000017,4.92695338196063
4.8934645833335,4.92578150689951
4.89379791666684,4.92656275694026
4.89413125000017,4.92552109021926
4.8944645833335,4.92825546536187
4.89479791666684,4.92760442366125
4.89513125000017,4.92851588204212
4.89546458333351,4.93320338228659
4.89579791666684,4.93463567402796
4.89613125000017,4.93854192423169
4.89646458333351,4.93997421597305
4.89679791666684,4.94921900812187
4.89713125000017,4.95208359160461
4.89746458333351,4.95013046650274
4.89779791666684,4.94843775808113
4.89813125000018,4.94622421629902
4.89846458333351,4.94869817476138
4.89879791666684,4.95533880010771
4.89913125000018,4.96289088383492
4.89946458333351,4.96653671735839
4.89979791666684,4.96822942578001
4.90013125000018,4.97161484262324
4.90046458333351,4.97591171784734
4.90079791666685,4.98359400991467
4.90113125000018,4.98776067679864
4.90146458333351,4.99101588530175
4.90179791666685,4.99088567696163
4.90213125000018,4.99335963542399
4.90246458333351,4.99622421890672
4.90279791666685,4.99570338554622
4.90313125000018,4.99817734400858
4.90346458333352,5.00130234417156
4.90379791666685,5.00234401089256
4.90413125000018,5.01237005308212
4.90446458333352,5.02643255381554
4.90479791666685,5.03776067940635
4.90513125000018,5.03971380450821
4.90546458333352,5.04843776329653
4.90579791666685,5.054166930262
4.90613125000019,5.05976588888734
4.90646458333352,5.06132838896883
4.90679791666685,5.0589846388466
4.90713125000019,5.05130234677927
4.90746458333352,5.0460940131743
4.90779791666685,5.04817734661629
4.90813125000019,5.05013047171815
4.90846458333352,5.04908880499716
4.90879791666686,5.0455731798138
4.90913125000019,5.04895859665703
4.90946458333352,5.04973984669778
4.90979791666686,5.05911484718672
4.91013125000019,5.06210963900958
4.91046458333352,5.05729193042498
4.91079791666686,5.05000026337802
4.91113125000019,5.04856797163666
4.91146458333353,5.04466172143293
4.91179791666686,5.03854192944709
4.91213125000019,5.03606797098473
4.91246458333353,5.04023463786871
4.91279791666686,5.03815130442672
4.91313125000019,5.02552109543467
4.91346458333353,5.01523463656486
4.91379791666686,5.01523463656486
4.9141312500002,5.0117190113815
4.91446458333353,5.00989609461976
4.91479791666686,5.00468776101479
4.9151312500002,5.00481796935492
4.91546458333353,5.00403671931417
4.91579791666686,4.99713567728759
4.9161312500002,4.99036484360113
4.91646458333353,4.97968775971094
4.91679791666687,4.97695338456833
4.9171312500002,4.97734400958871
4.91746458333353,4.97669296788808
4.91779791666687,4.97747421792883
4.9181312500002,4.97877630133007
4.91846458333353,4.98007838473131
4.91879791666687,4.97447942610597
4.9191312500002,4.96757838407939
4.91946458333354,4.95846380027069
4.91979791666687,4.95651067516883
4.9201312500002,4.95442734172684
4.92046458333354,4.9611981754133
4.92079791666687,4.95625025848858
4.9211312500002,4.95156275824411
4.92146458333354,4.94036484099343
4.92179791666687,4.94153671605454
4.92213125000021,4.94960963314225
4.92246458333354,4.95520859176759
4.92279791666687,4.95325546666572
4.92313125000021,4.94296900779591
4.92346458333354,4.93229192390572
4.92379791666687,4.92760442366125
4.92413125000021,4.92539088187914
4.92446458333354,4.93476588236808
4.92479791666688,4.93893254925206
4.92513125000021,4.94049504933355
4.92546458333333,4.93515650738846
4.92579791666667,4.93203150722547
4.92613125,4.9354169240687
4.92646458333334,4.93945338261256
4.92679791666667,4.94088567435392
4.92713125,4.94179713273479
4.92746458333334,4.94192734107492
4.92779791666667,4.94622421629902
4.92813125,4.95156275824411
4.92846458333334,4.95195338326448
4.92879791666667,4.95247421662498
4.92913125000001,4.95247421662498
4.92946458333334,4.95677109184908
4.92979791666667,4.95755234188982
4.93013125000001,4.95559921678796
4.93046458333334,4.95859400861082
4.93079791666667,4.9622398421343
4.93113125000001,4.96588567565777
4.93146458333334,4.96901067582076
4.93179791666668,4.97291692602448
4.93213125000001,4.9778648429492
4.93246458333334,4.98112005145231
4.93279791666668,4.98919296854001
4.93313125000001,4.990234635261
4.93346458333334,4.99778671898821
4.93379791666668,4.99674505226722
4.93413125000001,5.00130234417156
4.93446458333335,5.00885442789877
4.93479791666668,5.01692734498647
4.93513125000001,5.02591172045504
4.93546458333335,5.02630234547542
4.93579791666668,5.02929713729827
4.93613125000001,5.03684922102548
4.93646458333335,5.03958359616809
4.93679791666668,5.0466148465348
4.93713125000002,5.04752630491566
4.93746458333335,5.05091172175889
4.93779791666668,5.05286484686076
4.93813125000002,5.06106797228858
4.93846458333335,5.06914088937629
4.93879791666668,5.07929713990598
4.93913125000002,5.08697943197331
4.93946458333335,5.09257839059865
4.93979791666669,5.09479193238076
4.94013125000002,5.09062526549678
4.94046458333335,5.08880234873504
4.94079791666669,5.09153672387765
4.94113125000002,5.09440130736039
4.94146458333335,5.09674505748262
4.94179791666669,5.09752630752337
4.94213125000002,5.09440130736039
4.94246458333336,5.09635443246225
4.94279791666669,5.09270859893877
4.94313125000002,5.09401068234001
4.94346458333336,5.09700547416287
4.94379791666669,5.09726589084312
4.94413125000002,5.09921901594498
4.94446458333336,5.09752630752337
4.94479791666669,5.08880234873504
4.94513125000003,5.08789089035417
4.94546458333336,5.08528672355169
4.94579791666669,5.0875002653338
4.94613125000003,5.08255234840908
4.94646458333336,5.07760443148436
4.94679791666669,5.07552109804237
4.94713125000003,5.07877630654548
4.94746458333336,5.08007838994672
4.9477979166667,5.08216172338871
4.94813125000003,5.0789065148856
4.94846458333336,5.07552109804237
4.9487979166667,5.07643255642324
4.94913125000003,5.07591172306275
4.94946458333336,5.07591172306275
4.9497979166667,5.07968776492635
4.95013125000003,5.07799505650473
4.95046458333337,5.07643255642324
4.9507979166667,5.07604193140287
4.95113125000003,5.08229193172883
4.95146458333337,5.09518255740113
4.9517979166667,5.10078151602647
4.95213125000003,5.10182318274747
4.95246458333337,5.10429714120983
4.9527979166667,5.11458360007964
4.95313125000004,5.12473985060933
4.95346458333337,5.12968776753405
4.9537979166667,5.13033880923467
4.95413125000004,5.14401068494772
4.95446458333337,5.15481797717803
4.9547979166667,5.16627631110896
4.95513125000004,5.17591172827815
4.95546458333337,5.18776068722946
4.95579791666671,5.20638047986722
4.95613125000004,5.22317735574325
4.95646458333337,5.24401069016312
4.95679791666671,5.2562502741348
4.95713125000004,5.26731798304536
4.95746458333337,5.27799506693555
4.95779791666671,5.28281277552014
4.95813125000004,5.29609402621281
4.95846458333338,5.31289090208884
4.95879791666671,5.33385444484884
4.95913125000004,5.34830757060263
4.95946458333338,5.35937527951319
4.95979791666671,5.36757840494102
4.96013125000004,5.37942736389232
4.96046458333338,5.39244819790474
4.96079791666671,5.41822944924934
4.96113125000004,5.43893257532909
4.96146458333338,5.44843778415816
4.96179791666671,5.45039090926002
4.96213125000005,5.44661486739642
4.96246458333338,5.45143257598102
4.96279791666671,5.46002632642922
4.96313125000005,5.46588570173481
4.96346458333338,5.47109403533978
4.96379791666671,5.47695341064537
4.96413125000005,5.4878909112158
4.96446458333338,5.49674507834425
4.96479791666672,5.49687528668437
4.96513125000005,5.49505236992263
4.96546458333338,5.49153674473928
4.96579791666672,5.48710966117505
4.96613125000005,5.48502632773307
4.96646458333338,5.48112007752934
4.96679791666672,5.47695341064537
4.96713125000005,5.4707034103194
4.96746458333339,5.46406278497307
4.96779791666672,5.45625028456561
4.96813125000005,5.45625028456561
4.96846458333339,5.45195340934151
4.96879791666672,5.45390653444338
4.96913125000005,5.44322945055319
4.96946458333339,5.44023465873033
4.96979791666672,5.42981799152039
4.97013125000006,5.41901069929008
4.97046458333339,5.40963569880114
4.97079791666672,5.40703153199866
4.97113125000006,5.40846382374002
4.97146458333339,5.41171903224313
4.97179791666672,5.40950549046102
4.97213125000006,5.4078127820394
4.97246458333339,5.40585965693754
4.97279791666673,5.3997398649517
4.97313125000006,5.39791694818996
4.97346458333339,5.39869819823071
4.97379791666673,5.40208361507394
4.97413125000006,5.40924507378077
4.97446458333339,5.40612007361779
4.97479791666673,5.41250028228387
4.97513125000006,5.41901069929008
4.9754645833334,5.43112007492164
4.97579791666673,5.44140653379145
4.97613125000006,5.45286486772238
4.9764645833334,5.46862007687741
4.97679791666673,5.48489611939294
4.97713125000006,5.50377632871096
4.9774645833334,5.5265627882327
4.97779791666673,5.5502607061353
4.97813125000007,5.56875029043295
4.9784645833334,5.5851565412886
4.97879791666673,5.60898466753133
4.97913125000007,5.63593779393705
4.9794645833334,5.65781279507792
4.97979791666673,5.67968779621879
4.98013125000007,5.70455758918251
4.9804645833334,5.73710967421357
4.98079791666674,5.76445342563966
4.98113125000007,5.78059925981506
4.9814645833334,5.80651071949978
4.98179791666674,5.833984679266
4.98213125000007,5.8716148895619
4.9824645833334,5.89362009904289
4.98279791666674,5.91393260010227
4.98313125000007,5.93385447614128
4.98346458333341,5.95572947728215
4.98379791666674,5.97968781186501
4.98413125000007,5.99296906255768
4.98446458333341,6.00260447972687
4.98479791666674,6.01002635511395
4.98513125000007,6.01692739714053
4.98546458333341,6.01549510539917
4.98579791666674,6.01145864685532
4.98613125000008,6.00911489673308
4.98646458333341,6.00416697980836
4.98679791666674,5.99987010458426
4.98713125000008,5.98632843721134
4.98746458333341,5.97200551979768
4.98779791666674,5.95729197736364
4.98813125000008,5.94375030999072
4.98846458333341,5.94127635152836
4.98879791666675,5.92434926731221
4.98913125000008,5.91093780827941
4.98946458333341,5.89309926568239
4.98979791666675,5.87265655628289
4.99013125000008,5.85625030542724
4.99046458333341,5.83710967942898
4.99079791666675,5.82161488695419
4.99113125000008,5.80117217755469
4.99146458333342,5.77304717608786
4.99179791666675,5.75000029988587
4.99213125000008,5.72239613177953
4.99246458333342,5.69947946391767
4.99279791666675,5.67317737921258
4.99313125000008,5.64505237774574
4.99346458333342,5.62434925166599
4.99379791666675,5.60247425052512
4.99413125000009,5.57252633229655
4.99446458333342,5.54296903908835
4.99479791666675,5.51835966280487
4.99513125000009,5.49908882846648
4.99546458333342,5.47721382732561
4.99579791666675,5.44804715913779
4.99613125000009,5.42330757451418
4.99646458333342,5.39479194802698
4.99679791666676,5.37343778024661
4.99713125000009,5.35533882096934
4.99746458333342,5.33671902833157
4.99779791666676,5.31757840233331
4.99813125000009,5.29700548459368
4.99846458333342,5.27981798369729
4.99879791666676,5.2600263159984
4.99913125000009,5.242838815102
4.99946458333343,5.23229193955194
4.99979791666676,5.22161485566176
5.00013125000009,5.20703152156784
5.00046458333343,5.19518256261654
5.00079791666676,5.18411485370598
5.00113125000009,5.18112006188312
5.00146458333343,5.1756513115979
5.00179791666676,5.16601589442871
5.0021312500001,5.1503908936138
5.00246458333343,5.12916693417356
5.00279791666676,5.12226589214697
5.0031312500001,5.12291693384759
5.00346458333343,5.11692735020188
5.00379791666676,5.11145859991666
5.0041312500001,5.10052109934623
5.00446458333343,5.09518255740113
5.00479791666676,5.08880234873504
5.0051312500001,5.08333359844983
5.00546458333343,5.08072943164734
5.00579791666677,5.07578151472262
5.0061312500001,5.07122422281827
5.00646458333343,5.06770859763492
5.00679791666677,5.06028672224784
5.0071312500001,5.05169297179964
5.00746458333344,5.04765651325579
5.00779791666677,5.04895859665703
5.0081312500001,5.04674505487492
5.00846458333344,5.04479192977306
5.00879791666677,5.03932317948784
5.0091312500001,5.03476588758349
5.00946458333344,5.03281276248163
5.00979791666677,5.03112005406001
5.01013125000011,5.03346380418225
5.01046458333344,5.03020859567914
5.01079791666677,5.02669297049579
5.01113125000011,5.02487005373405
5.01146458333344,5.02434922037355
5.01179791666677,5.02057317850995
5.01213125000011,5.01770859502722
5.01246458333344,5.01093776134076
5.01279791666678,5.01406276150374
5.01313125000011,5.0165367199661
5.01346458333344,5.0165367199661
5.01379791666678,5.01419296984386
5.01413125000011,5.01354192814324
5.01446458333344,5.01406276150374
5.01479791666678,5.01393255316361
5.01513125000011,5.01028671964014
5.01546458333344,5.01341171980312
5.01579791666678,5.01263046976237
5.01613125000011,5.01289088644262
5.01646458333345,5.01210963640188
5.01679791666678,5.00638046943641
5.01713125000011,5.00260442757281
5.01746458333345,4.99700546894746
5.01779791666678,4.99466171882523
5.01813125000011,4.99479192716535
5.01846458333345,4.99713567728759
5.01879791666678,4.99856796902895
5.01913125000012,4.99635442724684
5.01946458333345,4.99166692700237
5.01979791666678,4.99466171882523
5.02013125000012,4.99166692700237
5.02046458333345,4.99192734368262
5.02079791666679,4.99973984409007
5.02113125000012,5.00716171947715
5.02146458333345,5.00533880271541
5.02179791666679,4.99544296886597
5.02213125000012,4.98476588497579
5.02246458333345,4.98125025979243
5.02279791666679,4.97903671801032
5.02313125000012,4.9821617181733
5.02346458333346,4.9864585933974
5.02379791666679,4.98424505161529
5.02413125000012,4.9826825515338
5.02446458333346,4.98606796837703
5.02479791666679,4.98710963509802
5.02513125000012,4.99101588530175
5.02546458333346,4.98151067647268
5.02579791666679,4.9783856763097
5.02613125000013,4.97096380092262
5.02646458333346,4.97669296788808
5.02679791666679,4.97734400958871
5.02713125000013,4.98046900975169
5.02746458333346,4.97565130116709
5.02779791666679,4.97825546796958
5.02813125000013,4.9746096344461
5.02846458333346,4.97200546764361
5.02879791666679,4.96822942578001
5.02913125000013,4.97473984278622
5.02946458333346,4.97565130116709
5.0297979166668,4.97903671801032
5.03013125000013,4.97643255120784
5.03046458333346,4.97617213452759
5.0307979166668,4.97643255120784
5.03113125000013,4.97487005112635
5.03146458333346,4.98242213485355
5.0317979166668,4.98580755169678
5.03213125000013,4.98984401024063
5.03246458333347,4.99166692700237
5.0327979166668,4.98684921841777
5.03313125000013,4.98424505161529
5.03346458333347,4.98125025979243
5.0337979166668,4.97734400958871
5.03413125000014,4.97864609298995
5.03446458333347,4.9783856763097
5.0347979166668,4.9821617181733
5.03513125000014,4.98554713501653
5.03546458333347,4.99049505194125
5.0357979166668,4.99583359388635
5.03613125000014,5.00065130247094
5.03646458333347,4.99804713566846
5.0367979166668,4.99973984409007
5.03713125000014,4.99531276052585
5.03746458333347,4.99335963542399
5.03779791666681,4.98424505161529
5.03813125000014,4.98437525995541
5.03846458333347,4.98854192683939
5.03879791666681,4.99804713566846
5.03913125000014,5.00625026109629
5.03946458333347,5.00494817769504
5.03979791666681,5.00130234417156
5.04013125000014,4.99257838538324
5.04046458333348,4.99088567696163
5.04079791666681,4.98723984343815
5.04113125000014,4.98802109347889
5.04146458333348,4.99231796870299
5.04179791666681,4.99674505226722
5.04213125000014,4.99947942740982
5.04246458333348,4.99739609396784
5.04279791666681,4.99583359388635
5.04313125000015,4.98997421858076
5.04346458333348,4.99062526028138
5.04379791666681,4.99414088546473
5.04413125000015,4.99166692700237
5.04446458333348,4.9826825515338
5.04479791666681,4.97565130116709
5.04513125000015,4.97226588432386
5.04546458333348,4.97148463428312
5.04579791666682,4.97213567598374
5.04613125000015,4.98046900975169
5.04646458333348,4.98385442659492
5.04679791666682,4.97877630133007
5.04713125000015,4.97513046780659
5.04746458333348,4.97252630100411
5.04779791666682,4.96888046748063
5.04813125000015,4.96432317557628
5.04846458333349,4.96419296723616
5.04879791666682,4.97174505096336
5.04913125000015,4.970312759222
5.04946458333349,4.97148463428312
5.04979791666682,4.97109400926274
5.05013125000015,4.96809921743989
5.05046458333349,4.96614609233802
5.05079791666682,4.9611981754133
5.05113125000016,4.96302109217504
5.05146458333349,4.95976588367194
5.05179791666682,4.95963567533181
5.05213125000016,4.96562525897753
5.05246458333349,4.96848984246026
5.05279791666682,4.97382838440535
5.05313125000016,4.97096380092262
5.05346458333349,4.96848984246026
5.05379791666682,4.96536484229728
5.05413125000016,4.96184921711392
5.05446458333349,4.96588567565777
5.05479791666683,4.96731796739914
5.05513125000016,4.96757838407939
5.05546458333349,4.96445338391641
5.05579791666683,4.96158880043367
5.05613125000016,4.96432317557628
5.05646458333349,4.96783880075964
5.05679791666683,4.96914088416088
5.05713125000016,4.97187525930349
5.0574645833335,4.96822942578001
5.05779791666683,4.97057317590225
5.05813125000016,4.97096380092262
5.0584645833335,4.97187525930349
5.05879791666683,4.97187525930349
5.05913125000017,4.9746096344461
5.0594645833335,4.97734400958871
5.05979791666683,4.9826825515338
5.06013125000017,4.9826825515338
5.0604645833335,4.98098984311218
5.06079791666683,4.98138046813256
5.06113125000017,4.98164088481281
5.0614645833335,4.98255234319367
5.06179791666684,4.98177109315293
5.06213125000017,4.97565130116709
5.0624645833335,4.97630234286771
5.06279791666684,4.97434921776585
5.06313125000017,4.97526067614672
5.0634645833335,4.97513046780659
5.06379791666684,4.97669296788808
5.06413125000017,4.98085963477206
5.06446458333351,4.98411484327517
5.06479791666684,4.98085963477206
5.06513125000017,4.97877630133007
5.06546458333351,4.98203150983318
5.06579791666684,4.99283880206349
5.06613125000017,4.99635442724684
5.06646458333351,4.99739609396784
5.06679791666684,4.99270859372336
5.06713125000017,4.99088567696163
5.06746458333351,4.98971380190051
5.06779791666684,4.98710963509802
5.06813125000018,4.99518255218572
5.06846458333351,5.00130234417156
5.06879791666684,5.00481796935492
5.06913125000018,5.00325546927343
5.06946458333351,5.00091171915119
5.06979791666684,4.99895859404933
5.07013125000018,4.99843776068883
5.07046458333351,4.99856796902895
5.07079791666685,5.00052109413082
5.07113125000018,5.00351588595368
5.07146458333351,5.00664088611666
5.07179791666685,5.00768255283765
5.07213125000018,5.01158880304138
5.07246458333352,5.00833359453827
5.07279791666685,5.00286484425306
5.07313125000018,4.99804713566846
5.07346458333352,4.99921901072958
5.07379791666685,5.00130234417156
5.07413125000018,5.00390651097405
5.07446458333352,5.00065130247094
5.07479791666685,5.00325546927343
5.07513125000019,4.99648463558697
5.07546458333352,5.00065130247094
5.07579791666685,4.99856796902895
5.07613125000019,4.9993492190697
5.07646458333352,4.99648463558697
5.07679791666685,5.00143255251169
5.07713125000019,5.00585963607591
5.07746458333352,5.00716171947715
5.07779791666686,5.00690130279691
5.07813125000019,5.00820338619815
5.07846458333352,5.0041669276543
5.07879791666686,5.00377630263392
5.07913125000019,5.00013046911045
5.07946458333352,5.00572942773579
5.07979791666686,5.00247421923268
5.08013125000019,5.00026067745057
5.08046458333352,4.99583359388635
5.08079791666686,4.99609401056659
5.08113125000019,4.99908880238945
5.08146458333353,4.99687526060734
5.08179791666686,4.99804713566846
5.08213125000019,4.99466171882523
5.08246458333353,4.99309921874374
5.08279791666686,4.99466171882523
5.08313125000019,4.99687526060734
5.08346458333353,4.99596380222647
5.08379791666686,4.99544296886597
5.0841312500002,4.98997421858076
5.08446458333353,4.99088567696163
5.08479791666686,4.98906276019989
5.0851312500002,4.99049505194125
5.08546458333353,4.99244817704312
5.08579791666686,4.98789088513877
5.0861312500002,4.9869794267579
5.08646458333353,4.98554713501653
5.08679791666687,4.98112005145231
5.0871312500002,4.9832033848943
5.08746458333353,4.98255234319367
5.08779791666687,4.98424505161529
5.0881312500002,4.98033880141156
5.08846458333353,4.97669296788808
5.08879791666687,4.97708359290846
5.0891312500002,4.98138046813256
5.08946458333354,4.98059921809181
5.08979791666687,4.97994817639119
5.0901312500002,4.97278671768436
5.09046458333354,4.97317734270473
5.09079791666687,4.97539088448684
5.0911312500002,4.9740888010856
5.09146458333354,4.97148463428312
5.09179791666687,4.97161484262324
5.09213125000021,4.97552109282697
5.09246458333354,4.97929713469057
5.09279791666687,4.97213567598374
5.09313125000021,4.97109400926274
5.09346458333354,4.96653671735839
5.09379791666687,4.96666692569852
5.09413125000021,4.96289088383492
5.09446458333354,4.96328150885529
5.09479791666687,4.9660158839979
5.09513125000021,4.96992213420162
5.09546458333354,4.9735679677251
5.09579791666688,4.97291692602448
5.09613125,4.97109400926274
5.09646458333333,4.969271092501
5.09679791666667,4.96679713403864
5.09713125,4.96432317557628
5.09746458333334,4.95833359193057
5.09779791666667,4.9531252583256
5.09813125,4.95182317492436
5.09846458333334,4.95221379994473
5.09879791666667,4.95091171654349
5.09913125,4.94817734140088
5.09946458333334,4.94752629970026
5.09979791666667,4.94726588302001
5.10013125000001,4.94518254957802
5.10046458333334,4.94987004982249
5.10079791666667,4.95651067516883
5.10113125000001,4.96184921711392
5.10146458333334,4.95494817508734
5.10179791666667,4.94544296625827
5.10213125000001,4.93867213257181
5.10246458333334,4.93815129921131
5.10279791666668,4.93763046585082
5.10313125000001,4.94661484131939
5.10346458333334,4.95273463330523
5.10379791666668,4.95651067516883
5.10413125000001,4.94908879978175
5.10446458333334,4.94427109119715
5.10479791666668,4.93958359095268
5.10513125000001,4.94036484099343
5.10546458333335,4.93815129921131
5.10579791666668,4.94257838277554
5.10613125000001,4.9397137992928
5.10646458333335,4.93307317394647
5.10679791666668,4.93229192390572
5.10713125000001,4.93450546568783
5.10746458333335,4.94192734107492
5.10779791666668,4.94739609136013
5.10813125000002,4.94726588302001
5.10846458333335,4.94960963314225
5.10879791666668,4.94479192455765
5.10913125000002,4.94713567467989
5.10946458333335,4.94557317459839
5.10979791666668,4.93906275759218
5.11013125000002,4.93242213224585
5.11046458333335,4.93112004884461
5.11079791666669,4.93710963249032
5.11113125000002,4.94700546633976
5.11146458333335,4.95234400828485
5.11179791666669,4.95520859176759
5.11213125000002,4.94700546633976
5.11246458333335,4.94257838277554
5.11279791666669,4.94427109119715
5.11313125000002,4.94987004982249
5.11346458333336,4.949349216462
5.11379791666669,4.95247421662498
5.11413125000002,4.95117213322374
5.11446458333336,4.948307549741
5.11479791666669,4.94544296625827
5.11513125000002,4.94687525799964
5.11546458333336,4.95572942512808
5.11579791666669,4.95429713338672
5.11613125000002,4.95338567500585
5.11646458333336,4.95156275824411
5.11679791666669,4.95143254990398
5.11713125000003,4.95117213322374
5.11746458333336,4.95481796674721
5.11779791666669,4.95559921678796
5.11813125000003,4.95911484197131
5.11846458333336,4.95612005014846
5.11879791666669,4.95520859176759
5.11913125000003,4.95169296658423
5.11946458333336,4.94518254957802
5.1197979166667,4.94804713306075
5.12013125000003,4.95104192488361
5.12046458333336,4.95455755006697
5.1207979166667,4.95572942512808
5.12113125000003,4.95013046650274
5.12146458333337,4.94987004982249
5.1217979166667,4.95195338326448
5.12213125000003,4.95820338359044
5.12246458333337,4.9606773420528
5.1227979166667,4.95455755006697
5.12313125000003,4.95234400828485
5.12346458333337,4.95598984180833
5.1237979166667,4.9611981754133
5.12413125000004,4.95872421695094
5.12446458333337,4.9574221335497
5.1247979166667,4.95286484164535
5.12513125000004,4.95013046650274
5.12546458333337,4.94713567467989
5.1257979166667,4.948307549741
5.12613125000004,4.95390650836634
5.12646458333337,4.95559921678796
5.12679791666671,4.96341171719541
5.12713125000004,4.96862005080038
5.12746458333337,4.96653671735839
5.12779791666671,4.96276067549479
5.12813125000004,4.96106796707318
5.12846458333337,4.9617190087738
5.12879791666671,4.95638046682871
5.12913125000004,4.95169296658423
5.12946458333337,4.95234400828485
5.12979791666671,4.95416692504659
5.13013125000004,4.95559921678796
5.13046458333338,4.95338567500585
5.13079791666671,4.95052109152311
5.13113125000004,4.95286484164535
5.13146458333338,4.95846380027069
5.13179791666671,4.9622398421343
5.13213125000004,4.96276067549479
5.13246458333338,4.96575546731765
5.13279791666671,4.96666692569852
5.13313125000005,4.96888046748063
5.13346458333338,4.96992213420162
5.13379791666671,4.97096380092262
5.13413125000005,4.96914088416088
5.13446458333338,4.96354192553554
5.13479791666672,4.96510442561703
5.13513125000005,4.9649742172769
5.13546458333338,4.96809921743989
5.13579791666672,4.96562525897753
5.13613125000005,4.96445338391641
5.13646458333338,4.96471380059666
5.13679791666672,4.96328150885529
5.13713125000005,4.96653671735839
5.13746458333339,4.96588567565777
5.13779791666672,4.96471380059666
5.13813125000005,4.95846380027069
5.13846458333339,4.95455755006697
5.13879791666672,4.95533880010771
5.13913125000005,4.95638046682871
5.13946458333339,4.95989609201206
5.13979791666672,4.95963567533181
5.14013125000005,4.96484400893678
5.14046458333339,4.96614609233802
5.14079791666672,4.96809921743989
5.14113125000006,4.96393255055591
5.14146458333339,4.95625025848858
5.14179791666672,4.95416692504659
5.14213125000006,4.95325546666572
5.14246458333339,4.95729192520957
5.14279791666672,4.95677109184908
5.14313125000006,4.9579429669102
5.14346458333339,4.95768255022995
5.14379791666673,4.95273463330523
5.14413125000006,4.94843775808113
5.14446458333339,4.9397137992928
5.14479791666673,4.94205754941504
5.14513125000006,4.94713567467989
5.14546458333339,4.9526044249651
5.14579791666673,4.95455755006697
5.14613125000006,4.94895859144162
5.1464645833334,4.95182317492436
5.14679791666673,4.95182317492436
5.14713125000006,4.95130234156386
5.1474645833334,4.94674504965951
5.14779791666673,4.94843775808113
5.14813125000006,4.94765650804038
5.1484645833334,4.95078150820336
5.14879791666673,4.94440129953728
5.14913125000007,4.94375025783666
5.1494645833334,4.93776067419094
5.14979791666673,4.94283879945579
5.15013125000007,4.94414088285703
5.1504645833334,4.94921900812187
5.15079791666673,4.95039088318299
5.15113125000007,4.94700546633976
5.1514645833334,4.93958359095268
5.15179791666674,4.93177109054523
5.15213125000007,4.92825546536187
5.1524645833334,4.93007838212361
5.15279791666674,4.92721379864088
5.15313125000007,4.93567734074895
5.1534645833334,4.94283879945579
5.15379791666674,4.94895859144162
5.15413125000007,4.94843775808113
5.1544645833334,4.94726588302001
5.15479791666674,4.94492213289777
5.15513125000007,4.94218775775516
5.15546458333341,4.93815129921131
5.15579791666674,4.94192734107492
5.15613125000007,4.9445315078774
5.15646458333341,4.9440106745169
5.15679791666674,4.94518254957802
5.15713125000007,4.94296900779591
5.15746458333341,4.94335963281628
5.15779791666674,4.93880234091193
5.15813125000008,4.94427109119715
5.15846458333341,4.94414088285703
5.15879791666674,4.9488283831015
5.15913125000008,4.94635442463914
5.15946458333341,4.94687525799964
5.15979791666675,4.94257838277554
5.16013125000008,4.9407554660138
5.16046458333341,4.94270859111566
5.16079791666675,4.94531275791815
5.16113125000008,4.94765650804038
5.16146458333341,4.94921900812187
5.16179791666675,4.95104192488361
5.16213125000008,4.94752629970026
5.16246458333342,4.94973984148237
5.16279791666675,4.94778671638051
5.16313125000008,4.94895859144162
5.16346458333342,4.94700546633976
5.16379791666675,4.94817734140088
5.16413125000008,4.95143254990398
5.16446458333342,4.94791692472063
5.16479791666675,4.94856796642125
5.16513125000009,4.95026067484287
5.16546458333342,4.96028671703243
5.16579791666675,4.96210963379417
5.16613125000009,4.95898463363119
5.16646458333342,4.95338567500585
5.16679791666675,4.94648463297926
5.16713125000009,4.93997421597305
5.16746458333342,4.93632838244957
5.16779791666675,4.9354169240687
5.16813125000009,4.94062525767367
5.16846458333342,4.95091171654349
5.16879791666676,4.95846380027069
5.16913125000009,4.96289088383492
5.16946458333342,4.94843775808113
5.16979791666676,4.94648463297926
5.17013125000009,4.94713567467989
5.17046458333342,4.95208359160461
5.17079791666676,4.94973984148237
5.17113125000009,4.94440129953728
5.17146458333343,4.94296900779591
5.17179791666676,4.94192734107492
5.17213125000009,4.94362004949653
5.17246458333343,4.94114609103417
5.17279791666676,4.94101588269405
5.1731312500001,4.94375025783666
5.17346458333343,4.94804713306075
5.17379791666676,4.95078150820336
5.1741312500001,4.94609400795889
5.17446458333343,4.95078150820336
5.17479791666676,4.95664088350895
5.1751312500001,4.96158880043367
5.17546458333343,4.96367213387566
5.17579791666677,4.96562525897753
5.1761312500001,4.96276067549479
5.17646458333343,4.95833359193057
5.17679791666677,4.95221379994473
5.1771312500001,4.95091171654349
5.17746458333343,4.95403671670647
5.17779791666677,4.95156275824411
5.1781312500001,4.95859400861082
5.17846458333344,4.95559921678796
5.17879791666677,4.95117213322374
5.1791312500001,4.9407554660138
5.17946458333344,4.93502629904833
5.17979791666677,4.93476588236808
5.1801312500001,4.93958359095268
5.18046458333344,4.94049504933355
5.18079791666677,4.94309921613603
5.1811312500001,4.9397137992928
5.18146458333344,4.94335963281628
5.18179791666677,4.9488283831015
5.18213125000011,4.95351588334597
5.18246458333344,4.95104192488361
5.18279791666677,4.949349216462
5.18313125000011,4.94427109119715
5.18346458333344,4.94544296625827
5.18379791666677,4.94479192455765
5.18413125000011,4.95091171654349
5.18446458333344,4.95612005014846
5.18479791666678,4.95494817508734
5.18513125000011,4.95143254990398
5.18546458333344,4.95039088318299
5.18579791666678,4.95013046650274
5.18613125000011,4.94726588302001
5.18646458333344,4.94609400795889
5.18679791666678,4.9450523412379
5.18713125000011,4.94726588302001
5.18746458333345,4.94648463297926
5.18779791666678,4.94765650804038
5.18813125000011,4.949349216462
5.18846458333345,4.94544296625827
5.18879791666678,4.94765650804038
5.18913125000011,4.95625025848858
5.18946458333345,4.95729192520957
5.18979791666678,4.95846380027069
5.19013125000012,4.95755234188982
5.19046458333345,4.96341171719541
5.19079791666678,4.97278671768436
5.19113125000012,4.97656275954796
5.19146458333345,4.97630234286771
5.19179791666678,4.96953150918125
5.19213125000012,4.95950546699169
5.19246458333345,4.96471380059666
5.19279791666679,4.96471380059666
5.19313125000012,4.96692734237877
5.19346458333345,4.95872421695094
5.19379791666679,4.95507838342746
5.19413125000012,4.95703150852933
5.19446458333345,4.96041692537256
5.19479791666679,4.96718775905902
5.19513125000012,4.97096380092262
5.19546458333346,4.97200546764361
5.19579791666679,4.97278671768436
5.19613125000012,4.96640650901827
5.19646458333346,4.96276067549479
5.19679791666679,4.96002630035218
5.19713125000012,4.96653671735839
5.19746458333346,4.97591171784734
5.19779791666679,4.97317734270473
5.19813125000013,4.97109400926274
5.19846458333346,4.97252630100411
5.19879791666679,4.97708359290846
5.19913125000013,4.98489609331591
5.19946458333346,4.98450546829554
5.19979791666679,4.98997421858076
5.20013125000013,4.98463567663566
5.20046458333346,4.98033880141156
5.2007979166668,4.97825546796958
5.20113125000013,4.97708359290846
5.20146458333346,4.98541692667641
5.2017979166668,4.98932317688013
5.20213125000013,4.99973984409007
5.20246458333346,5.00182317753206
5.2027979166668,5.00078151081107
5.20313125000013,5.00143255251169
5.20346458333347,4.99908880238945
5.2037979166668,5.00807317785802
5.20413125000013,5.01627630328585
5.20446458333347,5.02473984539392
5.2047979166668,5.02760442887666
5.20513125000013,5.02812526223715
5.20546458333347,5.03411484588287
5.2057979166668,5.0369794293656
5.20613125000013,5.04596380483417
5.20646458333347,5.05000026337802
5.2067979166668,5.05455755528237
5.20713125000014,5.05768255544535
5.20746458333347,5.05820338880585
5.2077979166668,5.06471380581206
5.20813125000014,5.06940130605654
5.20846458333347,5.07343776460039
5.2087979166668,5.07760443148436
5.20913125000014,5.08567734857206
5.20946458333347,5.0955731824215
5.20979791666681,5.10221380776784
5.21013125000014,5.10000026598573
5.21046458333347,5.09973984930548
5.21079791666681,5.10299505780858
5.21113125000014,5.11028672485554
5.21146458333348,5.12434922558896
5.21179791666681,5.12721380907169
5.21213125000014,5.12708360073157
5.21246458333348,5.12539089230995
5.21279791666681,5.12174505878647
5.21313125000014,5.12148464210623
5.21346458333348,5.12213568380685
5.21379791666681,5.12473985060933
5.21413125000015,5.12695339239144
5.21446458333348,5.13033880923467
5.21479791666681,5.13580755951989
5.21513125000015,5.13151068429579
5.21546458333348,5.1208336004056
5.21579791666681,5.12330755886797
5.21613125000015,5.13177110097604
5.21646458333348,5.13411485109828
5.21679791666682,5.13112005927542
5.21713125000015,5.12630235069082
5.21746458333348,5.12252630882722
5.21779791666682,5.12057318372536
5.21813125000015,5.11966172534449
5.21846458333348,5.12070339206548
5.21879791666682,5.1095054748148
5.21913125000015,5.09934922428511
5.21946458333348,5.09010443213629
5.21979791666682,5.08046901496709
5.22013125000015,5.07604193140287
5.22046458333349,5.07500026468188
5.22079791666682,5.08112005666772
5.22113125000015,5.08085963998747
5.22146458333349,5.07604193140287
5.22179791666682,5.06822943099542
5.22213125000015,5.06237005568983
5.22246458333349,5.06796901431517
5.22279791666682,5.06940130605654
5.22313125000016,5.06549505585281
5.22346458333349,5.05130234677927
5.22379791666682,5.04140651292983
5.22413125000016,5.04114609624958
5.22446458333349,5.04062526288908
5.22479791666683,5.04153672126995
5.22513125000016,5.03789088774647
5.22546458333349,5.03203151244088
5.22579791666683,5.02135442855069
5.22613125000016,5.0165367199661
5.22646458333349,5.01393255316361
5.22679791666683,5.01770859502722
5.22713125000016,5.00989609461976
5.2274645833335,5.00638046943641
5.22779791666683,5.0079429695179
5.22813125000016,5.00989609461976
5.2284645833335,5.0127606781025
5.22879791666683,5.01028671964014
5.22913125000016,5.00585963607591
5.2294645833335,4.9993492190697
5.22979791666683,4.99908880238945
5.23013125000016,5.00130234417156
5.2304645833335,5.00143255251169
5.23079791666683,4.99713567728759
5.23113125000017,4.99648463558697
5.2314645833335,4.99362005210423
5.23179791666683,4.98867213517951
5.23213125000017,4.98437525995541
5.2324645833335,4.9821617181733
5.23279791666683,4.97981796805107
5.23313125000017,4.98789088513877
5.2334645833335,4.99179713534249
5.23379791666684,4.98880234351964
5.23413125000017,4.97734400958871
5.2344645833335,4.97265650934423
5.23479791666684,4.9789065096702
5.23513125000017,4.98242213485355
5.2354645833335,4.98190130149305
5.23579791666684,4.98020859307144
5.23613125000017,4.97434921776585
5.23646458333351,4.97552109282697
5.23679791666684,4.97617213452759
5.23713125000017,4.98098984311218
5.23746458333351,4.98437525995541
5.23779791666684,4.98841171849927
5.23813125000017,4.98854192683939
5.23846458333351,4.98554713501653
5.23879791666684,4.97747421792883
5.23913125000018,4.97343775938498
5.23946458333351,4.97447942610597
5.23979791666684,4.97500025946647
5.24013125000018,4.98059921809181
5.24046458333351,4.97955755137082
5.24079791666684,4.98372421825479
5.24113125000018,4.9826825515338
5.24146458333351,4.97955755137082
5.24179791666685,4.97656275954796
5.24213125000018,4.96901067582076
5.24246458333351,4.97096380092262
5.24279791666685,4.9697919258615
5.24313125000018,4.97096380092262
5.24346458333351,4.97148463428312
5.24379791666685,4.97083359258249
5.24413125000018,4.97539088448684
5.24446458333351,4.97487005112635
5.24479791666685,4.97565130116709
5.24513125000018,4.97552109282697
5.24546458333352,4.97252630100411
5.24579791666685,4.97278671768436
5.24613125000018,4.97369817606523
5.24646458333352,4.97539088448684
5.24679791666685,4.97005234254175
5.24713125000018,4.96783880075964
5.24746458333352,4.96796900909976
5.24779791666685,4.97122421760287
5.24813125000019,4.96640650901827
5.24846458333352,4.96562525897753
5.24879791666685,4.96744817573926
5.24913125000019,4.96575546731765
5.24946458333352,4.9654950506374
5.24979791666686,4.96523463395715
5.25013125000019,4.96835963412013
5.25046458333352,4.97317734270473
5.25079791666686,4.96757838407939
5.25113125000019,4.96783880075964
5.25146458333352,4.96692734237877
5.25179791666686,4.97070338424237
5.25213125000019,4.97239609266399
5.25246458333353,4.96484400893678
5.25279791666686,4.96315130051516
5.25313125000019,4.9622398421343
5.25346458333353,4.96015650869231
5.25379791666686,4.95833359193057
5.25413125000019,4.95247421662498
5.25446458333353,4.95533880010771
5.25479791666686,4.95807317525032
5.2551312500002,4.96132838375343
5.25546458333353,4.95963567533181
5.25579791666686,4.95963567533181
5.2561312500002,4.95755234188982
5.25646458333353,4.96263046715467
5.25679791666686,4.96445338391641
5.2571312500002,4.96289088383492
5.25746458333353,4.95885442529107
5.25779791666686,4.95572942512808
5.2581312500002,4.96276067549479
5.25846458333353,4.96484400893678
5.25879791666687,4.96718775905902
5.2591312500002,4.96862005080038
5.25946458333353,4.96770859241951
5.25979791666687,4.96341171719541
5.2601312500002,4.96145859209355
5.26046458333353,4.9622398421343
5.26079791666687,4.96614609233802
5.2611312500002,4.96510442561703
5.26146458333354,4.96875025914051
5.26179791666687,4.96966171752138
5.2621312500002,4.97044296756212
5.26246458333354,4.97135442594299
5.26279791666687,4.96679713403864
5.26313125000021,4.96640650901827
5.26346458333354,4.96419296723616
5.26379791666687,4.97096380092262
5.26413125000021,4.96940130084113
5.26446458333354,4.97174505096336
5.26479791666687,4.97148463428312
5.26513125000021,4.97291692602448
5.26546458333354,4.97070338424237
5.26579791666688,4.96992213420162
5.26613125000021,4.96445338391641
5.26646458333354,4.96458359225653
5.26679791666667,4.96510442561703
5.26713125,4.97070338424237
5.26746458333334,4.97395859274548
5.26779791666667,4.97487005112635
5.26813125,4.98177109315293
5.26846458333334,4.9778648429492
5.26879791666667,4.97955755137082
5.26913125,4.98372421825479
5.26946458333334,4.98138046813256
5.26979791666667,4.97617213452759
5.27013125000001,4.96588567565777
5.27046458333334,4.96679713403864
5.27079791666667,4.97109400926274
5.27113125000001,4.97278671768436
5.27146458333334,4.97434921776585
5.27179791666667,4.97083359258249
5.27213125000001,4.96770859241951
5.27246458333334,4.96744817573926
5.27279791666668,4.97044296756212
5.27313125000001,4.97434921776585
5.27346458333334,4.97473984278622
5.27379791666668,4.98164088481281
5.27413125000001,4.98346380157454
5.27446458333334,4.98684921841777
5.27479791666668,4.97916692635044
5.27513125000001,4.97291692602448
5.27546458333334,4.96940130084113
5.27579791666668,4.97213567598374
5.27613125000001,4.97903671801032
5.27646458333335,4.98710963509802
5.27679791666668,4.9864585933974
5.27713125000001,4.9875002601184
5.27746458333335,4.98085963477206
5.27779791666668,4.97552109282697
5.27813125000001,4.97617213452759
5.27846458333335,4.97851588464982
5.27879791666668,4.98242213485355
5.27913125000002,4.97981796805107
5.27946458333335,4.98164088481281
5.27979791666668,4.98893255185976
5.28013125000002,4.99362005210423
5.28046458333335,4.9988283857092
5.28079791666669,4.9988283857092
5.28113125000002,4.99270859372336
5.28146458333335,4.98828151015914
5.28179791666669,4.98333359323442
5.28213125000002,4.98242213485355
5.28246458333335,4.98229192651343
5.28279791666669,4.98554713501653
5.28313125000002,4.990234635261
5.28346458333336,4.99101588530175
5.28379791666669,4.99218776036287
5.28413125000002,4.99049505194125
5.28446458333336,4.99114609364187
5.28479791666669,4.99257838538324
5.28513125000002,4.99440130214498
5.28546458333336,4.99218776036287
5.28579791666669,4.9864585933974
5.28613125000003,4.98372421825479
5.28646458333336,4.98880234351964
5.28679791666669,4.99427109380486
5.28713125000003,4.99843776068883
5.28746458333336,5.00143255251169
5.28779791666669,5.00507838603517
5.28813125000003,5.00468776101479
5.28846458333336,4.9955731772061
5.28879791666669,4.9869794267579
5.28913125000003,4.99231796870299
5.28946458333336,4.99583359388635
5.2897979166667,4.99596380222647
5.29013125000003,4.98398463493504
5.29046458333336,4.98203150983318
5.2907979166667,4.98489609331591
5.29113125000003,4.99544296886597
5.29146458333336,5.00273463591293
5.2917979166667,4.99830755234871
5.29213125000003,4.98919296854001
5.29246458333337,4.98554713501653
5.2927979166667,4.98528671833628
5.29313125000003,4.98997421858076
5.29346458333337,4.98802109347889
5.2937979166667,4.98997421858076
5.29413125000004,4.98945338522026
5.29446458333337,4.98398463493504
5.2947979166667,4.98333359323442
5.29513125000004,4.98007838473131
5.29546458333337,4.98346380157454
5.2957979166667,4.98502630165604
5.29613125000004,4.98789088513877
5.29646458333337,4.98828151015914
5.29679791666671,4.98294296821405
5.29713125000004,4.98151067647268
5.29746458333337,4.98072942643194
5.29779791666671,4.98229192651343
5.29813125000004,4.97981796805107
5.29846458333337,4.97604192618746
5.29879791666671,4.9783856763097
5.29913125000004,4.97656275954796
5.29946458333338,4.97734400958871
5.29979791666671,4.97330755104485
5.30013125000004,4.96783880075964
5.30046458333338,4.97083359258249
5.30079791666671,4.97174505096336
5.30113125000004,4.9789065096702
5.30146458333338,4.97825546796958
5.30179791666671,4.97942734303069
5.30213125000004,4.98437525995541
5.30246458333338,4.98242213485355
5.30279791666671,4.98359400991467
5.30313125000005,4.98255234319367
5.30346458333338,4.9783856763097
5.30379791666671,4.97617213452759
5.30413125000005,4.96901067582076
5.30446458333338,4.97330755104485
5.30479791666671,4.97382838440535
5.30513125000005,4.97174505096336
5.30546458333338,4.97239609266399
5.30579791666672,4.97343775938498
5.30613125000005,4.97304713436461
5.30646458333338,4.96510442561703
5.30679791666672,4.95755234188982
5.30713125000005,4.96484400893678
5.30746458333338,4.97330755104485
5.30779791666672,4.98059921809181
5.30813125000005,4.97617213452759
5.30846458333339,4.97708359290846
5.30879791666672,4.97278671768436
5.30913125000005,4.97434921776585
5.30946458333339,4.97070338424237
5.30979791666672,4.96835963412013
5.31013125000005,4.96562525897753
5.31046458333339,4.96966171752138
5.31079791666672,4.97617213452759
5.31113125000006,4.98151067647268
5.31146458333339,4.9783856763097
5.31179791666672,4.97487005112635
5.31213125000006,4.97330755104485
5.31246458333339,4.97239609266399
5.31279791666672,4.97721380124858
5.31313125000006,4.97734400958871
5.31346458333339,4.9735679677251
5.31379791666673,4.96992213420162
5.31413125000006,4.97265650934423
5.31446458333339,4.98059921809181
5.31479791666673,4.97929713469057
5.31513125000006,4.98033880141156
5.31546458333339,4.9778648429492
5.31579791666673,4.97955755137082
5.31613125000006,4.98033880141156
5.3164645833334,4.98203150983318
5.31679791666673,4.97994817639119
5.31713125000006,4.97721380124858
5.3174645833334,4.9740888010856
5.31779791666673,4.98151067647268
5.31813125000006,4.98346380157454
5.3184645833334,4.98489609331591
5.31879791666673,4.98398463493504
5.31913125000007,4.98307317655417
5.3194645833334,4.98059921809181
5.31979791666673,4.97148463428312
5.32013125000007,4.96523463395715
5.3204645833334,4.96809921743989
5.32079791666673,4.97382838440535
5.32113125000007,4.98294296821405
5.3214645833334,4.98359400991467
5.32179791666674,4.97669296788808
5.32213125000007,4.97109400926274
5.3224645833334,4.96184921711392
5.32279791666674,4.96354192553554
5.32313125000007,4.96393255055591
5.3234645833334,4.97473984278622
5.32379791666674,4.98411484327517
5.32413125000007,4.98255234319367
5.32446458333341,4.98046900975169
5.32479791666674,4.9783856763097
5.32513125000007,4.97369817606523
5.32546458333341,4.96770859241951
5.32579791666674,4.96445338391641
5.32613125000007,4.97317734270473
5.32646458333341,4.97812525962945
5.32679791666674,4.98190130149305
5.32713125000007,4.98502630165604
5.32746458333341,4.98229192651343
5.32779791666674,4.98151067647268
5.32813125000008,4.97695338456833
5.32846458333341,4.97942734303069
5.32879791666674,4.98151067647268
5.32913125000008,4.98424505161529
5.32946458333341,4.98541692667641
5.32979791666674,4.98059921809181
5.33013125000008,4.97369817606523
5.33046458333341,4.97656275954796
5.33079791666675,4.97695338456833
5.33113125000008,4.98242213485355
5.33146458333341,4.98098984311218
5.33179791666675,4.97916692635044
5.33213125000008,4.9740888010856
5.33246458333342,4.97395859274548
5.33279791666675,4.97343775938498
5.33313125000008,4.97903671801032
5.33346458333342,4.97500025946647
5.33379791666675,4.97539088448684
5.33413125000008,4.97500025946647
5.33446458333342,4.97669296788808
5.33479791666675,4.97968775971094
5.33513125000009,4.97916692635044
5.33546458333342,4.97825546796958
5.33579791666675,4.97682317622821
5.33613125000009,4.97044296756212
5.33646458333342,4.97239609266399
5.33679791666675,4.9697919258615
5.33713125000009,4.96888046748063
5.33746458333342,4.96432317557628
5.33779791666676,4.96614609233802
5.33813125000009,4.97552109282697
5.33846458333342,4.97955755137082
5.33879791666676,4.97877630133007
5.33913125000009,4.97851588464982
5.33946458333342,4.9778648429492
5.33979791666676,4.98333359323442
5.34013125000009,4.97825546796958
5.34046458333342,4.97604192618746
5.34079791666676,4.97369817606523
5.34113125000009,4.97369817606523
5.34146458333343,4.97734400958871
5.34179791666676,4.97617213452759
5.34213125000009,4.97434921776585
5.34246458333343,4.97643255120784
5.34279791666676,4.97382838440535
5.34313125000009,4.97148463428312
5.34346458333343,4.96289088383492
5.34379791666676,4.96510442561703
5.3441312500001,4.96796900909976
5.34446458333343,4.97434921776585
5.34479791666676,4.98033880141156
5.3451312500001,4.98737005177827
5.34546458333343,4.9826825515338
5.34579791666677,4.97617213452759
5.3461312500001,4.97252630100411
5.34646458333343,4.97265650934423
5.34679791666677,4.97252630100411
5.3471312500001,4.96614609233802
5.34746458333343,4.97395859274548
5.34779791666677,4.9789065096702
5.3481312500001,4.97929713469057
5.34846458333344,4.97669296788808
5.34879791666677,4.96940130084113
5.3491312500001,4.96862005080038
5.34946458333344,4.96875025914051
5.34979791666677,4.97161484262324
5.3501312500001,4.97851588464982
5.35046458333344,4.97447942610597
5.35079791666677,4.97382838440535
5.35113125000011,4.97343775938498
5.35146458333344,4.97487005112635
5.35179791666677,4.97552109282697
5.35213125000011,4.97942734303069
5.35246458333344,4.97903671801032
5.35279791666677,4.98125025979243
5.35313125000011,4.97903671801032
5.35346458333344,4.98437525995541
5.35379791666677,4.98007838473131
5.35413125000011,4.98033880141156
5.35446458333344,4.97903671801032
5.35479791666678,4.98580755169678
5.35513125000011,4.98528671833628
5.35546458333344,4.98502630165604
5.35579791666678,4.98437525995541
5.35613125000011,4.97812525962945
5.35646458333344,4.97317734270473
5.35679791666678,4.97187525930349
5.35713125000011,4.97434921776585
5.35746458333345,4.97773463460908
5.35779791666678,4.97682317622821
5.35813125000011,4.9864585933974
5.35846458333345,4.98802109347889
5.35879791666678,4.98567734335666
5.35913125000011,4.97799505128933
5.35946458333345,4.97721380124858
5.35979791666678,4.97434921776585
5.36013125000012,4.97864609298995
5.36046458333345,4.97812525962945
5.36079791666678,4.9826825515338
5.36113125000012,4.98046900975169
5.36146458333345,4.97929713469057
5.36179791666678,4.98424505161529
5.36213125000012,4.98346380157454
5.36246458333345,4.98515650999616
5.36279791666679,4.98502630165604
5.36313125000012,4.98606796837703
5.36346458333345,4.98867213517951
5.36379791666679,4.98476588497579
5.36413125000012,4.98151067647268
5.36446458333345,4.97656275954796
5.36479791666679,4.9778648429492
5.36513125000012,4.9789065096702
5.36546458333345,4.98138046813256
5.36579791666679,4.98138046813256
5.36613125000012,4.98463567663566
5.36646458333346,4.98398463493504
5.36679791666679,4.98763046845852
5.36713125000012,4.99101588530175
5.36746458333346,4.99466171882523
5.36779791666679,4.99531276052585
5.36813125000012,4.99179713534249
5.36846458333346,4.99479192716535
5.36879791666679,4.99466171882523
5.36913125000013,4.99414088546473
5.36946458333346,4.99010442692088
5.36979791666679,4.98815130181902
5.37013125000013,4.99036484360113
5.37046458333346,4.99218776036287
5.3707979166668,4.990234635261
5.37113125000013,4.98867213517951
5.37146458333346,4.98606796837703
5.3717979166668,4.99062526028138
5.37213125000013,4.99492213550548
5.37246458333346,4.99869817736908
5.3727979166668,5.00234401089256
5.37313125000013,5.00325546927343
5.37346458333347,5.00481796935492
5.3737979166668,5.0036460942938
5.37413125000013,5.00013046911045
5.37446458333347,5.00247421923268
5.3747979166668,5.00520859437529
5.37513125000013,5.01289088644262
5.37546458333347,5.01848984506796
5.3757979166668,5.0208335951902
5.37613125000014,5.02356797033281
5.37646458333347,5.02604192879517
5.3767979166668,5.02382838701306
5.37713125000014,5.01705755332659
5.37746458333347,5.01588567826548
5.3777979166668,5.02135442855069
5.37813125000014,5.03190130410076
5.37846458333347,5.03450547090324
5.3787979166668,5.04062526288908
5.37913125000014,5.04726588823542
5.37946458333347,5.0503908883984
5.37979791666681,5.05338568022125
5.38013125000014,5.05390651358175
5.38046458333347,5.05612005536386
5.38079791666681,5.05820338880585
5.38113125000014,5.05950547220709
5.38146458333347,5.06354193075094
5.38179791666681,5.06419297245157
5.38213125000014,5.06666693091393
5.38246458333348,5.06783880597504
5.38279791666681,5.06640651423368
5.38313125000014,5.07161484783865
5.38346458333348,5.07812526484486
5.38379791666681,5.08541693189181
5.38413125000015,5.08463568185107
5.38446458333348,5.07877630654548
5.38479791666681,5.08242214006896
5.38513125000015,5.08268255674921
5.38546458333348,5.08541693189181
5.38579791666681,5.08580755691219
5.38613125000015,5.08828151537455
5.38646458333348,5.09726589084312
5.38679791666682,5.0998700576456
5.38713125000015,5.10364609950921
5.38746458333348,5.10247422444809
5.38779791666682,5.09765651586349
5.38813125000015,5.09713568250299
5.38846458333348,5.09388047399989
5.38879791666682,5.10104193270672
5.38913125000015,5.1003908910061
5.38946458333349,5.10026068266598
5.38979791666682,5.09856797424436
5.39013125000015,5.10026068266598
5.39046458333349,5.10000026598573
5.39079791666682,5.09648464080237
5.39113125000015,5.08997422379616
5.39146458333349,5.09453151570051
5.39179791666682,5.09713568250299
5.39213125000015,5.10273464112834
5.39246458333349,5.10260443278821
5.39279791666682,5.10169297440734
5.39313125000016,5.10859401643393
5.39346458333349,5.11510443344014
5.39379791666682,5.12356797554821
5.39413125000016,5.11862005862349
5.39446458333349,5.11744818356237
5.39479791666682,5.11445339173952
5.39513125000016,5.11731797522225
5.39546458333349,5.11770860024262
5.39579791666683,5.1138023500389
5.39613125000016,5.11041693319567
5.39646458333349,5.10859401643393
5.39679791666683,5.10755234971293
5.39713125000016,5.11054714153579
5.39746458333349,5.10690130801231
5.39779791666683,5.10989609983517
5.39813125000016,5.10885443311418
5.3984645833335,5.11367214169877
5.39879791666683,5.11041693319567
5.39913125000016,5.1095054748148
5.3994645833335,5.11067734987591
5.39979791666683,5.11731797522225
5.40013125000016,5.12460964226921
5.4004645833335,5.12109401708585
5.40079791666683,5.12265651716734
5.40113125000017,5.1208336004056
5.4014645833335,5.12252630882722
5.40179791666683,5.1213544337661
5.40213125000017,5.11575547514076
5.4024645833335,5.11237005829753
5.40279791666683,5.10612005797157
5.40313125000017,5.10325547448883
5.4034645833335,5.10364609950921
5.40379791666684,5.1003908910061
5.40413125000017,5.10403672452958
5.4044645833335,5.10559922461107
5.40479791666684,5.11093776655616
5.40513125000017,5.11002630817529
5.4054645833335,5.10364609950921
5.40579791666684,5.1003908910061
5.40613125000017,5.0955731824215
5.40646458333351,5.09596380744188
5.40679791666684,5.09166693221778
5.40713125000017,5.09505234906101
5.40746458333351,5.09726589084312
5.40779791666684,5.09205755723815
5.40813125000017,5.09427109902026
5.40846458333351,5.09296901561902
5.40879791666684,5.09362005731964
5.40913125000018,5.08333359844983
5.40946458333351,5.07864609820535
5.40979791666684,5.08294297342945
5.41013125000018,5.08333359844983
5.41046458333351,5.08841172371467
5.41079791666684,5.08710964031343
5.41113125000018,5.08815130703442
5.41146458333351,5.08815130703442
5.41179791666685,5.08593776525231
5.41213125000018,5.08072943164734
5.41246458333351,5.07356797294051
5.41279791666685,5.07057318111765
5.41313125000018,5.07408880630101
5.41346458333351,5.07369818128063
5.41379791666685,5.075130473022
5.41413125000018,5.07630234808312
5.41446458333352,5.0756513063825
5.41479791666685,5.07721380646399
5.41513125000018,5.08020859828685
5.41546458333352,5.08411484849057
5.41579791666685,5.08971380711591
5.41613125000018,5.08684922363318
5.41646458333352,5.09049505715666
5.41679791666685,5.09270859893877
5.41713125000018,5.10234401610796
5.41746458333352,5.1041669328697
5.41779791666685,5.10937526647467
5.41813125000019,5.10585964129132
5.41846458333352,5.10442734954995
5.41879791666685,5.10572943295119
5.41913125000019,5.11145859991666
5.41946458333352,5.12252630882722
5.41979791666685,5.13072943425505
5.42013125000019,5.14895860187244
5.42046458333352,5.16393256098672
5.42079791666686,5.18333360366523
5.42113125000019,5.19505235427641
5.42146458333352,5.21132839679194
5.42179791666686,5.21770860545803
5.42213125000019,5.2358075647353
5.42246458333353,5.25794298255642
5.42279791666686,5.28190131713927
5.42313125000019,5.3019534015184
5.42346458333353,5.32304715261853
5.42379791666686,5.35494819594896
5.42413125000019,5.38216173903493
5.42446458333353,5.40846382374002
5.42479791666686,5.43593778350623
5.4251312500002,5.46406278497307
5.42546458333353,5.48997424465779
5.42579791666686,5.517448204424
5.4261312500002,5.55598987310077
5.42646458333353,5.59244820833555
5.42679791666686,5.62382841830549
5.4271312500002,5.65455758657481
5.42746458333353,5.68112008796015
5.42779791666687,5.70325550578127
5.4281312500002,5.72200550675916
5.42846458333353,5.75091175826674
5.42879791666687,5.77747425965208
5.4291312500002,5.79947946913308
5.42946458333353,5.82187530363444
5.42979791666687,5.84257842971419
5.4301312500002,5.85612009708711
5.43046458333353,5.86367218081432
5.43079791666687,5.8625003057532
5.4311312500002,5.86406280583469
5.43146458333354,5.85885447222972
5.43179791666687,5.86015655563097
5.4321312500002,5.86184926405258
5.43246458333354,5.85846384720935
5.43279791666687,5.86406280583469
5.4331312500002,5.85911488890997
5.43346458333354,5.85130238850252
5.43379791666687,5.83463572096662
5.43413125000021,5.81497426160786
5.43446458333354,5.79817738573183
5.43479791666687,5.78020863479469
5.43513125000021,5.75729196693283
5.43546458333354,5.7399742576963
5.43579791666688,5.71341175631096
5.43613125000021,5.69244821355096
5.43646458333354,5.67174508747121
5.43679791666688,5.6518232114322
5.43713125000021,5.63450550219568
5.43746458333334,5.61015654259245
5.43779791666667,5.59882841700164
5.43813125,5.57929716598301
5.43846458333334,5.56002633164462
5.43879791666667,5.53645862208214
5.43913125,5.5169273710635
5.43946458333334,5.50247424530971
5.43979791666667,5.47916695242748
5.44013125000001,5.45559924286499
5.44046458333334,5.42968778318027
5.44079791666667,5.40273465677456
5.44113125000001,5.38554715587816
5.44146458333334,5.37161486348487
5.44179791666667,5.36328152971691
5.44213125000001,5.35195340412611
5.44246458333334,5.3272138195025
5.44279791666667,5.3029950682394
5.44313125000001,5.28346381722076
5.44346458333334,5.27565131681331
5.44379791666668,5.2691408998071
5.44413125000001,5.25598985745455
5.44446458333334,5.24908881542797
5.44479791666668,5.2395836065989
5.44513125000001,5.23020860610996
5.44546458333334,5.21718777209753
5.44579791666668,5.20807318828884
5.44613125000001,5.19869818779989
5.44646458333335,5.19231797913381
5.44679791666668,5.18229193694424
5.44713125000001,5.18203152026399
5.44746458333335,5.17929714512138
5.44779791666668,5.17539089491766
5.44813125000001,5.16914089459169
5.44846458333335,5.16210964422498
5.44879791666668,5.16184922754474
5.44913125000002,5.15820339402126
5.44946458333335,5.14960964357306
5.44979791666668,5.14570339336933
5.45013125000002,5.14362005992734
5.45046458333335,5.14062526810449
5.45079791666668,5.13502630947915
5.45113125000002,5.13437526777852
5.45146458333335,5.13632839288039
5.45179791666669,5.1294273508538
5.45213125000002,5.12473985060933
5.45246458333335,5.11914089198399
5.45279791666669,5.11679714186175
5.45313125000002,5.11471380841977
5.45346458333335,5.11822943360312
5.45379791666669,5.12343776720809
5.45413125000002,5.11627630850126
5.45446458333336,5.11210964161728
5.45479791666669,5.10807318307343
5.45513125000002,5.10559922461107
5.45546458333336,5.0998700576456
5.45579791666669,5.09518255740113
5.45613125000002,5.09804714088387
5.45646458333336,5.10026068266598
5.45679791666669,5.10195339108759
5.45713125000002,5.10546901627095
5.45746458333336,5.09830755756411
5.45779791666669,5.09817734922399
5.45813125000003,5.0917971405579
5.45846458333336,5.08906276541529
5.45879791666669,5.08450547351094
5.45913125000003,5.07643255642324
5.45946458333336,5.08125026500784
5.45979791666669,5.08072943164734
5.46013125000003,5.07929713990598
5.46046458333336,5.07903672322573
5.4607979166667,5.07955755658622
5.46113125000003,5.08710964031343
5.46146458333336,5.08580755691219
5.4617979166667,5.08294297342945
5.46213125000003,5.08046901496709
5.46246458333337,5.0794273482461
5.4627979166667,5.08710964031343
5.46313125000003,5.08554714023194
5.46346458333337,5.08893255707517
5.4637979166667,5.08710964031343
5.46413125000003,5.08632839027268
5.46446458333337,5.0875002653338
5.4647979166667,5.0842450568307
5.46513125000004,5.08072943164734
5.46546458333337,5.07617213974299
5.4657979166667,5.06731797261455
5.46613125000004,5.06901068103616
5.46646458333337,5.06770859763492
5.4667979166667,5.075130473022
5.46713125000004,5.07799505650473
5.46746458333337,5.075130473022
5.4677979166667,5.075130473022
5.46813125000004,5.07578151472262
5.46846458333337,5.07630234808312
5.46879791666671,5.07682318144362
5.46913125000004,5.07526068136213
5.46946458333337,5.07851588986523
5.46979791666671,5.07500026468188
5.47013125000004,5.07708359812386
5.47046458333337,5.07591172306275
5.47079791666671,5.07981797326647
5.47113125000004,5.08059922330722
5.47146458333338,5.07903672322573
5.47179791666671,5.07929713990598
5.47213125000004,5.07539088970225
5.47246458333338,5.08020859828685
5.47279791666671,5.08151068168809
5.47313125000004,5.0799481816066
5.47346458333338,5.07161484783865
5.47379791666671,5.07278672289976
5.47413125000005,5.08554714023194
5.47446458333338,5.09153672387765
5.47479791666671,5.08737005699368
5.47513125000005,5.08567734857206
5.47546458333338,5.08619818193256
5.47579791666672,5.09062526549678
5.47613125000005,5.08489609853132
5.47646458333338,5.08020859828685
5.47679791666672,5.07265651455964
5.47713125000005,5.06718776427442
5.47746458333338,5.07304713958001
5.47779791666672,5.07851588986523
5.47813125000005,5.07851588986523
5.47846458333339,5.07434922298125
5.47879791666672,5.07005234775716
5.47913125000005,5.06666693091393
5.47946458333339,5.06796901431517
5.47979791666672,5.07174505617877
5.48013125000005,5.07356797294051
5.48046458333339,5.07395859796088
5.48079791666672,5.07682318144362
5.48113125000005,5.0837242234702
5.48146458333339,5.08776068201405
5.48179791666672,5.08281276508933
5.48213125000006,5.08085963998747
5.48246458333339,5.07591172306275
5.48279791666672,5.06992213941703
5.48313125000006,5.06822943099542
5.48346458333339,5.07005234775716
5.48379791666672,5.07044297277753
5.48413125000006,5.06419297245157
5.48446458333339,5.06289088905032
5.48479791666673,5.06523463917256
5.48513125000006,5.06419297245157
5.48546458333339,5.06484401415219
5.48579791666673,5.06640651423368
5.48613125000006,5.07343776460039
5.48646458333339,5.0703127644374
5.48679791666673,5.07070338945778
5.48713125000006,5.07096380613802
5.4874645833334,5.07174505617877
5.48779791666673,5.07382838962076
5.48813125000006,5.07109401447815
5.4884645833334,5.06471380581206
5.48879791666673,5.05781276378548
5.48913125000006,5.05690130540461
5.4894645833334,5.06158880564908
5.48979791666673,5.06132838896883
5.49013125000007,5.06822943099542
5.4904645833334,5.07213568119914
5.49079791666673,5.07656276476337
5.49113125000007,5.07096380613802
5.4914645833334,5.06471380581206
5.49179791666673,5.06601588921331
5.49213125000007,5.06744818095467
5.4924645833334,5.06510443083243
5.49279791666674,5.06354193075094
5.49313125000007,5.06510443083243
5.4934645833334,5.06940130605654
5.49379791666674,5.06875026435591
5.49413125000007,5.06510443083243
5.4944645833334,5.06731797261455
5.49479791666674,5.07057318111765
5.49513125000007,5.07291693123989
5.49546458333341,5.07421901464113
5.49579791666674,5.0713544311584
5.49613125000007,5.07369818128063
5.49646458333341,5.07278672289976
5.49679791666674,5.06731797261455
5.49713125000007,5.06015651390772
5.49746458333341,5.06367213909107
5.49779791666674,5.07630234808312
5.49813125000008,5.08580755691219
5.49846458333341,5.09075547383691
5.49879791666674,5.09479193238076
5.49913125000008,5.09101589051716
5.49946458333341,5.08138047334796
5.49979791666674,5.07981797326647
5.50013125000008,5.08645859861281
5.50046458333341,5.09296901561902
5.50079791666675,5.08919297375542
5.50113125000008,5.08919297375542
5.50146458333341,5.08645859861281
5.50179791666675,5.08984401545604
5.50213125000008,5.08867214039492
5.50246458333341,5.09453151570051
5.50279791666675,5.09518255740113
5.50313125000008,5.10104193270672
5.50346458333342,5.0998700576456
5.50379791666675,5.09882839092461
5.50413125000008,5.09713568250299
5.50446458333342,5.09882839092461
5.50479791666675,5.10052109934623
5.50513125000008,5.09895859926473
5.50546458333342,5.0966148491425
5.50579791666675,5.10065130768635
5.50613125000008,5.10299505780858
5.50646458333342,5.10612005797157
5.50679791666675,5.10195339108759
5.50713125000009,5.09973984930548
5.50746458333342,5.10312526614871
5.50779791666675,5.10208359942772
5.50813125000009,5.10000026598573
5.50846458333342,5.1003908910061
5.50879791666675,5.11041693319567
5.50913125000009,5.11744818356237
5.50946458333342,5.12226589214697
5.50979791666676,5.12148464210623
5.51013125000009,5.11770860024262
5.51046458333342,5.11432318339939
5.51079791666676,5.11315130833827
5.51113125000009,5.11015651651542
5.51146458333342,5.10781276639318
5.51179791666676,5.10677109967219
5.51213125000009,5.11718776688213
5.51246458333343,5.12252630882722
5.51279791666676,5.1256513089902
5.51313125000009,5.13072943425505
5.51346458333343,5.13632839288039
5.51379791666676,5.14270860154647
5.5141312500001,5.14895860187244
5.51446458333343,5.15234401871567
5.51479791666676,5.15052110195393
5.5151312500001,5.14635443506995
5.51546458333343,5.1460940183897
5.51579791666676,5.1557294355589
5.5161312500001,5.16054714414349
5.51646458333343,5.17122422803368
5.51679791666677,5.17838568674051
5.5171312500001,5.18828152058995
5.51746458333343,5.19674506269803
5.51779791666677,5.19973985452089
5.5181312500001,5.20677110488759
5.51846458333343,5.20924506334996
5.51879791666677,5.21523464699567
5.5191312500001,5.22018256392039
5.51946458333343,5.22031277226051
5.51979791666677,5.22604193922598
5.5201312500001,5.23007839776983
5.52046458333344,5.2390627732384
5.52079791666677,5.24674506530573
5.5211312500001,5.25312527397182
5.52146458333344,5.25898464927741
5.52179791666677,5.25872423259716
5.5221312500001,5.26549506628362
5.52246458333344,5.27213569162996
5.52279791666677,5.27552110847319
5.52313125000011,5.2734377750312
5.52346458333344,5.27317735835095
5.52379791666677,5.27591173349356
5.52413125000011,5.28333360888064
5.52446458333344,5.28945340086648
5.52479791666677,5.29375027609058
5.52513125000011,5.29882840135542
5.52546458333344,5.30390652662027
5.52579791666678,5.30976590192586
5.52613125000011,5.30937527690548
5.52646458333344,5.30520861002151
5.52679791666678,5.30572944338201
5.52713125000011,5.30924506856536
5.52746458333345,5.30169298483816
5.52779791666678,5.29479194281157
5.52813125000011,5.28763048410474
5.52846458333345,5.28893256750598
5.52879791666678,5.28984402588685
5.52913125000011,5.28372423390101
5.52946458333345,5.2863284007035
5.52979791666678,5.27942735867691
5.53013125000012,5.27591173349356
5.53046458333345,5.27187527494971
5.53079791666678,5.27187527494971
5.53113125000012,5.27083360822871
5.53146458333345,5.26289089948114
5.53179791666678,5.25820339923666
5.53213125000012,5.25885444093729
5.53246458333345,5.25703152417555
5.53279791666678,5.25859402425704
5.53313125000012,5.2557294407743
5.53346458333345,5.2529950656317
5.53379791666679,5.24505235688412
5.53413125000012,5.23750027315691
5.53446458333345,5.23541693971492
5.53479791666679,5.23593777307542
5.53513125000012,5.23723985647666
5.53546458333345,5.24049506497977
5.53579791666679,5.24257839842176
5.53613125000012,5.24036485663964
5.53646458333346,5.23346381461306
5.53679791666679,5.2223961057025
5.53713125000012,5.21171902181231
5.53746458333346,5.20638047986722
5.53779791666679,5.20468777144561
5.53813125000012,5.20703152156784
5.53846458333346,5.1976565210789
5.53879791666679,5.19075547905231
5.53913125000013,5.18763047888933
5.53946458333346,5.18229193694424
5.53979791666679,5.17643256163865
5.54013125000013,5.17369818649604
5.54046458333346,5.17721381167939
5.54079791666679,5.1729169364553
5.54113125000013,5.16237006090523
5.54146458333346,5.15494818551815
5.5417979166668,5.15403672713728
5.54213125000013,5.14856797685206
5.54246458333346,5.14596381004958
5.5427979166668,5.14570339336933
5.54313125000013,5.14765651847119
5.54346458333346,5.14453151830821
5.5437979166668,5.14453151830821
5.54413125000013,5.13776068462175
5.54446458333347,5.12890651749331
5.5447979166668,5.11862005862349
5.54513125000013,5.11406276671914
5.54546458333347,5.11862005862349
5.5457979166668,5.11341172501852
5.54613125000013,5.11263047497778
5.54646458333347,5.10833359975368
5.5467979166668,5.11106797489629
5.54713125000013,5.10455755789008
5.54746458333347,5.10104193270672
5.5477979166668,5.09544297408138
5.54813125000014,5.09101589051716
5.54846458333347,5.08893255707517
5.5487979166668,5.09023464047641
5.54913125000014,5.08906276541529
5.54946458333347,5.08671901529306
5.5497979166668,5.08268255674921
5.55013125000014,5.08645859861281
5.55046458333347,5.0837242234702
5.55079791666681,5.07343776460039
5.55113125000014,5.07200547285902
5.55146458333347,5.0708335977979
5.55179791666681,5.07434922298125
5.55213125000014,5.07487005634175
5.55246458333348,5.0718752645189
5.55279791666681,5.07408880630101
5.55313125000014,5.06796901431517
5.55346458333348,5.06862005601579
5.55379791666681,5.06640651423368
5.55413125000014,5.06523463917256
5.55446458333348,5.06718776427442
5.55479791666681,5.06432318079169
5.55513125000015,5.0622398473497
5.55546458333348,5.05989609722747
5.55579791666681,5.05976588888734
5.55613125000015,5.06367213909107
5.55646458333348,5.06132838896883
5.55679791666681,5.06679713925405
5.55713125000015,5.06393255577132
5.55746458333348,5.06627630589355
5.55779791666681,5.06679713925405
5.55813125000015,5.06953151439666
5.55846458333348,5.0718752645189
5.55879791666682,5.06145859730896
5.55913125000015,5.0536460969015
5.55946458333348,5.05104193009902
5.55979791666682,5.05742213876511
5.56013125000015,5.06380234743119
5.56046458333348,5.06250026402995
5.56079791666682,5.06471380581206
5.56113125000015,5.06067734726821
5.56146458333349,5.0584638054861
5.56179791666682,5.06132838896883
5.56213125000015,5.06341172241082
5.56246458333349,5.06471380581206
5.56279791666682,5.0584638054861
5.56313125000015,5.06406276411144
5.56346458333349,5.06562526419293
5.56379791666682,5.06640651423368
5.56413125000016,5.06458359747194
5.56446458333349,5.06132838896883
5.56479791666682,5.05820338880585
5.56513125000016,5.05559922200337
5.56546458333349,5.05585963868361
5.56579791666683,5.05585963868361
5.56613125000016,5.06028672224784
5.56646458333349,5.06601588921331
5.56679791666683,5.06979193107691
5.56713125000016,5.06067734726821
5.56746458333349,5.05612005536386
5.56779791666683,5.05351588856138
5.56813125000016,5.05716172208486
5.5684645833335,5.05533880532312
5.56879791666683,5.06028672224784
5.56913125000016,5.05690130540461
5.5694645833335,5.05989609722747
5.56979791666683,5.05911484718672
5.57013125000016,5.06406276411144
5.5704645833335,5.06471380581206
5.57079791666683,5.05703151374473
5.57113125000016,5.05442734694225
5.5714645833335,5.05182318013976
5.57179791666683,5.05377630524163
5.57213125000017,5.0536460969015
5.5724645833335,5.06315130573057
5.57279791666683,5.0713544311584
5.57313125000017,5.06575547253306
5.5734645833335,5.05963568054722
5.57379791666683,5.05455755528237
5.57413125000017,5.05807318046573
5.5744645833335,5.05820338880585
5.57479791666684,5.05664088872436
5.57513125000017,5.06341172241082
5.5754645833335,5.05885443050647
5.57579791666684,5.05937526386697
5.57613125000017,5.05976588888734
5.5764645833335,5.05989609722747
5.57679791666684,5.05950547220709
5.57713125000017,5.04895859665703
5.57746458333351,5.04257838799094
5.57779791666684,5.0364585960051
5.57813125000017,5.04895859665703
5.57846458333351,5.05768255544535
5.57879791666684,5.05859401382622
5.57913125000017,5.05494818030275
5.57946458333351,5.05143255511939
5.57979791666684,5.05729193042498
5.58013125000018,5.05221380516014
5.58046458333351,5.05221380516014
5.58079791666684,5.04960963835765
5.58113125000018,5.05247422184039
5.58146458333351,5.05703151374473
5.58179791666684,5.06210963900958
5.58213125000018,5.05885443050647
5.58246458333351,5.06237005568983
5.58279791666685,5.06106797228858
5.58313125000018,5.06158880564908
5.58346458333351,5.05533880532312
5.58379791666685,5.05598984702374
5.58413125000018,5.06289088905032
5.58446458333351,5.06549505585281
5.58479791666685,5.06263047237007
5.58513125000018,5.06835963933554
5.58546458333352,5.06679713925405
5.58579791666685,5.06927109771641
5.58613125000018,5.06197943066945
5.58646458333352,5.06158880564908
5.58679791666685,5.05872422216635
5.58713125000018,5.05989609722747
5.58746458333352,5.06210963900958
5.58779791666685,5.05703151374473
5.58813125000019,5.05625026370399
5.58846458333352,5.06015651390772
5.58879791666685,5.06627630589355
5.58913125000019,5.06523463917256
5.58946458333352,5.05755234710523
5.58979791666685,5.05169297179964
5.59013125000019,5.04791692993604
5.59046458333352,5.05442734694225
5.59079791666686,5.06953151439666
5.59113125000019,5.07591172306275
5.59146458333352,5.07682318144362
5.59179791666686,5.0703127644374
5.59213125000019,5.07356797294051
5.59246458333352,5.07239609787939
5.59279791666686,5.07291693123989
5.59313125000019,5.0675783892948
5.59346458333353,5.0713544311584
5.59379791666686,5.07200547285902
5.59413125000019,5.07643255642324
5.59446458333353,5.07539088970225
5.59479791666686,5.07552109804237
5.59513125000019,5.0746096396615
5.59546458333353,5.07343776460039
5.59579791666686,5.07447943132138
5.59613125000019,5.07695338978374
5.59646458333353,5.07825547318498
5.59679791666686,5.08033880662697
5.5971312500002,5.07122422281827
5.59746458333353,5.06731797261455
5.59779791666686,5.06692734759417
5.5981312500002,5.06927109771641
5.59846458333353,5.07604193140287
5.59879791666686,5.07669297310349
5.5991312500002,5.08177109836834
5.59946458333353,5.07760443148436
5.59979791666687,5.07708359812386
5.6001312500002,5.07786484816461
5.60046458333353,5.08463568185107
5.60079791666687,5.0917971405579
5.6011312500002,5.09401068234001
5.60146458333353,5.09518255740113
5.60179791666687,5.09309922395914
5.6021312500002,5.09335964063939
5.60246458333354,5.08880234873504
5.60279791666687,5.08737005699368
5.6031312500002,5.09140651553753
5.60346458333354,5.0917971405579
5.60379791666687,5.0917971405579
5.60413125000021,5.09270859893877
5.60446458333354,5.09596380744188
5.60479791666687,5.10729193303268
5.60513125000021,5.11289089165803
5.60546458333354,5.11914089198399
5.60579791666687,5.11445339173952
5.60613125000021,5.11223984995741
5.60646458333354,5.11510443344014
5.60679791666688,5.11770860024262
5.60713125000021,5.11966172534449
5.60746458333354,5.11770860024262
5.60779791666688,5.12356797554821
5.60813125,5.13177110097604
5.60846458333334,5.14010443474399
5.60879791666667,5.14362005992734
5.60913125,5.14127630980511
5.60946458333334,5.14192735150573
5.60979791666667,5.1417971431656
5.61013125,5.14453151830821
5.61046458333334,5.1503908936138
5.61079791666667,5.15221381037554
5.61113125000001,5.15507839385828
5.61146458333334,5.15182318535517
5.61179791666667,5.14817735183169
5.61213125000001,5.14987006025331
5.61246458333334,5.1546877688379
5.61279791666667,5.15963568576262
5.61313125000001,5.16250026924536
5.61346458333334,5.16458360268734
5.61379791666667,5.1713544363738
5.61413125000001,5.1766929783189
5.61446458333334,5.1842450620461
5.61479791666668,5.18671902050846
5.61513125000001,5.18346381200536
5.61546458333334,5.1852867287671
5.61579791666668,5.18815131224983
5.61613125000001,5.19023464569182
5.61646458333334,5.18567735378747
5.61679791666668,5.18515652042697
5.61713125000001,5.18932318731095
5.61746458333335,5.18763047888933
5.61779791666668,5.19114610407269
5.61813125000001,5.19804714609927
5.61846458333335,5.20416693808511
5.61879791666668,5.20442735476536
5.61913125000002,5.20247422966349
5.61946458333335,5.19973985452089
5.61979791666668,5.19934922950051
5.62013125000002,5.19908881282026
5.62046458333335,5.20338568804436
5.62079791666668,5.19843777111964
5.62113125000002,5.19687527103815
5.62146458333335,5.1971356877184
5.62179791666669,5.20416693808511
5.62213125000002,5.20377631306474
5.62246458333335,5.19973985452089
5.62279791666669,5.19882839614002
5.62313125000002,5.19908881282026
5.62346458333335,5.19791693775915
5.62379791666669,5.19414089589554
5.62413125000002,5.19101589573256
5.62446458333335,5.19401068755542
5.62479791666669,5.19309922917455
5.62513125000002,5.19674506269803
5.62546458333336,5.19479193759616
5.62579791666669,5.19322943751467
5.62613125000002,5.18763047888933
5.62646458333336,5.18671902050846
5.62679791666669,5.18580756212759
5.62713125000002,5.19257839581405
5.62746458333336,5.19531277095666
5.62779791666669,5.20013047954126
5.62813125000003,5.19635443767766
5.62846458333336,5.19309922917455
5.62879791666669,5.19257839581405
5.62913125000003,5.18684922884859
5.62946458333336,5.18893256229057
5.62979791666669,5.19023464569182
5.63013125000003,5.19140652075294
5.63046458333336,5.19205756245356
5.6307979166667,5.20039089622151
5.63113125000003,5.20794297994871
5.63146458333336,5.21471381363517
5.6317979166667,5.21015652173082
5.63213125000003,5.2148440219753
5.63246458333336,5.21888048051915
5.6327979166667,5.2223961057025
5.63313125000003,5.22708360594697
5.63346458333337,5.22812527266797
5.6337979166667,5.23320339793281
5.63413125000003,5.23463568967418
5.63446458333337,5.24153673170076
5.6347979166667,5.24622423194523
5.63513125000003,5.2529950656317
5.63546458333337,5.25703152417555
5.6357979166667,5.25091173218971
5.63613125000004,5.24531277356437
5.63646458333337,5.23893256489828
5.6367979166667,5.23971381493902
5.63713125000004,5.24101589834027
5.63746458333337,5.24270860676188
5.6377979166667,5.25039089882921
5.63813125000004,5.25364610733232
5.63846458333337,5.25091173218971
5.6387979166667,5.25494819073356
5.63913125000004,5.25963569097803
5.63946458333337,5.26601589964412
5.63979791666671,5.26315131616138
5.64013125000004,5.26718777470524
5.64046458333337,5.27317735835095
5.64079791666671,5.27330756669107
5.64113125000004,5.27500027511269
5.64146458333337,5.27799506693555
5.64179791666671,5.27890652531642
5.64213125000004,5.27695340021455
5.64246458333338,5.27226589997008
5.64279791666671,5.2772138168948
5.64313125000004,5.27330756669107
5.64346458333338,5.27317735835095
5.64379791666671,5.27447944175219
5.64413125000005,5.28033881705778
5.64446458333338,5.28437527560163
5.64479791666671,5.28463569228188
5.64513125000005,5.28684923406399
5.64546458333338,5.28828152580536
5.64579791666671,5.28854194248561
5.64613125000005,5.29101590094797
5.64646458333338,5.28723985908437
5.64679791666672,5.28541694232263
5.64713125000005,5.285807567343
5.64746458333338,5.28945340086648
5.64779791666672,5.29231798434921
5.64813125000005,5.28841173414548
5.64846458333338,5.29023465090722
5.64879791666672,5.29583360953257
5.64913125000005,5.29687527625356
5.64946458333339,5.30182319317828
5.64979791666672,5.30117215147766
5.65013125000005,5.30169298483816
5.65046458333339,5.29895860969555
5.65079791666672,5.29596381787269
5.65113125000005,5.29466173447145
5.65146458333339,5.28880235916586
5.65179791666672,5.29023465090722
5.65213125000005,5.29648465123319
5.65246458333339,5.29531277617207
5.65279791666672,5.28893256750598
5.65313125000006,5.27903673365654
5.65346458333339,5.27604194183368
5.65379791666672,5.27565131681331
5.65413125000006,5.27356798337132
5.65446458333339,5.27148464992933
5.65479791666672,5.26848985810648
5.65513125000006,5.26770860806573
5.65546458333339,5.27096381656884
5.65579791666673,5.2686200664466
5.65613125000006,5.26510444126325
5.65646458333339,5.25690131583542
5.65679791666673,5.25911485761753
5.65713125000006,5.26406277454225
5.6574645833334,5.2610679827194
5.65779791666673,5.25872423259716
5.65813125000006,5.25117214886996
5.6584645833334,5.24830756538722
5.65879791666673,5.24609402360511
5.65913125000006,5.24101589834027
5.6594645833334,5.2395836065989
5.65979791666673,5.22695339760685
5.66013125000007,5.22278673072287
5.6604645833334,5.21992214724014
5.66079791666673,5.22122423064138
5.66113125000007,5.22083360562101
5.6614645833334,5.22200548068213
5.66179791666673,5.21927110553952
5.66213125000007,5.21627631371666
5.6624645833334,5.2100263133907
5.66279791666674,5.20612006318697
5.66313125000007,5.19987006286101
5.6634645833334,5.19895860448014
5.66379791666674,5.19843777111964
5.66413125000007,5.1933596458548
5.6644645833334,5.18580756212759
5.66479791666674,5.18515652042697
5.66513125000007,5.18203152026399
5.6654645833334,5.18007839516213
5.66579791666674,5.1729169364553
5.66613125000007,5.17330756147567
5.66646458333341,5.17356797815592
5.66679791666674,5.17109401969356
5.66713125000007,5.17460964487691
5.66746458333341,5.16940131127194
5.66779791666674,5.1686200612312
5.66813125000007,5.16484401936759
5.66846458333341,5.16210964422498
5.66879791666674,5.1552086021984
5.66913125000008,5.15052110195393
5.66946458333341,5.15221381037554
5.66979791666674,5.15585964389902
5.67013125000008,5.15208360203542
5.67046458333341,5.14479193498846
5.67079791666674,5.14440130996809
5.67113125000008,5.14062526810449
5.67146458333341,5.13684922624088
5.67179791666675,5.13307318437728
5.67213125000008,5.13294297603716
5.67246458333341,5.13789089296188
5.67279791666675,5.13593776786001
5.67313125000008,5.13841172632238
5.67346458333341,5.13776068462175
5.67379791666675,5.13945339304337
5.67413125000008,5.14075547644461
5.67446458333342,5.14036485142424
5.67479791666675,5.13541693449952
5.67513125000008,5.1266929757112
5.67546458333342,5.12500026728958
5.67579791666675,5.12903672583343
5.67613125000008,5.13229193433654
5.67646458333342,5.12695339239144
5.67679791666675,5.12552110065008
5.67713125000009,5.12447943392908
5.67746458333342,5.13385443441803
5.67779791666675,5.13437526777852
5.67813125000009,5.14544297668908
5.67846458333342,5.14596381004958
5.67879791666675,5.14166693482548
5.67913125000009,5.1347658927989
5.67946458333342,5.13867214300262
5.67979791666676,5.14557318502921
5.68013125000009,5.15247422705579
5.68046458333342,5.15377631045703
5.68079791666676,5.16028672746324
5.68113125000009,5.16302110260585
5.68146458333342,5.16536485272809
5.68179791666676,5.17656276997877
5.68213125000009,5.18567735378747
5.68246458333343,5.19987006286101
5.68279791666676,5.20937527169008
5.68313125000009,5.22604193922598
5.68346458333343,5.23437527299393
5.68379791666676,5.23880235655815
5.68413125000009,5.24869819040759
5.68446458333343,5.26158881607989
5.68479791666676,5.27304715001083
5.6851312500001,5.28554715066275
5.68546458333343,5.30130235981778
5.68579791666676,5.32382840265927
5.6861312500001,5.33958361181431
5.68646458333343,5.35533882096934
5.68679791666676,5.37005236340338
5.6871312500001,5.38020861393306
5.68746458333343,5.39752632316959
5.68779791666677,5.41471382406598
5.6881312500001,5.43190132496238
5.68846458333343,5.4459638256958
5.68879791666677,5.46002632642922
5.6891312500001,5.47799507736636
5.68946458333343,5.49257841146027
5.68979791666677,5.50429716207145
5.6901312500001,5.51549507932214
5.69046458333343,5.5303388300963
5.69079791666677,5.53632841374201
5.6911312500001,5.54401070580934
5.69146458333344,5.5518232062168
5.69179791666677,5.57187529059593
5.6921312500001,5.58359404120711
5.69246458333344,5.59973987538251
5.69279791666677,5.60963570923195
5.6931312500001,5.61783883465978
5.69346458333344,5.61432320947643
5.69379791666677,5.6190107097209
5.69413125000011,5.63320341879444
5.69446458333344,5.6351565438963
5.69479791666677,5.63151071037282
5.69513125000011,5.62265654324438
5.69546458333344,5.62382841830549
5.69579791666678,5.62487008502649
5.69613125000011,5.62070341814251
5.69646458333344,5.6190107097209
5.69679791666678,5.60859404251096
5.69713125000011,5.60052112542326
5.69746458333344,5.59205758331518
5.69779791666678,5.58177112444537
5.69813125000011,5.57695341586077
5.69846458333345,5.56979195715394
5.69879791666678,5.5674482070317
5.69913125000011,5.55716174816189
5.69946458333345,5.55416695633903
5.69979791666678,5.54960966443468
5.70013125000011,5.54544299755071
5.70046458333345,5.52851591333456
5.70079791666678,5.51393257924065
5.70113125000012,5.50742216223444
5.70146458333345,5.50052112020785
5.70179791666678,5.49192736975965
5.70213125000012,5.48372424433182
5.70246458333345,5.48372424433182
5.70279791666678,5.47578153558425
5.70313125000012,5.4621096598712
5.70346458333345,5.44843778415816
5.70379791666678,5.43984403370996
5.70413125000012,5.43476590844512
5.70446458333345,5.4250002829358
5.70479791666679,5.41302111564437
5.70513125000012,5.40234403175418
5.70546458333345,5.39192736454424
5.70579791666679,5.39348986462574
5.70613125000012,5.38828153102077
5.70646458333345,5.38945340608188
5.70679791666679,5.38151069733431
5.70713125000012,5.38033882227319
5.70746458333346,5.37369819692685
5.70779791666679,5.36445340477803
5.70813125000012,5.35442736258847
5.70846458333346,5.34414090371865
5.70879791666679,5.33867215343344
5.70913125000013,5.33268256978772
5.70946458333346,5.33971382015443
5.70979791666679,5.33971382015443
5.71013125000013,5.33398465318896
5.71046458333346,5.32252631925803
5.71079791666679,5.31289090208884
5.71113125000013,5.31041694362648
5.71146458333346,5.30377631828014
5.7117979166668,5.30612006840238
5.71213125000013,5.30364610994002
5.71246458333346,5.30130235981778
5.7127979166668,5.29622423455294
5.71313125000013,5.28463569228188
5.71346458333346,5.27031277486822
5.7137979166668,5.264844024583
5.71413125000013,5.27421902507194
5.71446458333346,5.2772138168948
5.7147979166668,5.27096381656884
5.71513125000013,5.2562502741348
5.71546458333347,5.25455756571319
5.7157979166668,5.2529950656317
5.71613125000013,5.25169298223045
5.71646458333347,5.24947944044834
5.7167979166668,5.24492214854399
5.71713125000013,5.24414089850325
5.71746458333347,5.23515652303468
5.7177979166668,5.23437527299393
5.71813125000014,5.2272138142871
5.71846458333347,5.22513048084511
5.7187979166668,5.22487006416486
5.71913125000014,5.22695339760685
5.71946458333347,5.23320339793281
5.7197979166668,5.22604193922598
5.72013125000014,5.22070339728089
5.72046458333347,5.2100263133907
5.72079791666681,5.20598985484685
5.72113125000014,5.20612006318697
5.72146458333347,5.20156277128263
5.72179791666681,5.19635443767766
5.72213125000014,5.19296902083443
5.72246458333347,5.19166693743318
5.72279791666681,5.19583360431716
5.72313125000014,5.19127631241281
5.72346458333348,5.19140652075294
5.72379791666681,5.19453152091592
5.72413125000014,5.20169297962275
5.72446458333348,5.20533881314623
5.72479791666681,5.200911729582
5.72513125000014,5.19869818779989
5.72546458333348,5.20065131290176
5.72579791666681,5.19973985452089
5.72613125000015,5.20169297962275
5.72646458333348,5.20468777144561
5.72679791666681,5.21223985517281
5.72713125000015,5.21354193857405
5.72746458333348,5.21770860545803
5.72779791666681,5.22018256392039
5.72813125000015,5.22031277226051
5.72846458333348,5.21744818877778
5.72879791666681,5.22369818910374
5.72913125000015,5.22968777274946
5.72946458333348,5.23776068983716
5.72979791666682,5.24557319024461
5.73013125000015,5.25742214919592
5.73046458333348,5.26614610798424
5.73079791666682,5.26770860806573
5.73113125000015,5.27552110847319
5.73146458333348,5.2782554836158
5.73179791666682,5.28867215082573
5.73213125000015,5.29648465123319
5.73246458333349,5.30429715164064
5.73279791666682,5.306771110103
5.73313125000015,5.30403673496039
5.73346458333349,5.3110679853271
5.73379791666682,5.32083361083642
5.73413125000016,5.33098986136611
5.73446458333349,5.34401069537853
5.73479791666682,5.34609402882052
5.73513125000016,5.34739611222176
5.73546458333349,5.34752632056188
5.73579791666682,5.35078152906499
5.73613125000016,5.35716173773108
5.73646458333349,5.35976590453356
5.73679791666683,5.36080757125455
5.73713125000016,5.3621096546558
5.73746458333349,5.36705757158052
5.73779791666683,5.3701825717435
5.73813125000016,5.37096382178424
5.73846458333349,5.35651069603046
5.73879791666683,5.348698195623
5.73913125000016,5.34622423716064
5.7394645833335,5.3481773622625
5.73979791666683,5.34765652890201
5.74013125000016,5.34075548687542
5.7404645833335,5.33776069505257
5.74079791666683,5.33320340314822
5.74113125000016,5.32838569456362
5.7414645833335,5.32317736095865
5.74179791666683,5.31471381885058
5.74213125000016,5.30638048508263
5.7424645833335,5.29622423455294
5.74279791666683,5.28619819236337
5.74313125000017,5.27929715033679
5.7434645833335,5.27591173349356
5.74379791666683,5.28112006709853
5.74413125000017,5.27851590029604
5.7444645833335,5.27031277486822
5.74479791666683,5.25664089915517
5.74513125000017,5.25156277389033
5.7454645833335,5.24804714870697
5.74579791666684,5.24479194020387
5.74613125000017,5.24322944012238
5.7464645833335,5.24179714838101
5.74679791666684,5.23697943979641
5.74713125000017,5.23007839776983
5.74746458333351,5.22213568902225
5.74779791666684,5.21471381363517
5.74813125000017,5.20533881314623
5.74846458333351,5.19596381265728
5.74879791666684,5.19531277095666
5.74913125000017,5.1971356877184
5.74946458333351,5.1971356877184
5.74979791666684,5.19348985419492
5.75013125000018,5.1890627706307
5.75046458333351,5.18515652042697
5.75079791666684,5.18281277030474
5.75113125000018,5.17382839483616
5.75146458333351,5.17317735313554
5.75179791666684,5.17148464471393
5.75213125000018,5.17747422835964
5.75246458333351,5.17395860317629
5.75279791666685,5.16640651944908
5.75313125000018,5.16341172762623
5.75346458333351,5.16223985256511
5.75379791666685,5.16093776916387
5.75413125000018,5.15234401871567
5.75446458333351,5.14583360170946
5.75479791666685,5.14518256000883
5.75513125000018,5.14062526810449
5.75546458333351,5.13893255968287
5.75579791666685,5.13737005960138
5.75613125000018,5.14192735150573
5.75646458333352,5.14362005992734
5.75679791666685,5.14114610146498
5.75713125000018,5.13867214300262
5.75746458333352,5.13789089296188
5.75779791666685,5.14505235166871
5.75813125000018,5.14752631013107
5.75846458333352,5.14908881021256
5.75879791666685,5.14570339336933
5.75913125000019,5.14622422672983
5.75946458333352,5.14973985191318
5.75979791666685,5.14739610179095
5.76013125000019,5.15169297701505
5.76046458333352,5.14726589345082
5.76079791666685,5.15130235199467
5.76113125000019,5.14309922656685
5.76146458333352,5.13841172632238
5.76179791666686,5.13684922624088
5.76213125000019,5.1385419346625
5.76246458333352,5.14518256000883
5.76279791666686,5.14309922656685
5.76313125000019,5.14440130996809
5.76346458333352,5.14466172664834
5.76379791666686,5.14218776818598
5.76413125000019,5.13697943458101
5.76446458333353,5.13307318437728
5.76479791666686,5.13580755951989
5.76513125000019,5.14296901822672
5.76546458333353,5.14453151830821
5.76579791666686,5.15455756049778
5.76613125000019,5.15351589377678
5.76646458333353,5.14973985191318
5.76679791666686,5.14296901822672
5.7671312500002,5.14960964357306
5.76746458333353,5.15481797717803
5.76779791666686,5.15729193564039
5.7681312500002,5.15312526875641
5.76846458333353,5.1519533936953
5.76879791666686,5.14921901855269
5.7691312500002,5.14544297668908
5.76946458333353,5.14817735183169
5.76979791666687,5.14700547677057
5.7701312500002,5.14921901855269
5.77046458333353,5.15299506041629
5.77079791666687,5.15533881053853
5.7711312500002,5.15989610244287
5.77146458333353,5.15651068559964
5.77179791666687,5.15585964389902
5.7721312500002,5.1519533936953
5.77246458333354,5.1471356851107
5.77279791666687,5.14830756017182
5.7731312500002,5.14362005992734
5.77346458333354,5.14205755984585
5.77379791666687,5.13958360138349
5.7741312500002,5.13541693449952
5.77446458333354,5.13007839255442
5.77479791666687,5.11822943360312
5.77513125000021,5.12044297538523
5.77546458333354,5.12695339239144
5.77579791666687,5.139062768023
5.77613125000021,5.14166693482548
5.77646458333354,5.13190130931616
5.77679791666687,5.12031276704511
5.77713125000021,5.10963568315492
5.77746458333354,5.11432318339939
5.77779791666688,5.11835964194324
5.77813125000021,5.11549505846051
5.77846458333354,5.10768255805306
5.77879791666667,5.09973984930548
5.77913125,5.10078151602647
5.77946458333333,5.09973984930548
5.77979791666667,5.10065130768635
5.78013125,5.10208359942772
5.78046458333334,5.09544297408138
5.78079791666667,5.08880234873504
5.78113125,5.08554714023194
5.78146458333334,5.09739609918324
5.78179791666667,5.09973984930548
5.78213125,5.10364609950921
5.78246458333334,5.10221380776784
5.78279791666667,5.09713568250299
5.78313125000001,5.08828151537455
5.78346458333334,5.0842450568307
5.78379791666667,5.09153672387765
5.78413125000001,5.09388047399989
5.78446458333334,5.09596380744188
5.78479791666667,5.0966148491425
5.78513125000001,5.1003908910061
5.78546458333334,5.09570339076163
5.78579791666668,5.0885419320548
5.78613125000001,5.08919297375542
5.78646458333334,5.09309922395914
5.78679791666668,5.10403672452958
5.78713125000001,5.10703151635244
5.78746458333335,5.10781276639318
5.78779791666668,5.11002630817529
5.78813125000001,5.10703151635244
5.78846458333335,5.11237005829753
5.78879791666668,5.11575547514076
5.78913125000001,5.12434922558896
5.78946458333335,5.12643255903095
5.78979791666668,5.1304690175748
5.79013125000002,5.1304690175748
5.79046458333335,5.13932318470324
5.79079791666668,5.14505235166871
5.79113125000002,5.15312526875641
5.79146458333335,5.15273464373604
5.79179791666668,5.14934922689281
5.79213125000002,5.15598985223915
5.79246458333335,5.16067735248362
5.79279791666668,5.16835964455095
5.79313125000002,5.1686200612312
5.79346458333335,5.16953151961207
5.79379791666669,5.17487006155716
5.79413125000002,5.17799506172014
5.79446458333335,5.18203152026399
5.79479791666669,5.17799506172014
5.79513125000002,5.18007839516213
5.79546458333335,5.1804690201825
5.79579791666669,5.17838568674051
5.79613125000002,5.1761721449584
5.79646458333336,5.17838568674051
5.79679791666669,5.18867214561033
5.79713125000002,5.19192735411343
5.79746458333336,5.19687527103815
5.79779791666669,5.19882839614002
5.79813125000002,5.19843777111964
5.79846458333336,5.19596381265728
5.79879791666669,5.19036485403194
5.79913125000003,5.19166693743318
5.79946458333336,5.18671902050846
5.79979791666669,5.18281277030474
5.80013125000003,5.18385443702573
5.80046458333336,5.18151068690349
5.8007979166667,5.17578151993803
5.80113125000003,5.16692735280958
5.80146458333336,5.16848985289107
5.8017979166667,5.16497422770772
5.80213125000003,5.16341172762623
5.80246458333336,5.16263047758548
5.8027979166667,5.16718776948983
5.80313125000003,5.16679714446946
5.80346458333337,5.15976589410275
5.8037979166667,5.15924506074225
5.80413125000003,5.15390651879716
5.80446458333337,5.14739610179095
5.8047979166667,5.14088568478474
5.80513125000003,5.14401068494772
5.80546458333337,5.14843776851194
5.8057979166667,5.14492214332859
5.80613125000003,5.14362005992734
5.80646458333337,5.14244818486623
5.8067979166667,5.14544297668908
5.80713125000004,5.13658880956064
5.80746458333337,5.13085964259517
5.8077979166667,5.12656276737107
5.80813125000004,5.12070339206548
5.80846458333337,5.11783880858275
5.8087979166667,5.11080755821604
5.80913125000004,5.11250026663765
5.80946458333337,5.10794297473331
5.80979791666671,5.11223984995741
5.81013125000004,5.1165367251815
5.81046458333337,5.11822943360312
5.81079791666671,5.11523464178026
5.81113125000004,5.10911484979442
5.81146458333337,5.10872422477405
5.81179791666671,5.11250026663765
5.81213125000004,5.11445339173952
5.81246458333338,5.11992214202473
5.81279791666671,5.11132839157654
5.81313125000004,5.11132839157654
5.81346458333338,5.10625026631169
5.81379791666671,5.10924505813455
5.81413125000004,5.1052085995907
5.81446458333338,5.11041693319567
5.81479791666671,5.1089846414543
5.81513125000005,5.10598984963144
5.81546458333338,5.09895859926473
5.81579791666671,5.09674505748262
5.81613125000005,5.10260443278821
5.81646458333338,5.10208359942772
5.81679791666671,5.10559922461107
5.81713125000005,5.10195339108759
5.81746458333338,5.1052085995907
5.81779791666671,5.10338568282896
5.81813125000005,5.09960964096535
5.81846458333338,5.09596380744188
5.81879791666672,5.09778672420362
5.81913125000005,5.09674505748262
5.81946458333338,5.09479193238076
5.81979791666672,5.09218776557827
5.82013125000005,5.09505234906101
5.82046458333338,5.09830755756411
5.82079791666672,5.10000026598573
5.82113125000005,5.10221380776784
5.82146458333339,5.09921901594498
5.82179791666672,5.09934922428511
5.82213125000005,5.09934922428511
5.82246458333339,5.10065130768635
5.82279791666672,5.0998700576456
5.82313125000005,5.09544297408138
5.82346458333339,5.09270859893877
5.82379791666672,5.09791693254374
5.82413125000006,5.10390651618946
5.82446458333339,5.11015651651542
5.82479791666672,5.10273464112834
5.82513125000006,5.09531276574126
5.82546458333339,5.0923179739184
5.82579791666673,5.09114609885728
5.82613125000006,5.09622422412213
5.82646458333339,5.09153672387765
5.82679791666673,5.08867214039492
5.82713125000006,5.08763047367393
5.82746458333339,5.08841172371467
5.82779791666673,5.09362005731964
5.82813125000006,5.09062526549678
5.8284645833334,5.0912763071974
5.82879791666673,5.09244818225852
5.82913125000006,5.09674505748262
5.8294645833334,5.10325547448883
5.82979791666673,5.10690130801231
5.83013125000006,5.10455755789008
5.8304645833334,5.10260443278821
5.83079791666673,5.1041669328697
5.83113125000006,5.10911484979442
5.8314645833334,5.10833359975368
5.83179791666673,5.11041693319567
5.83213125000007,5.11822943360312
5.8324645833334,5.1256513089902
5.83279791666673,5.12526068396983
5.83313125000007,5.13098985093529
5.8334645833334,5.13828151798225
5.83379791666673,5.1503908936138
5.83413125000007,5.16067735248362
5.8344645833334,5.17252631143492
5.83479791666674,5.18593777046772
5.83513125000007,5.1933596458548
5.8354645833334,5.20338568804436
5.83579791666674,5.21145860513207
5.83613125000007,5.22500027250499
5.8364645833334,5.24375027348288
5.83679791666674,5.2686200664466
5.83713125000007,5.29231798434921
5.83746458333341,5.30312527657952
5.83779791666674,5.31250027706847
5.83813125000007,5.32226590257778
5.83846458333341,5.34414090371865
5.83879791666674,5.36901069668238
5.83913125000008,5.39453153134673
5.83946458333341,5.42109403273207
5.83979791666674,5.44296903387294
5.84013125000008,5.4674482018163
5.84046458333341,5.49765653672512
5.84079791666674,5.52812528831419
5.84113125000008,5.55468778969953
5.84146458333341,5.56979195715394
5.84179791666675,5.59218779165531
5.84213125000008,5.61328154275543
5.84246458333341,5.63671904397779
5.84279791666675,5.65494821159518
5.84313125000008,5.68059925459966
5.84346458333341,5.70039092229854
5.84379791666675,5.72083363169804
5.84413125000008,5.7372398825537
5.84446458333341,5.75364613340935
5.84479791666675,5.771094050986
5.84513125000008,5.7829430099373
5.84546458333342,5.7915367603855
5.84579791666675,5.79427113552811
5.84613125000008,5.79609405228985
5.84646458333342,5.80455759439792
5.84679791666675,5.81406280322699
5.84713125000008,5.81054717804363
5.84746458333342,5.80455759439792
5.84779791666675,5.78867217690277
5.84813125000009,5.78307321827742
5.84846458333342,5.77174509268662
5.84879791666675,5.76484405066003
5.84913125000009,5.75742217527295
5.84946458333342,5.75065134158649
5.84979791666675,5.74140654943767
5.85013125000009,5.73320342400984
5.85046458333342,5.73085967388761
5.85079791666676,5.72447946522152
5.85113125000009,5.7152346730727
5.85146458333342,5.68554717152438
5.85179791666676,5.66406279540388
5.85213125000009,5.64466175272537
5.85246458333342,5.63346383547469
5.85279791666676,5.61640654291841
5.85313125000009,5.58906279149232
5.85346458333343,5.56484404022922
5.85379791666676,5.54166695568711
5.85413125000009,5.51731799608388
5.85446458333343,5.49726591170474
5.85479791666676,5.47252632708114
5.85513125000009,5.45351590942301
5.85546458333343,5.43515653346549
5.85579791666676,5.42278674115369
5.8561312500001,5.41471382406598
5.85646458333343,5.3959638230881
5.85679791666676,5.3777346554707
5.8571312500001,5.36041694623418
5.85746458333343,5.35195340412611
5.85779791666676,5.33997423683468
5.8581312500001,5.33216173642722
5.85846458333343,5.31835965237406
5.85879791666677,5.30429715164064
5.8591312500001,5.29401069277083
5.85946458333343,5.29192735932884
5.85979791666677,5.2863284007035
5.8601312500001,5.27135444158921
5.86046458333343,5.2524742322712
5.86079791666677,5.23841173153778
5.8611312500001,5.2304690227902
5.86146458333344,5.22955756440933
5.86179791666677,5.23437527299393
5.8621312500001,5.22942735606921
5.86246458333344,5.21901068885927
5.86279791666677,5.20585964650672
5.8631312500001,5.20286485468387
5.86346458333344,5.19830756277952
5.86379791666677,5.19700547937828
5.86413125000011,5.19218777079368
5.86446458333344,5.18750027054921
5.86479791666677,5.1852867287671
5.86513125000011,5.17734402001952
5.86546458333344,5.17473985321703
5.86579791666677,5.16497422770772
5.86613125000011,5.16210964422498
5.86646458333344,5.16614610276884
5.86679791666678,5.16992214463244
5.86713125000011,5.17343776981579
5.86746458333344,5.17278672811517
5.86779791666678,5.17812527006026
5.86813125000011,5.17487006155716
5.86846458333344,5.16692735280958
5.86879791666678,5.16145860252436
5.86913125000011,5.17070339467318
5.86946458333344,5.17721381167939
5.86979791666678,5.17760443669977
5.87013125000011,5.17942735346151
5.87046458333345,5.18320339532511
5.87079791666678,5.18737006220908
5.87113125000011,5.18190131192387
5.87146458333345,5.18554714544734
5.87179791666678,5.18281277030474
5.87213125000011,5.18229193694424
5.87246458333345,5.18072943686275
5.87279791666678,5.18815131224983
5.87313125000012,5.19557318763691
5.87346458333345,5.19830756277952
5.87379791666678,5.20664089654747
5.87413125000012,5.20898464666971
5.87446458333345,5.20807318828884
5.87479791666678,5.20377631306474
5.87513125000012,5.20273464634374
5.87546458333345,5.20677110488759
5.87579791666679,5.21028673007095
5.87613125000012,5.21093777177157
5.87646458333345,5.20911485500983
5.87679791666679,5.20286485468387
5.87713125000012,5.20729193824809
5.87746458333346,5.21119818845182
5.87779791666679,5.21210964683269
5.87813125000012,5.21145860513207
5.87846458333346,5.201953396303
5.87879791666679,5.19869818779989
5.87913125000012,5.19401068755542
5.87946458333346,5.19648464601778
5.87979791666679,5.19960964618076
5.88013125000013,5.20234402132337
5.88046458333346,5.20052110456163
5.88079791666679,5.19192735411343
5.88113125000013,5.18320339532511
5.88146458333346,5.18216172860411
5.88179791666679,5.18489610374672
5.88213125000013,5.1847658954066
5.88246458333346,5.17864610342076
5.88279791666679,5.17070339467318
5.88313125000013,5.16653672778921
5.88346458333346,5.16458360268734
5.8837979166668,5.16601589442871
5.88413125000013,5.16627631110896
5.88446458333346,5.1675783945102
5.8847979166668,5.17226589475467
5.88513125000013,5.16640651944908
5.88546458333346,5.16406276932685
5.8857979166668,5.15742214398051
5.88613125000013,5.15364610211691
5.88646458333347,5.14921901855269
5.8867979166668,5.14140651814523
5.88713125000013,5.14244818486623
5.88746458333347,5.14648464341008
5.8877979166668,5.15078151863418
5.88813125000013,5.15013047693356
5.88846458333347,5.13958360138349
5.8887979166668,5.13919297636312
5.88913125000014,5.13619818454026
5.88946458333347,5.13671901790076
5.8897979166668,5.13815130964213
5.89013125000014,5.13828151798225
5.89046458333347,5.13828151798225
5.89079791666681,5.13632839288039
5.89113125000014,5.13489610113902
5.89146458333347,5.14075547644461
5.89179791666681,5.13489610113902
5.89213125000014,5.13554714283964
5.89246458333347,5.13580755951989
5.89279791666681,5.13632839288039
5.89313125000014,5.13815130964213
5.89346458333348,5.13723985126126
5.89379791666681,5.14153672648536
5.89413125000014,5.13541693449952
5.89446458333348,5.13333360105753
5.89479791666681,5.12799505911244
5.89513125000014,5.1299481842143
5.89546458333348,5.13216172599641
5.89579791666681,5.13437526777852
5.89613125000014,5.13528672615939
5.89646458333348,5.13593776786001
5.89679791666681,5.14218776818598
5.89713125000015,5.1460940183897
5.89746458333348,5.13893255968287
5.89779791666681,5.13671901790076
5.89813125000015,5.13190130931616
5.89846458333348,5.12786485077231
5.89879791666681,5.12539089230995
5.89913125000015,5.13125026761554
5.89946458333348,5.13190130931616
5.89979791666682,5.12760443409206
5.90013125000015,5.12265651716734
5.90046458333348,5.12838568413281
5.90079791666682,5.12487005894946
5.90113125000015,5.12200547546672
5.90146458333348,5.1175783919025
5.90179791666682,5.12408880890871
5.90213125000015,5.12552110065008
5.90246458333349,5.12591172567045
5.90279791666682,5.12070339206548
5.90313125000015,5.11953151700436
5.90346458333349,5.11940130866424
5.90379791666682,5.12005235036486
5.90413125000015,5.12643255903095
5.90446458333349,5.13098985093529
5.90479791666682,5.13059922591492
5.90513125000016,5.12473985060933
5.90546458333349,5.11718776688213
5.90579791666682,5.11158880825678
5.90613125000016,5.10442734954995
5.90646458333349,5.10911484979442
5.90679791666682,5.11015651651542
5.90713125000016,5.11028672485554
5.90746458333349,5.10924505813455
5.90779791666682,5.11106797489629
5.90813125000016,5.11145859991666
5.90846458333349,5.10963568315492
5.90879791666683,5.1127606833179
5.90913125000016,5.11588568348088
5.90946458333349,5.11783880858275
5.90979791666683,5.11562526680064
5.91013125000016,5.11549505846051
5.91046458333349,5.11445339173952
5.91079791666683,5.11263047497778
5.91113125000016,5.11796901692287
5.9114645833335,5.11562526680064
5.91179791666683,5.11041693319567
5.91213125000016,5.10286484946846
5.9124645833335,5.10911484979442
5.91279791666683,5.11888047530374
5.91313125000016,5.12070339206548
5.9134645833335,5.118099225263
5.91379791666683,5.11627630850126
5.91413125000017,5.12109401708585
5.9144645833335,5.11953151700436
5.91479791666683,5.11835964194324
5.91513125000017,5.12096380874573
5.9154645833335,5.12161485044635
5.91579791666684,5.11901068364386
5.91613125000017,5.12031276704511
5.9164645833335,5.12734401741182
5.91679791666684,5.13346380939765
5.91713125000017,5.13437526777852
5.9174645833335,5.13958360138349
5.91779791666684,5.14375026826747
5.91813125000017,5.14114610146498
5.91846458333351,5.14023464308411
5.91879791666684,5.14244818486623
5.91913125000017,5.14479193498846
5.91946458333351,5.1466148517502
5.91979791666684,5.1460940183897
5.92013125000017,5.14778672681132
5.92046458333351,5.14309922656685
5.92079791666684,5.14843776851194
5.92113125000017,5.15234401871567
5.92146458333351,5.15781276900089
5.92179791666684,5.16341172762623
5.92213125000018,5.16783881119045
5.92246458333351,5.17083360301331
5.92279791666684,5.16783881119045
5.92313125000018,5.17122422803368
5.92346458333351,5.1718752697343
5.92379791666684,5.17200547807443
5.92413125000018,5.18085964520287
5.92446458333351,5.19088568739244
5.92479791666685,5.20104193792213
5.92513125000018,5.20364610472461
5.92546458333351,5.20507839646598
5.92579791666685,5.2062502715271
5.92613125000018,5.20494818812585
5.92646458333351,5.21627631371666
5.92679791666685,5.23125027283095
5.92713125000018,5.24348985680263
5.92746458333352,5.25208360725082
5.92779791666685,5.2686200664466
5.92813125000018,5.28385444224114
5.92846458333352,5.29153673430847
5.92879791666685,5.29791694297455
5.92913125000019,5.30546902670176
5.92946458333352,5.31757840233331
5.92979791666685,5.33229194476735
5.93013125000019,5.34908882064337
5.93046458333352,5.36419298809779
5.93079791666685,5.37604194704909
5.93113125000019,5.390625281143
5.93146458333352,5.4035159068153
5.93179791666686,5.4169273658481
5.93213125000019,5.42890653313953
5.93246458333352,5.44700549241679
5.93279791666686,5.45989611808909
5.93313125000019,5.47812528570648
5.93346458333352,5.49205757809978
5.93379791666686,5.51106799575791
5.93413125000019,5.52682320491294
5.93446458333352,5.54205758070748
5.93479791666686,5.5518232062168
5.93513125000019,5.56302112346748
5.93546458333353,5.57109404055518
5.93579791666686,5.57617216582003
5.93613125000019,5.58151070776512
5.93646458333353,5.58723987473059
5.93679791666686,5.5927086250158
5.93713125000019,5.60052112542326
5.93746458333353,5.6055992506881
5.93779791666686,5.61523466785729
5.9381312500002,5.61276070939493
5.93846458333353,5.6184898763604
5.93879791666686,5.61679716793879
5.9391312500002,5.61783883465978
5.93946458333353,5.61197945935419
5.93979791666686,5.61158883433382
5.9401312500002,5.61002633425233
5.94046458333353,5.6018232088245
5.94079791666687,5.58776070809108
5.9411312500002,5.57539091577928
5.94146458333353,5.57044299885456
5.94179791666687,5.56484404022922
5.9421312500002,5.55273466459767
5.94246458333353,5.53697945544263
5.94279791666687,5.52096382960735
5.9431312500002,5.51132841243816
5.94346458333354,5.49830757842574
5.94379791666687,5.48763049453555
5.9441312500002,5.47578153558425
5.94446458333354,5.46666695177555
5.94479791666687,5.45716174294648
5.9451312500002,5.44557320067543
5.94546458333354,5.43112007492164
5.94579791666687,5.41601590746723
5.94613125000021,5.39674507312884
5.94646458333354,5.38945340608188
5.94679791666687,5.38098986397381
5.94713125000021,5.3744794469676
5.94746458333354,5.36250027967617
5.94779791666687,5.35820340445207
5.94813125000021,5.3492190289835
5.94846458333354,5.33763048671244
5.94879791666688,5.32630236112163
5.94913125000021,5.32031277747592
5.94946458333333,5.31875027739443
5.94979791666667,5.3110679853271
5.95013125,5.30794298516412
5.95046458333334,5.30104194313754
5.95079791666667,5.28697944240412
5.95113125,5.27109402490896
5.95146458333334,5.26315131616138
5.95179791666667,5.26705756636511
5.95213125,5.26888048312685
5.95246458333334,5.26549506628362
5.95279791666667,5.25507839907368
5.95313125,5.24856798206747
5.95346458333334,5.2401044399594
5.95379791666667,5.2352867313748
5.95413125000001,5.22838568934822
5.95446458333334,5.23216173121182
5.95479791666667,5.23424506465381
5.95513125000001,5.22903673104884
5.95546458333334,5.2223961057025
5.95579791666668,5.22070339728089
5.95613125000001,5.22109402230126
5.95646458333334,5.21940131387964
5.95679791666668,5.20937527169008
5.95713125000001,5.20898464666971
5.95746458333334,5.20416693808511
5.95779791666668,5.20273464634374
5.95813125000001,5.20703152156784
5.95846458333335,5.20377631306474
5.95879791666668,5.20039089622151
5.95913125000001,5.19479193759616
5.95946458333335,5.1933596458548
5.95979791666668,5.19895860448014
5.96013125000001,5.19804714609927
5.96046458333335,5.20377631306474
5.96079791666668,5.20078152124188
5.96113125000002,5.20052110456163
5.96146458333335,5.200911729582
5.96179791666668,5.2057294381666
5.96213125000002,5.1966148543579
5.96246458333335,5.18932318731095
5.96279791666668,5.18541693710722
5.96313125000002,5.19244818747393
5.96346458333335,5.19739610439865
5.96379791666668,5.19205756245356
5.96413125000002,5.19505235427641
5.96446458333335,5.19348985419492
5.96479791666669,5.19466172925604
5.96513125000002,5.19296902083443
5.96546458333335,5.19075547905231
5.96579791666669,5.18997422901157
5.96613125000002,5.1852867287671
5.96646458333335,5.18333360366523
5.96679791666669,5.18268256196461
5.96713125000002,5.17473985321703
5.96746458333336,5.17096381135343
5.96779791666669,5.17005235297256
5.96813125000002,5.17434922819666
5.96846458333336,5.17747422835964
5.96879791666669,5.17552110325778
5.96913125000003,5.17539089491766
5.96946458333336,5.16901068625157
5.96979791666669,5.17500026989728
5.97013125000003,5.17682318665902
5.97046458333336,5.18085964520287
5.97079791666669,5.17304714479542
5.97113125000003,5.17434922819666
5.97146458333336,5.17096381135343
5.9717979166667,5.1680992278707
5.97213125000003,5.16263047758548
5.97246458333336,5.17304714479542
5.9727979166667,5.18385443702573
5.97313125000003,5.18867214561033
5.97346458333336,5.18580756212759
5.9737979166667,5.180989853543
5.97413125000003,5.18580756212759
5.97446458333337,5.18971381233132
5.9747979166667,5.19596381265728
5.97513125000003,5.20078152124188
5.97546458333337,5.20026068788138
5.9757979166667,5.20403672974499
5.97613125000003,5.19947943784064
5.97646458333337,5.19987006286101
5.9767979166667,5.19973985452089
5.97713125000003,5.2057294381666
5.97746458333337,5.21549506367592
5.9777979166667,5.22226589736238
5.97813125000004,5.22500027250499
5.97846458333337,5.22343777242349
5.9787979166667,5.22695339760685
5.97913125000004,5.23945339825877
5.97946458333337,5.24661485696561
5.9797979166667,5.25442735737306
5.98013125000004,5.25104194052983
5.98046458333337,5.25026069048909
5.98079791666671,5.24609402360511
5.98113125000004,5.24934923210822
5.98146458333337,5.25950548263791
5.98179791666671,5.26549506628362
5.98213125000004,5.27356798337132
5.98246458333338,5.27695340021455
5.98279791666671,5.28072944207815
5.98313125000004,5.28072944207815
5.98346458333338,5.27565131681331
5.98379791666671,5.27994819203741
5.98413125000004,5.27734402523492
5.98446458333338,5.28463569228188
5.98479791666671,5.28606798402325
5.98513125000004,5.28763048410474
5.98546458333338,5.29127631762822
5.98579791666671,5.29101590094797
5.98613125000005,5.29557319285232
5.98646458333338,5.28593777568312
5.98679791666671,5.2809898587584
5.98713125000005,5.27578152515344
5.98746458333338,5.28112006709853
5.98779791666671,5.28489610896213
5.98813125000005,5.2852867339825
5.98846458333338,5.27539090013306
5.98879791666672,5.27135444158921
5.98913125000005,5.26901069146697
5.98946458333338,5.2734377750312
5.98979791666672,5.26653673300461
5.99013125000005,5.25690131583542
5.99046458333338,5.24687527364586
5.99079791666672,5.24127631502051
5.99113125000005,5.24492214854399
5.99146458333339,5.24466173186374
5.99179791666672,5.24739610700635
5.99213125000005,5.24505235688412
5.99246458333339,5.23684923145629
5.99279791666672,5.22890652270871
5.99313125000005,5.21627631371666
5.99346458333339,5.21549506367592
5.99379791666672,5.21250027185306
5.99413125000006,5.21171902181231
5.99446458333339,5.21028673007095
5.99479791666672,5.20585964650672
5.99513125000006,5.20000027120113
5.99546458333339,5.18697943718871
5.99579791666672,5.17890652010101
5.99613125000006,5.17421901985654
5.99646458333339,5.17031276965281
5.99679791666673,5.16992214463244
5.99713125000006,5.17070339467318
5.99746458333339,5.1729169364553
5.99779791666673,5.16666693612933
5.99813125000006,5.1638023526466
5.99846458333339,5.16015651912312
5.99879791666673,5.15846381070151
5.99913125000006,5.15403672713728
5.9994645833334,5.15546901887865
5.99979791666673,5.15130235199467
6.00013125000006,5.1417971431656
6.0004645833334,5.13697943458101
6.00079791666673,5.14036485142424
6.00113125000006,5.1466148517502
6.0014645833334,5.14362005992734
6.00179791666673,5.14479193498846
6.00213125000006,5.13619818454026
6.0024645833334,5.13815130964213
6.00279791666673,5.13658880956064
6.00313125000007,5.14075547644461
6.0034645833334,5.13958360138349
6.00379791666673,5.13997422640387
6.00413125000007,5.14010443474399
6.0044645833334,5.13723985126126
6.00479791666674,5.13216172599641
6.00513125000007,5.13567735117977
6.0054645833334,5.13580755951989
6.00579791666674,5.13619818454026
6.00613125000007,5.138021101302
6.0064645833334,5.14036485142424
6.00679791666674,5.14049505976436
6.00713125000007,5.13463568445877
6.00746458333341,5.13164089263591
6.00779791666674,5.13268255935691
6.00813125000007,5.1337242260779
6.00846458333341,5.13658880956064
6.00879791666674,5.139062768023
6.00913125000007,5.14153672648536
6.00946458333341,5.14466172664834
6.00979791666674,5.14362005992734
6.01013125000008,5.14127630980511
6.01046458333341,5.14205755984585
6.01079791666674,5.14075547644461
6.01113125000008,5.14218776818598
6.01146458333341,5.14166693482548
6.01179791666674,5.14049505976436
6.01213125000008,5.13671901790076
6.01246458333341,5.13880235134275
6.01279791666675,5.14752631013107
6.01313125000008,5.15742214398051
6.01346458333341,5.15429714381753
6.01379791666675,5.15182318535517
6.01413125000008,5.14700547677057
6.01446458333341,5.14648464341008
6.01479791666675,5.1466148517502
6.01513125000008,5.14947943523293
6.01546458333341,5.14830756017182
6.01579791666675,5.15442735215765
6.01613125000008,5.15846381070151
6.01646458333342,5.16354193596635
6.01679791666675,5.160026310783
6.01713125000008,5.15976589410275
6.01746458333342,5.16106797750399
6.01779791666675,5.16601589442871
6.01813125000009,5.16875026957132
6.01846458333342,5.17330756147567
6.01879791666675,5.17213568641455
6.01913125000009,5.17773464503989
6.01946458333342,5.17929714512138
6.01979791666675,5.18268256196461
6.02013125000009,5.18190131192387
6.02046458333342,5.17695339499915
6.02079791666676,5.1729169364553
6.02113125000009,5.16901068625157
6.02146458333342,5.16992214463244
6.02179791666676,5.17317735313554
6.02213125000009,5.18020860350225
6.02246458333342,5.19166693743318
6.02279791666676,5.18997422901157
6.02313125000009,5.18710964552884
6.02346458333343,5.18450547872635
6.02379791666676,5.18072943686275
6.02413125000009,5.18020860350225
6.02446458333343,5.17890652010101
6.02479791666676,5.18802110390971
6.02513125000009,5.18580756212759
6.02546458333343,5.18632839548809
6.02579791666676,5.18085964520287
6.0261312500001,5.18216172860411
6.02646458333343,5.1766929783189
6.02679791666676,5.17747422835964
6.0271312500001,5.17539089491766
6.02746458333343,5.18593777046772
6.02779791666676,5.18320339532511
6.0281312500001,5.17487006155716
6.02846458333343,5.16184922754474
6.02879791666676,5.16223985256511
6.0291312500001,5.17096381135343
6.02946458333343,5.17591172827815
6.02979791666677,5.1847658954066
6.0301312500001,5.18593777046772
6.03046458333343,5.18619818714797
6.03079791666677,5.18229193694424
6.0311312500001,5.179948186822
6.03146458333343,5.18020860350225
6.03179791666677,5.17942735346151
6.0321312500001,5.18307318698498
6.03246458333344,5.18333360366523
6.03279791666677,5.18177110358374
6.0331312500001,5.17578151993803
6.03346458333344,5.17278672811517
6.03379791666677,5.17044297799293
6.0341312500001,5.1686200612312
6.03446458333344,5.16419297766697
6.03479791666677,5.16237006090523
6.03513125000011,5.16848985289107
6.03546458333344,5.16523464438797
6.03579791666677,5.16250026924536
6.03613125000011,5.15755235232064
6.03646458333344,5.16119818584412
6.03679791666677,5.160026310783
6.03713125000011,5.15937526908238
6.03746458333344,5.16171901920461
6.03779791666678,5.16132839418424
6.03813125000011,5.158984644062
6.03846458333344,5.16067735248362
6.03879791666678,5.15846381070151
6.03913125000011,5.1632815192861
6.03946458333344,5.15677110227989
6.03979791666678,5.15781276900089
6.04013125000011,5.15481797717803
6.04046458333345,5.15416693547741
6.04079791666678,5.158984644062
6.04113125000011,5.16341172762623
6.04146458333345,5.1680992278707
6.04179791666678,5.16471381102747
6.04213125000011,5.16067735248362
6.04246458333345,5.15781276900089
6.04279791666678,5.1519533936953
6.04313125000012,5.14791693515144
6.04346458333345,5.14791693515144
6.04379791666678,5.15078151863418
6.04413125000012,5.14882839353231
6.04446458333345,5.14596381004958
6.04479791666678,5.14987006025331
6.04513125000012,5.15351589377678
6.04546458333345,5.15507839385828
6.04579791666679,5.15559922721877
6.04613125000012,5.15664089393977
6.04646458333345,5.1552086021984
6.04679791666679,5.15052110195393
6.04713125000012,5.15234401871567
6.04746458333345,5.15507839385828
6.04779791666679,5.1546877688379
6.04813125000012,5.14960964357306
6.04846458333346,5.1509117269743
6.04879791666679,5.1519533936953
6.04913125000012,5.15130235199467
6.04946458333346,5.14882839353231
6.04979791666679,5.15182318535517
6.05013125000012,5.15390651879716
6.05046458333346,5.15338568543666
6.05079791666679,5.1557294355589
6.05113125000013,5.15846381070151
6.05146458333346,5.16445339434722
6.05179791666679,5.1595054774225
6.05213125000013,5.15833360236138
6.05246458333346,5.15130235199467
6.05279791666679,5.15273464373604
6.05313125000013,5.15117214365455
6.05346458333346,5.14804714349157
6.05379791666679,5.1466148517502
6.05413125000013,5.1466148517502
6.05446458333346,5.15013047693356
6.0547979166668,5.15455756049778
6.05513125000013,5.15507839385828
6.05546458333346,5.15364610211691
6.0557979166668,5.15065131029405
6.05613125000013,5.14752631013107
6.05646458333347,5.14791693515144
6.0567979166668,5.14192735150573
6.05713125000013,5.13971380972362
6.05746458333347,5.13919297636312
6.0577979166668,5.14492214332859
6.05813125000013,5.15078151863418
6.05846458333347,5.15052110195393
6.0587979166668,5.15234401871567
6.05913125000014,5.14453151830821
6.05946458333347,5.14479193498846
6.0597979166668,5.14192735150573
6.06013125000014,5.14908881021256
6.06046458333347,5.14830756017182
6.0607979166668,5.14453151830821
6.06113125000014,5.14895860187244
6.06146458333347,5.15013047693356
6.06179791666681,5.15260443539592
6.06213125000014,5.14739610179095
6.06246458333347,5.14700547677057
6.06279791666681,5.14739610179095
6.06313125000014,5.14583360170946
6.06346458333347,5.14843776851194
6.06379791666681,5.14804714349157
6.06413125000014,5.14934922689281
6.06446458333348,5.15182318535517
6.06479791666681,5.15742214398051
6.06513125000014,5.16184922754474
6.06546458333348,5.15963568576262
6.06579791666681,5.15989610244287
6.06613125000014,5.1595054774225
6.06646458333348,5.16054714414349
6.06679791666681,5.15846381070151
6.06713125000014,5.15533881053853
6.06746458333348,5.1643231860071
6.06779791666681,5.16744818617008
6.06813125000015,5.16744818617008
6.06846458333348,5.16132839418424
6.06879791666681,5.16497422770772
6.06913125000015,5.16875026957132
6.06946458333348,5.1680992278707
6.06979791666682,5.16692735280958
6.07013125000015,5.16627631110896
6.07046458333348,5.16770860285033
6.07079791666682,5.16718776948983
6.07113125000015,5.16953151961207
6.07146458333348,5.17526068657753
6.07179791666682,5.17447943653679
6.07213125000015,5.17682318665902
6.07246458333349,5.17421901985654
6.07279791666682,5.17890652010101
6.07313125000015,5.18059922852263
6.07346458333349,5.18763047888933
6.07379791666682,5.18437527038623
6.07413125000015,5.18645860382822
6.07446458333349,5.1842450620461
6.07479791666682,5.1885419372702
6.07513125000015,5.18828152058995
6.07546458333349,5.19726589605853
6.07579791666682,5.20585964650672
6.07613125000016,5.21419298027467
6.07646458333349,5.21731798043766
6.07679791666682,5.21679714707716
6.07713125000016,5.21940131387964
6.07746458333349,5.21158881347219
6.07779791666682,5.20885443832958
6.07813125000016,5.20846381330921
6.07846458333349,5.20703152156784
6.07879791666683,5.20651068820735
6.07913125000016,5.20677110488759
6.07946458333349,5.21406277193455
6.07979791666683,5.21770860545803
6.08013125000016,5.21796902213828
6.08046458333349,5.22317735574325
6.08079791666683,5.22369818910374
6.08113125000016,5.21614610537654
6.0814645833335,5.20533881314623
6.08179791666683,5.20312527136412
6.08213125000016,5.2100263133907
6.0824645833335,5.20846381330921
6.08279791666683,5.2057294381666
6.08313125000016,5.201953396303
6.0834645833335,5.20247422966349
6.08379791666683,5.20416693808511
6.08413125000017,5.20182318796287
6.0844645833335,5.20455756310548
6.08479791666683,5.19895860448014
6.08513125000017,5.20065131290176
6.0854645833335,5.19505235427641
6.08579791666683,5.19153672909306
6.08613125000017,5.18893256229057
6.0864645833335,5.18385443702573
6.08679791666684,5.18398464536586
6.08713125000017,5.17460964487691
6.0874645833335,5.17903672844113
6.08779791666684,5.18359402034548
6.08813125000017,5.18697943718871
6.0884645833335,5.18619818714797
6.08879791666684,5.17708360333927
6.08913125000017,5.1729169364553
6.08946458333351,5.16653672778921
6.08979791666684,5.16705756114971
6.09013125000017,5.16888047791144
6.09046458333351,5.16119818584412
6.09079791666684,5.15455756049778
6.09113125000017,5.14934922689281
6.09146458333351,5.15286485207616
6.09179791666684,5.15000026859343
6.09213125000017,5.15065131029405
6.09246458333351,5.15078151863418
6.09279791666684,5.14570339336933
6.09313125000018,5.13997422640387
6.09346458333351,5.13723985126126
6.09379791666684,5.1503908936138
6.09413125000018,5.15351589377678
6.09446458333351,5.15286485207616
6.09479791666685,5.1460940183897
6.09513125000018,5.14127630980511
6.09546458333351,5.14140651814523
6.09579791666685,5.14440130996809
6.09613125000018,5.15000026859343
6.09646458333351,5.14583360170946
6.09679791666685,5.13828151798225
6.09713125000018,5.13502630947915
6.09746458333352,5.13606797620014
6.09779791666685,5.1337242260779
6.09813125000018,5.12812526745256
6.09846458333352,5.13346380939765
6.09879791666685,5.14570339336933
6.09913125000018,5.14791693515144
6.09946458333352,5.14062526810449
6.09979791666685,5.13138047595567
6.10013125000019,5.13007839255442
6.10046458333352,5.1256513089902
6.10079791666685,5.12500026728958
6.10113125000019,5.12109401708585
6.10146458333352,5.12304714218772
6.10179791666685,5.12291693384759
6.10213125000019,5.12890651749331
6.10246458333352,5.13320339271741
6.10279791666686,5.13359401773778
6.10313125000019,5.13112005927542
6.10346458333352,5.12916693417356
6.10379791666686,5.1299481842143
6.10413125000019,5.12747422575194
6.10446458333352,5.1266929757112
6.10479791666686,5.13203151765629
6.10513125000019,5.13515651781927
6.10546458333352,5.14114610146498
6.10579791666686,5.1385419346625
6.10613125000019,5.13841172632238
6.10646458333353,5.13541693449952
6.10679791666686,5.12955755919393
6.10713125000019,5.12955755919393
6.10746458333353,5.12291693384759
6.10779791666686,5.12330755886797
6.1081312500002,5.12109401708585
6.10846458333353,5.12812526745256
6.10879791666686,5.13229193433654
6.1091312500002,5.13098985093529
6.10946458333353,5.13268255935691
6.10979791666686,5.13216172599641
6.1101312500002,5.13515651781927
6.11046458333353,5.12760443409206
6.11079791666687,5.12148464210623
6.1111312500002,5.12213568380685
6.11146458333353,5.12148464210623
6.11179791666687,5.12174505878647
6.1121312500002,5.11927110032411
6.11246458333353,5.12734401741182
6.11279791666687,5.13229193433654
6.1131312500002,5.13216172599641
6.11346458333354,5.13085964259517
6.11379791666687,5.13320339271741
6.1141312500002,5.13645860122051
6.11446458333354,5.12903672583343
6.11479791666687,5.12460964226921
6.1151312500002,5.12539089230995
6.11546458333354,5.12968776753405
6.11579791666687,5.13242214267666
6.11613125000021,5.13216172599641
6.11646458333354,5.13880235134275
6.11679791666687,5.138021101302
6.11713125000021,5.13619818454026
6.11746458333354,5.1337242260779
6.11779791666687,5.13320339271741
6.11813125000021,5.13320339271741
6.11846458333354,5.12851589247293
6.11879791666687,5.13242214267666
6.11913125000021,5.13333360105753
6.11946458333354,5.13320339271741
6.11979791666688,5.13619818454026
6.12013125,5.13411485109828
6.12046458333334,5.12760443409206
6.12079791666667,5.12031276704511
6.12113125,5.12057318372536
6.12146458333334,5.12447943392908
6.12179791666667,5.12604193401057
6.12213125,5.12890651749331
6.12246458333334,5.13098985093529
6.12279791666667,5.13072943425505
6.12313125,5.12734401741182
6.12346458333334,5.12825547579268
6.12379791666667,5.12591172567045
6.12413125000001,5.12460964226921
6.12446458333334,5.12421901724883
6.12479791666667,5.12421901724883
6.12513125000001,5.12122422542598
6.12546458333334,5.12031276704511
6.12579791666668,5.12109401708585
6.12613125000001,5.12838568413281
6.12646458333334,5.12656276737107
6.12679791666668,5.13112005927542
6.12713125000001,5.13020860089455
6.12746458333334,5.13320339271741
6.12779791666668,5.13450547611865
6.12813125000001,5.13632839288039
6.12846458333335,5.14114610146498
6.12879791666668,5.1385419346625
6.12913125000001,5.13815130964213
6.12946458333335,5.13567735117977
6.12979791666668,5.13593776786001
6.13013125000001,5.13828151798225
6.13046458333335,5.14036485142424
6.13079791666668,5.14778672681132
6.13113125000002,5.14960964357306
6.13146458333335,5.15364610211691
6.13179791666668,5.15481797717803
6.13213125000002,5.15312526875641
6.13246458333335,5.14843776851194
6.13279791666668,5.1471356851107
6.13313125000002,5.15533881053853
6.13346458333335,5.15742214398051
6.13379791666669,5.15533881053853
6.13413125000002,5.1557294355589
6.13446458333335,5.15807318568113
6.13479791666669,5.15807318568113
6.13513125000002,5.15755235232064
6.13546458333335,5.16093776916387
6.13579791666669,5.1680992278707
6.13613125000002,5.16927110293182
6.13646458333335,5.17044297799293
6.13679791666669,5.17213568641455
6.13713125000002,5.17174506139418
6.13746458333336,5.17968777014175
6.13779791666669,5.18268256196461
6.13813125000002,5.18372422868561
6.13846458333336,5.18385443702573
6.13879791666669,5.17760443669977
6.13913125000003,5.1804690201825
6.13946458333336,5.1766929783189
6.13979791666669,5.18242214528436
6.14013125000003,5.17786485338002
6.14046458333336,5.17773464503989
6.14079791666669,5.17044297799293
6.14113125000003,5.16783881119045
6.14146458333336,5.16497422770772
6.1417979166667,5.17096381135343
6.14213125000003,5.17825547840039
6.14246458333336,5.18502631208685
6.1427979166667,5.18632839548809
6.14313125000003,5.18346381200536
6.14346458333336,5.17942735346151
6.1437979166667,5.17591172827815
6.14413125000003,5.179948186822
6.14446458333337,5.18085964520287
6.1447979166667,5.18385443702573
6.14513125000003,5.17968777014175
6.14546458333337,5.17330756147567
6.1457979166667,5.16875026957132
6.14613125000003,5.17018256131269
6.14646458333337,5.17591172827815
6.1467979166667,5.17487006155716
6.14713125000004,5.17890652010101
6.14746458333337,5.17343776981579
6.1477979166667,5.17057318633306
6.14813125000004,5.16028672746324
6.14846458333337,5.16393256098672
6.1487979166667,5.1680992278707
6.14913125000004,5.16796901953057
6.14946458333337,5.1643231860071
6.1497979166667,5.16132839418424
6.15013125000004,5.1638023526466
6.15046458333337,5.16250026924536
6.15079791666671,5.16315131094598
6.15113125000004,5.15846381070151
6.15146458333337,5.15846381070151
6.15179791666671,5.15429714381753
6.15213125000004,5.15729193564039
6.15246458333337,5.15494818551815
6.15279791666671,5.15416693547741
6.15313125000004,5.14739610179095
6.15346458333338,5.15156276867492
6.15379791666671,5.15299506041629
6.15413125000004,5.15247422705579
6.15446458333338,5.14674506009033
6.15479791666671,5.15221381037554
6.15513125000004,5.15664089393977
6.15546458333338,5.16028672746324
6.15579791666671,5.160026310783
6.15613125000005,5.16250026924536
6.15646458333338,5.16354193596635
6.15679791666671,5.158984644062
6.15713125000005,5.15963568576262
6.15746458333338,5.158984644062
6.15779791666671,5.16106797750399
6.15813125000005,5.16250026924536
6.15846458333338,5.1632815192861
6.15879791666672,5.16471381102747
6.15913125000005,5.16315131094598
6.15946458333338,5.16263047758548
6.15979791666672,5.16171901920461
6.16013125000005,5.15924506074225
6.16046458333338,5.15872422738175
6.16079791666672,5.15807318568113
6.16113125000005,5.15833360236138
6.16146458333339,5.1552086021984
6.16179791666672,5.1595054774225
6.16213125000005,5.16393256098672
6.16246458333339,5.16614610276884
6.16279791666672,5.16822943621082
6.16313125000005,5.16497422770772
6.16346458333339,5.16549506106821
6.16379791666672,5.16080756082374
6.16413125000006,5.16341172762623
6.16446458333339,5.1686200612312
6.16479791666672,5.16914089459169
6.16513125000006,5.1686200612312
6.16546458333339,5.16718776948983
6.16579791666672,5.16770860285033
6.16613125000006,5.17526068657753
6.16646458333339,5.18268256196461
6.16679791666673,5.19687527103815
6.16713125000006,5.20507839646598
6.16746458333339,5.20872422998946
6.16779791666673,5.20872422998946
6.16813125000006,5.21497423031542
6.16846458333339,5.23281277291244
6.16879791666673,5.24427110684337
6.16913125000006,5.25169298223045
6.1694645833334,5.25781277421629
6.16979791666673,5.27565131681331
6.17013125000006,5.28802110912511
6.1704645833334,5.2981773596548
6.17079791666673,5.3115888186876
6.17113125000006,5.33138048638648
6.1714645833334,5.3524742374866
6.17179791666673,5.36809923830151
6.17213125000007,5.38138048899418
6.1724645833334,5.40182319839369
6.17279791666673,5.41953153265058
6.17313125000007,5.44088570043095
6.1734645833334,5.45546903452487
6.17379791666673,5.47617216060462
6.17413125000007,5.49817737008561
6.1744645833334,5.53072945511667
6.17479791666673,5.56289091512736
6.17513125000007,5.59140654161456
6.1754645833334,5.61914091806102
6.17579791666674,5.64192737758276
6.17613125000007,5.6690107123286
6.1764645833334,5.68737008828612
6.17679791666674,5.70924508942699
6.17713125000007,5.73072946554748
6.17746458333341,5.74791696644388
6.17779791666674,5.76679717576189
6.17813125000007,5.78489613503916
6.17846458333341,5.80950551132264
6.17879791666674,5.8200523868727
6.17913125000007,5.82747426225978
6.17946458333341,5.82721384557954
6.17979791666674,5.83619822104811
6.18013125000008,5.83697947108885
6.18046458333341,5.84362009643519
6.18079791666674,5.84778676331916
6.18113125000008,5.85156280518277
6.18146458333341,5.84127634631295
6.18179791666674,5.83841176283022
6.18213125000008,5.83737009610923
6.18246458333341,5.82994822072214
6.18279791666675,5.81406280322699
6.18313125000008,5.80572946945904
6.18346458333341,5.80598988613929
6.18379791666675,5.79140655204537
6.18413125000008,5.76679717576189
6.18446458333341,5.75065134158649
6.18479791666675,5.73880238263519
6.18513125000008,5.72643259032338
6.18546458333342,5.70937529776711
6.18579791666675,5.69244821355096
6.18613125000008,5.67447946261382
6.18646458333342,5.65364612819394
6.18679791666675,5.63502633555618
6.18713125000008,5.62252633490425
6.18746458333342,5.60052112542326
6.18779791666675,5.58398466622748
6.18813125000008,5.56158883172611
6.18846458333342,5.54583362257108
6.18879791666675,5.52630237155245
6.18913125000009,5.50638049551344
6.18946458333342,5.49036486967816
6.18979791666675,5.47656278562499
6.19013125000009,5.46432320165332
6.19046458333342,5.44700549241679
6.19079791666676,5.42734403305804
6.19113125000009,5.41145861556288
6.19146458333342,5.39244819790474
6.19179791666676,5.3750002803281
6.19213125000009,5.35963569619344
6.19246458333342,5.34882840396313
6.19279791666676,5.33971382015443
6.19313125000009,5.32148465253704
6.19346458333343,5.3115888186876
6.19379791666676,5.3062502767425
6.19413125000009,5.30403673496039
6.19446458333343,5.29583360953257
6.19479791666676,5.28190131713927
6.19513125000009,5.27018256652809
6.19546458333343,5.2567711074953
6.19579791666676,5.24739610700635
6.1961312500001,5.23971381493902
6.19646458333343,5.24036485663964
6.19679791666676,5.23802110651741
6.1971312500001,5.2433596484625
6.19746458333343,5.24127631502051
6.19779791666676,5.23710964813654
6.1981312500001,5.22591173088586
6.19846458333343,5.21354193857405
6.19879791666676,5.20455756310548
6.1991312500001,5.19583360431716
6.19946458333343,5.19622422933753
6.19979791666677,5.19882839614002
6.2001312500001,5.20364610472461
6.20046458333343,5.1976565210789
6.20079791666677,5.19518256261654
6.2011312500001,5.19375027087517
6.20146458333343,5.19049506237207
6.20179791666677,5.18489610374672
6.2021312500001,5.17916693678126
6.20246458333344,5.17981797848188
6.20279791666677,5.17916693678126
6.2031312500001,5.18085964520287
6.20346458333344,5.18971381233132
6.20379791666677,5.19049506237207
6.2041312500001,5.18684922884859
6.20446458333344,5.17968777014175
6.20479791666677,5.18203152026399
6.20513125000011,5.18320339532511
6.20546458333344,5.18437527038623
6.20579791666677,5.18697943718871
6.20613125000011,5.18580756212759
6.20646458333344,5.18307318698498
6.20679791666677,5.18619818714797
6.20713125000011,5.19362006253505
6.20746458333344,5.20286485468387
6.20779791666678,5.200911729582
6.20813125000011,5.20065131290176
6.20846458333344,5.19609402099741
6.20879791666678,5.19362006253505
6.20913125000011,5.19960964618076
6.20946458333344,5.20716172990797
6.20979791666678,5.21119818845182
6.21013125000011,5.20898464666971
6.21046458333345,5.21106798011169
6.21079791666678,5.21458360529505
6.21113125000011,5.22265652238275
6.21146458333345,5.22773464764759
6.21179791666678,5.22942735606921
6.21213125000011,5.2266929809266
6.21246458333345,5.22109402230126
6.21279791666678,5.22057318894076
6.21313125000011,5.21927110553952
6.21346458333345,5.22265652238275
6.21379791666678,5.222916939063
6.21413125000012,5.22304714740312
6.21446458333345,5.2223961057025
6.21479791666678,5.22565131420561
6.21513125000012,5.23294298125256
6.21546458333345,5.23776068983716
6.21579791666679,5.24023464829952
6.21613125000012,5.23437527299393
6.21646458333345,5.22916693938896
6.21679791666679,5.22044298060064
6.21713125000012,5.22382839744387
6.21746458333345,5.22408881412412
6.21779791666679,5.22591173088586
6.21813125000012,5.22513048084511
6.21846458333346,5.22695339760685
6.21879791666679,5.23007839776983
6.21913125000012,5.22994818942971
6.21946458333346,5.22981798108958
6.21979791666679,5.23125027283095
6.22013125000012,5.23164089785132
6.22046458333346,5.22968777274946
6.22079791666679,5.2315106895112
6.22113125000013,5.22460964748461
6.22146458333346,5.22252631404263
6.22179791666679,5.21770860545803
6.22213125000013,5.22278673072287
6.22246458333346,5.22200548068213
6.22279791666679,5.22148464732163
6.22313125000013,5.22135443898151
6.22346458333346,5.21744818877778
6.2237979166668,5.21835964715865
6.22413125000013,5.21237006351294
6.22446458333346,5.21783881379815
6.2247979166668,5.21601589703641
6.22513125000013,5.21510443865555
6.22546458333346,5.21158881347219
6.2257979166668,5.2095054800302
6.22613125000013,5.21315131355368
6.22646458333346,5.21132839679194
6.2267979166668,5.21210964683269
6.22713125000013,5.21132839679194
6.22746458333347,5.20429714642523
6.2277979166668,5.20026068788138
6.22813125000013,5.19674506269803
6.22846458333347,5.20481797978573
6.2287979166668,5.20651068820735
6.22913125000014,5.20494818812585
6.22946458333347,5.20429714642523
6.2297979166668,5.20585964650672
6.23013125000014,5.20247422966349
6.23046458333347,5.19987006286101
6.2307979166668,5.19153672909306
6.23113125000014,5.19205756245356
6.23146458333347,5.19609402099741
6.23179791666681,5.19895860448014
6.23213125000014,5.19752631273877
6.23246458333347,5.19101589573256
6.23279791666681,5.19296902083443
6.23313125000014,5.19075547905231
6.23346458333347,5.19075547905231
6.23379791666681,5.18281277030474
6.23413125000014,5.18515652042697
6.23446458333348,5.17968777014175
6.23479791666681,5.18177110358374
6.23513125000014,5.18489610374672
6.23546458333348,5.1890627706307
6.23579791666681,5.18997422901157
6.23613125000014,5.18333360366523
6.23646458333348,5.17812527006026
6.23679791666681,5.17552110325778
6.23713125000015,5.17656276997877
6.23746458333348,5.17656276997877
6.23779791666681,5.179948186822
6.23813125000015,5.18112006188312
6.23846458333348,5.180989853543
6.23879791666681,5.17487006155716
6.23913125000015,5.17057318633306
6.23946458333348,5.17122422803368
6.23979791666681,5.1638023526466
6.24013125000015,5.16315131094598
6.24046458333348,5.16692735280958
6.24079791666682,5.17695339499915
6.24113125000015,5.17018256131269
6.24146458333348,5.16315131094598
6.24179791666682,5.160026310783
6.24213125000015,5.16197943588486
6.24246458333348,5.16484401936759
6.24279791666682,5.16119818584412
6.24313125000015,5.16145860252436
6.24346458333349,5.160026310783
6.24379791666682,5.16731797782995
6.24413125000015,5.16575547774846
6.24446458333349,5.16276068592561
6.24479791666682,5.16106797750399
6.24513125000015,5.16250026924536
6.24546458333349,5.15859401904163
6.24579791666682,5.14778672681132
6.24613125000016,5.15416693547741
6.24646458333349,5.160026310783
6.24679791666682,5.16575547774846
6.24713125000016,5.16054714414349
6.24746458333349,5.16210964422498
6.24779791666682,5.15976589410275
6.24813125000016,5.15325547709654
6.24846458333349,5.15299506041629
6.24879791666683,5.15507839385828
6.24913125000016,5.16406276932685
6.24946458333349,5.16523464438797
6.24979791666683,5.16523464438797
6.25013125000016,5.16145860252436
6.25046458333349,5.15390651879716
6.25079791666683,5.15182318535517
6.25113125000016,5.15208360203542
6.2514645833335,5.14843776851194
6.25179791666683,5.14414089328784
6.25213125000016,5.14583360170946
6.2524645833335,5.15390651879716
6.25279791666683,5.16184922754474
6.25313125000016,5.16158881086449
6.2534645833335,5.16640651944908
6.25379791666683,5.1686200612312
6.25413125000017,5.16953151961207
6.2544645833335,5.16705756114971
6.25479791666683,5.16484401936759
6.25513125000017,5.16145860252436
6.2554645833335,5.15403672713728
6.25579791666683,5.15117214365455
6.25613125000017,5.14973985191318
6.2564645833335,5.15625026891939
6.25679791666684,5.15885443572188
6.25713125000017,5.160026310783
6.2574645833335,5.16184922754474
6.25779791666684,5.16132839418424
6.25813125000017,5.16393256098672
6.2584645833335,5.16197943588486
6.25879791666684,5.16132839418424
6.25913125000017,5.16445339434722
6.25946458333351,5.16341172762623
6.25979791666684,5.1686200612312
6.26013125000017,5.16888047791144
6.26046458333351,5.16888047791144
6.26079791666684,5.16614610276884
6.26113125000017,5.16770860285033
6.26146458333351,5.17226589475467
6.26179791666684,5.16783881119045
6.26213125000018,5.15885443572188
6.26246458333351,5.15260443539592
6.26279791666684,5.15963568576262
6.26313125000018,5.16497422770772
6.26346458333351,5.16875026957132
6.26379791666684,5.16289089426573
6.26413125000018,5.15911485240213
6.26446458333351,5.15481797717803
6.26479791666684,5.15664089393977
6.26513125000018,5.15872422738175
6.26546458333351,5.16041693580337
6.26579791666685,5.15846381070151
6.26613125000018,5.15729193564039
6.26646458333351,5.16067735248362
6.26679791666685,5.1643231860071
6.26713125000018,5.16914089459169
6.26746458333352,5.16822943621082
6.26779791666685,5.16458360268734
6.26813125000018,5.15716172730026
6.26846458333352,5.15364610211691
6.26879791666685,5.15065131029405
6.26913125000018,5.15208360203542
6.26946458333352,5.15481797717803
6.26979791666685,5.16367214430648
6.27013125000019,5.16575547774846
6.27046458333352,5.1675783945102
6.27079791666685,5.16250026924536
6.27113125000019,5.1632815192861
6.27146458333352,5.16119818584412
6.27179791666685,5.16158881086449
6.27213125000019,5.16458360268734
6.27246458333352,5.16341172762623
6.27279791666686,5.16822943621082
6.27313125000019,5.1643231860071
6.27346458333352,5.15976589410275
6.27379791666686,5.15768256066076
6.27413125000019,5.15533881053853
6.27446458333352,5.158984644062
6.27479791666686,5.15494818551815
6.27513125000019,5.15690131062001
6.27546458333353,5.16028672746324
6.27579791666686,5.16692735280958
6.27613125000019,5.17434922819666
6.27646458333353,5.1729169364553
6.27679791666686,5.17109401969356
6.27713125000019,5.16627631110896
6.27746458333353,5.16054714414349
6.27779791666686,5.15598985223915
6.27813125000019,5.15390651879716
6.27846458333353,5.16393256098672
6.27879791666686,5.1680992278707
6.2791312500002,5.16848985289107
6.27946458333353,5.16536485272809
6.27979791666686,5.16367214430648
6.2801312500002,5.16653672778921
6.28046458333353,5.16523464438797
6.28079791666687,5.17356797815592
6.2811312500002,5.17760443669977
6.28146458333353,5.17981797848188
6.28179791666687,5.17682318665902
6.2821312500002,5.1756513115979
6.28246458333353,5.17773464503989
6.28279791666687,5.17200547807443
6.2831312500002,5.17656276997877
6.28346458333354,5.17539089491766
6.28379791666687,5.17161485305405
6.2841312500002,5.16041693580337
6.28446458333354,5.16197943588486
6.28479791666687,5.17122422803368
6.2851312500002,5.17252631143492
6.28546458333354,5.16888047791144
6.28579791666687,5.17148464471393
6.28613125000021,5.18138047856337
6.28646458333354,5.17916693678126
6.28679791666687,5.17539089491766
6.28713125000021,5.1718752697343
6.28746458333354,5.17265651977505
6.28779791666687,5.17057318633306
6.28813125000021,5.17356797815592
6.28846458333354,5.18059922852263
6.28879791666687,5.17656276997877
6.28913125000021,5.17096381135343
6.28946458333354,5.16601589442871
6.28979791666688,5.16822943621082
6.29013125000021,5.16393256098672
6.29046458333354,5.16601589442871
6.29079791666667,5.17213568641455
6.29113125,5.17330756147567
6.29146458333334,5.16979193629231
6.29179791666667,5.16848985289107
6.29213125,5.17343776981579
6.29246458333334,5.1766929783189
6.29279791666667,5.17487006155716
6.29313125,5.17786485338002
6.29346458333334,5.17552110325778
6.29379791666667,5.17734402001952
6.29413125000001,5.17213568641455
6.29446458333334,5.17630235329852
6.29479791666667,5.17864610342076
6.29513125000001,5.17591172827815
6.29546458333334,5.1756513115979
6.29579791666667,5.17252631143492
6.29613125000001,5.18177110358374
6.29646458333334,5.18268256196461
6.29679791666668,5.19049506237207
6.29713125000001,5.18723985386896
6.29746458333334,5.18450547872635
6.29779791666668,5.17604193661828
6.29813125000001,5.17513047823741
6.29846458333334,5.17539089491766
6.29879791666668,5.17773464503989
6.29913125000001,5.17721381167939
6.29946458333335,5.17760443669977
6.29979791666668,5.18125027022325
6.30013125000001,5.18020860350225
6.30046458333335,5.18203152026399
6.30079791666668,5.17903672844113
6.30113125000001,5.1842450620461
6.30146458333335,5.18789089556958
6.30179791666668,5.18802110390971
6.30213125000001,5.18359402034548
6.30246458333335,5.180989853543
6.30279791666668,5.179948186822
6.30313125000002,5.18580756212759
6.30346458333335,5.18776068722946
6.30379791666668,5.19309922917455
6.30413125000002,5.19362006253505
6.30446458333335,5.20013047954126
6.30479791666668,5.19869818779989
6.30513125000002,5.19856797945977
6.30546458333335,5.19205756245356
6.30579791666669,5.1933596458548
6.30613125000002,5.19075547905231
6.30646458333335,5.1976565210789
6.30679791666669,5.19973985452089
6.30713125000002,5.20390652140486
6.30746458333336,5.19882839614002
6.30779791666669,5.19882839614002
6.30813125000002,5.200911729582
6.30846458333336,5.19869818779989
6.30879791666669,5.20234402132337
6.30913125000002,5.20078152124188
6.30946458333336,5.20104193792213
6.30979791666669,5.1938804792153
6.31013125000003,5.19127631241281
6.31046458333336,5.19427110423567
6.31079791666669,5.20533881314623
6.31113125000003,5.20585964650672
6.31146458333336,5.21093777177157
6.31179791666669,5.20677110488759
6.31213125000003,5.20781277160859
6.31246458333336,5.19960964618076
6.3127979166667,5.19752631273877
6.31313125000003,5.19804714609927
6.31346458333336,5.19960964618076
6.3137979166667,5.19609402099741
6.31413125000003,5.19179714577331
6.31446458333336,5.19036485403194
6.3147979166667,5.18932318731095
6.31513125000003,5.19518256261654
6.31546458333336,5.18984402067145
6.3157979166667,5.18216172860411
6.31613125000003,5.17721381167939
6.31646458333337,5.18567735378747
6.3167979166667,5.18684922884859
6.31713125000003,5.1804690201825
6.31746458333337,5.17604193661828
6.3177979166667,5.17591172827815
6.31813125000003,5.18059922852263
6.31846458333337,5.18007839516213
6.3187979166667,5.18450547872635
6.31913125000004,5.1885419372702
6.31946458333337,5.18463568706648
6.3197979166667,5.18463568706648
6.32013125000004,5.1804690201825
6.32046458333337,5.18307318698498
6.32079791666671,5.17838568674051
6.32113125000004,5.1756513115979
6.32146458333337,5.17369818649604
6.32179791666671,5.17734402001952
6.32213125000004,5.17591172827815
6.32246458333337,5.17630235329852
6.32279791666671,5.17500026989728
6.32313125000004,5.17356797815592
6.32346458333338,5.17148464471393
6.32379791666671,5.17083360301331
6.32413125000004,5.17773464503989
6.32446458333338,5.18007839516213
6.32479791666671,5.18463568706648
6.32513125000004,5.18515652042697
6.32546458333338,5.18919297897082
6.32579791666671,5.18841172893008
6.32613125000005,5.18294297864486
6.32646458333338,5.18242214528436
6.32679791666671,5.179948186822
6.32713125000005,5.17760443669977
6.32746458333338,5.17122422803368
6.32779791666671,5.16914089459169
6.32813125000005,5.17018256131269
6.32846458333338,5.17447943653679
6.32879791666671,5.17500026989728
6.32913125000005,5.18020860350225
6.32946458333338,5.17487006155716
6.32979791666672,5.17812527006026
6.33013125000005,5.17955756180163
6.33046458333338,5.18645860382822
6.33079791666672,5.18580756212759
6.33113125000005,5.18815131224983
6.33146458333338,5.1852867287671
6.33179791666672,5.18333360366523
6.33213125000005,5.18281277030474
6.33246458333339,5.18606797880784
6.33279791666672,5.19244818747393
6.33313125000005,5.19218777079368
6.33346458333339,5.19244818747393
6.33379791666672,5.19401068755542
6.33413125000005,5.19414089589554
6.33446458333339,5.19843777111964
6.33479791666672,5.20234402132337
6.33513125000006,5.20104193792213
6.33546458333339,5.20026068788138
6.33579791666672,5.19544297929679
6.33613125000006,5.20156277128263
6.33646458333339,5.20559922982648
6.33679791666672,5.21106798011169
6.33713125000006,5.2175783971179
6.33746458333339,5.21614610537654
6.33779791666673,5.21302110521356
6.33813125000006,5.20820339662896
6.33846458333339,5.21067735509132
6.33879791666673,5.21367214691418
6.33913125000006,5.21718777209753
6.33946458333339,5.21835964715865
6.33979791666673,5.21718777209753
6.34013125000006,5.21523464699567
6.3404645833334,5.22070339728089
6.34079791666673,5.22994818942971
6.34113125000006,5.23854193987791
6.3414645833334,5.23789089817729
6.34179791666673,5.2395836065989
6.34213125000006,5.23919298157853
6.3424645833334,5.23619818975567
6.34279791666673,5.23346381461306
6.34313125000007,5.23372423129331
6.3434645833334,5.23697943979641
6.34379791666673,5.24036485663964
6.34413125000007,5.24049506497977
6.3444645833334,5.23697943979641
6.34479791666673,5.2304690227902
6.34513125000007,5.22434923080437
6.3454645833334,5.22864610602846
6.34579791666674,5.23059923113033
6.34613125000007,5.23229193955194
6.3464645833334,5.22890652270871
6.34679791666674,5.22421902246424
6.34713125000007,5.22460964748461
6.3474645833334,5.22408881412412
6.34779791666674,5.23072943947045
6.34813125000007,5.22890652270871
6.34846458333341,5.22747423096735
6.34879791666674,5.22005235558027
6.34913125000007,5.21796902213828
6.34946458333341,5.21783881379815
6.34979791666674,5.21536485533579
6.35013125000007,5.21744818877778
6.35046458333341,5.2180992304784
6.35079791666674,5.2186200638389
6.35113125000008,5.21992214724014
6.35146458333341,5.22265652238275
6.35179791666674,5.22903673104884
6.35213125000008,5.22005235558027
6.35246458333341,5.21549506367592
6.35279791666674,5.20872422998946
6.35313125000008,5.2138023552543
6.35346458333341,5.21210964683269
6.35379791666674,5.21549506367592
6.35413125000008,5.22096381396114
6.35446458333341,5.22005235558027
6.35479791666675,5.21210964683269
6.35513125000008,5.20208360464312
6.35546458333341,5.20794297994871
6.35579791666675,5.21184923015244
6.35613125000008,5.21302110521356
6.35646458333341,5.21080756343144
6.35679791666675,5.20794297994871
6.35713125000008,5.20859402164933
6.35746458333342,5.21184923015244
6.35779791666675,5.21627631371666
6.35813125000008,5.21237006351294
6.35846458333342,5.19882839614002
6.35879791666675,5.19752631273877
6.35913125000009,5.19921902116039
6.35946458333342,5.20664089654747
6.35979791666675,5.20442735476536
6.36013125000009,5.21067735509132
6.36046458333342,5.21015652173082
6.36079791666675,5.21289089687343
6.36113125000009,5.21341173023393
6.36146458333342,5.21796902213828
6.36179791666676,5.21770860545803
6.36213125000009,5.21718777209753
6.36246458333342,5.21848985549878
6.36279791666676,5.22903673104884
6.36313125000009,5.2272138142871
6.36346458333342,5.22278673072287
6.36379791666676,5.21979193890002
6.36413125000009,5.2272138142871
6.36446458333343,5.22929714772909
6.36479791666676,5.22877631436859
6.36513125000009,5.2261721475661
6.36546458333343,5.23437527299393
6.36579791666676,5.23645860643592
6.36613125000009,5.24088569000014
6.36646458333343,5.24466173186374
6.36679791666676,5.2519533989107
6.36713125000009,5.25156277389033
6.36746458333343,5.24622423194523
6.36779791666676,5.24583360692486
6.3681312500001,5.24739610700635
6.36846458333343,5.25364610733232
6.36879791666676,5.25338569065207
6.3691312500001,5.26041694101878
6.36946458333343,5.26562527462374
6.36979791666676,5.27083360822871
6.3701312500001,5.26822944142623
6.37046458333343,5.26145860773977
6.37079791666677,5.25468777405331
6.3711312500001,5.25690131583542
6.37146458333343,5.2605471493589
6.37179791666677,5.26471381624288
6.3721312500001,5.26315131616138
6.37246458333344,5.27187527494971
6.37279791666677,5.27122423324909
6.3731312500001,5.27044298320834
6.37346458333344,5.26614610798424
6.37379791666677,5.27434923341207
6.3741312500001,5.2777346502553
6.37446458333344,5.27434923341207
6.37479791666677,5.26835964976635
6.37513125000011,5.27031277486822
6.37546458333344,5.27018256652809
6.37579791666677,5.27265652499045
6.37613125000011,5.27226589997008
6.37646458333344,5.2766929835343
6.37679791666677,5.2782554836158
6.37713125000011,5.27278673333058
6.37746458333344,5.27135444158921
6.37779791666677,5.26302110782126
6.37813125000011,5.25963569097803
6.37846458333344,5.25156277389033
6.37879791666678,5.25598985745455
6.37913125000011,5.2610679827194
6.37946458333344,5.26471381624288
6.37979791666678,5.26731798304536
6.38013125000011,5.27044298320834
6.38046458333344,5.26510444126325
6.38079791666678,5.25963569097803
6.38113125000011,5.25390652401256
6.38146458333345,5.25885444093729
6.38179791666678,5.25755235753604
6.38213125000011,5.25598985745455
6.38246458333345,5.25481798239343
6.38279791666678,5.25078152384958
6.38313125000011,5.25013048214896
6.38346458333345,5.24973985712859
6.38379791666678,5.24466173186374
6.38413125000012,5.23606798141555
6.38446458333345,5.23424506465381
6.38479791666678,5.24348985680263
6.38513125000012,5.24687527364586
6.38546458333345,5.24166694004089
6.38579791666678,5.23125027283095
6.38613125000012,5.23424506465381
6.38646458333345,5.23346381461306
6.38679791666679,5.23437527299393
6.38713125000012,5.23242214789207
6.38746458333345,5.23606798141555
6.38779791666679,5.23515652303468
6.38813125000012,5.23229193955194
6.38846458333345,5.23059923113033
6.38879791666679,5.23072943947045
6.38913125000012,5.23281277291244
6.38946458333346,5.23398464797356
6.38979791666679,5.23593777307542
6.39013125000012,5.23320339793281
6.39046458333346,5.22343777242349
6.39079791666679,5.21588568869629
6.39113125000012,5.21315131355368
6.39146458333346,5.21692735541728
6.39179791666679,5.21666693873704
6.39213125000012,5.21783881379815
6.39246458333346,5.22083360562101
6.39279791666679,5.22421902246424
6.39313125000013,5.22044298060064
6.39346458333346,5.21822943881853
6.39379791666679,5.21731798043766
6.39413125000013,5.22148464732163
6.39446458333346,5.21718777209753
6.39479791666679,5.2148440219753
6.39513125000013,5.21197943849256
6.39546458333346,5.20585964650672
6.3957979166668,5.20742214658822
6.39613125000013,5.2095054800302
6.39646458333346,5.21992214724014
6.3967979166668,5.21848985549878
6.39713125000013,5.21575548035617
6.39746458333347,5.20859402164933
6.3977979166668,5.20911485500983
6.39813125000013,5.20638047986722
6.39846458333347,5.20299506302399
6.3987979166668,5.20260443800362
6.39913125000013,5.20507839646598
6.39946458333347,5.21041693841107
6.3997979166668,5.21263048019318
6.40013125000014,5.21197943849256
6.40046458333347,5.2105471467512
6.4007979166668,5.21237006351294
6.40113125000014,5.21718777209753
6.40146458333347,5.2186200638389
6.4017979166668,5.21028673007095
6.40213125000014,5.19882839614002
6.40246458333347,5.19843777111964
6.40279791666681,5.19570339597704
6.40313125000014,5.19635443767766
6.40346458333347,5.19518256261654
6.40379791666681,5.200911729582
6.40413125000014,5.20442735476536
6.40446458333347,5.20585964650672
6.40479791666681,5.20885443832958
6.40513125000014,5.20820339662896
6.40546458333347,5.20846381330921
6.40579791666681,5.19934922950051
6.40613125000014,5.19778672941902
6.40646458333348,5.19166693743318
6.40679791666681,5.18632839548809
6.40713125000014,5.1847658954066
6.40746458333348,5.19023464569182
6.40779791666681,5.20208360464312
6.40813125000014,5.2052086048061
6.40846458333348,5.20117214626225
6.40879791666681,5.20026068788138
6.40913125000015,5.19830756277952
6.40946458333348,5.20390652140486
6.40979791666681,5.20273464634374
6.41013125000015,5.20846381330921
6.41046458333348,5.20638047986722
6.41079791666682,5.20312527136412
6.41113125000015,5.20026068788138
6.41146458333348,5.201953396303
6.41179791666682,5.20325547970424
6.41213125000015,5.20403672974499
6.41246458333348,5.19973985452089
6.41279791666682,5.1981773544394
6.41313125000015,5.19505235427641
6.41346458333349,5.19218777079368
6.41379791666682,5.19518256261654
6.41413125000015,5.19466172925604
6.41446458333349,5.20000027120113
6.41479791666682,5.20130235460238
6.41513125000015,5.20273464634374
6.41546458333349,5.20065131290176
6.41579791666682,5.20026068788138
6.41613125000016,5.2057294381666
6.41646458333349,5.20039089622151
6.41679791666682,5.19348985419492
6.41713125000016,5.18802110390971
6.41746458333349,5.19856797945977
6.41779791666682,5.20169297962275
6.41813125000016,5.20351589638449
6.41846458333349,5.19505235427641
6.41879791666682,5.19479193759616
6.41913125000016,5.19101589573256
6.41946458333349,5.19557318763691
6.41979791666683,5.19752631273877
6.42013125000016,5.19218777079368
6.42046458333349,5.18867214561033
6.42079791666683,5.18606797880784
6.42113125000016,5.19244818747393
6.42146458333349,5.19062527071219
6.42179791666683,5.18710964552884
6.42213125000016,5.18398464536586
6.4224645833335,5.19440131257579
6.42279791666683,5.20507839646598
6.42313125000016,5.21028673007095
6.4234645833335,5.20859402164933
6.42379791666683,5.20351589638449
6.42413125000016,5.1966148543579
6.4244645833335,5.19362006253505
6.42479791666683,5.19947943784064
6.42513125000017,5.2062502715271
6.4254645833335,5.20026068788138
6.42579791666683,5.1976565210789
6.42613125000017,5.20039089622151
6.4264645833335,5.20390652140486
6.42679791666683,5.20364610472461
6.42713125000017,5.20078152124188
6.4274645833335,5.20247422966349
6.42779791666684,5.19648464601778
6.42813125000017,5.19414089589554
6.4284645833335,5.19427110423567
6.42879791666684,5.19700547937828
6.42913125000017,5.20052110456163
6.4294645833335,5.200911729582
6.42979791666684,5.20898464666971
6.43013125000017,5.20612006318697
6.43046458333351,5.20755235492834
6.43079791666684,5.20065131290176
6.43113125000017,5.20039089622151
6.43146458333351,5.19296902083443
6.43179791666684,5.19010443735169
6.43213125000017,5.19218777079368
6.43246458333351,5.19843777111964
6.43279791666684,5.19596381265728
6.43313125000018,5.19401068755542
6.43346458333351,5.19192735411343
6.43379791666684,5.20169297962275
6.43413125000018,5.20130235460238
6.43446458333351,5.20299506302399
6.43479791666684,5.19700547937828
6.43513125000018,5.19192735411343
6.43546458333351,5.19687527103815
6.43579791666685,5.20000027120113
6.43613125000018,5.20442735476536
6.43646458333351,5.19843777111964
6.43679791666685,5.18880235395045
6.43713125000018,5.18489610374672
6.43746458333351,5.18242214528436
6.43779791666685,5.19192735411343
6.43813125000018,5.19752631273877
6.43846458333352,5.20299506302399
6.43879791666685,5.19960964618076
6.43913125000018,5.19218777079368
6.43946458333352,5.18763047888933
6.43979791666685,5.18997422901157
6.44013125000018,5.20182318796287
6.44046458333352,5.20716172990797
6.44079791666685,5.20807318828884
6.44113125000019,5.20585964650672
6.44146458333352,5.20664089654747
6.44179791666685,5.21067735509132
6.44213125000019,5.21119818845182
6.44246458333352,5.20807318828884
6.44279791666685,5.20781277160859
6.44313125000019,5.21197943849256
6.44346458333352,5.21041693841107
6.44379791666685,5.20729193824809
6.44413125000019,5.20156277128263
6.44446458333352,5.20325547970424
6.44479791666686,5.20338568804436
6.44513125000019,5.20612006318697
6.44546458333352,5.20442735476536
6.44579791666686,5.20677110488759
6.44613125000019,5.20546902148635
6.44646458333352,5.20820339662896
6.44679791666686,5.20703152156784
6.44713125000019,5.20638047986722
6.44746458333353,5.20794297994871
6.44779791666686,5.20325547970424
6.44813125000019,5.20989610505058
6.44846458333353,5.21093777177157
6.44879791666686,5.21549506367592
6.4491312500002,5.21497423031542
6.44946458333353,5.21106798011169
6.44979791666686,5.20898464666971
6.4501312500002,5.20208360464312
6.45046458333353,5.20677110488759
6.45079791666686,5.20742214658822
6.4511312500002,5.20664089654747
6.45146458333353,5.2062502715271
6.45179791666687,5.21197943849256
6.4521312500002,5.21562527201604
6.45246458333353,5.21718777209753
6.45279791666687,5.21328152189381
6.4531312500002,5.21106798011169
6.45346458333353,5.21132839679194
6.45379791666687,5.21328152189381
6.4541312500002,5.21523464699567
6.45446458333354,5.21106798011169
6.45479791666687,5.21119818845182
6.4551312500002,5.21901068885927
6.45546458333354,5.22500027250499
6.45579791666687,5.22682318926673
6.4561312500002,5.22226589736238
6.45646458333354,5.22473985582474
6.45679791666687,5.22408881412412
6.4571312500002,5.22604193922598
6.45746458333354,5.22395860578399
6.45779791666687,5.23007839776983
6.45813125000021,5.23463568967418
6.45846458333354,5.23567735639517
6.45879791666687,5.23541693971492
6.45913125000021,5.23307318959269
6.45946458333354,5.24127631502051
6.45979791666687,5.24466173186374
6.46013125000021,5.25091173218971
6.46046458333354,5.25130235721008
6.46079791666688,5.25182319057058
6.46113125000021,5.2529950656317
6.46146458333333,5.25273464895145
6.46179791666667,5.25507839907368
6.46213125,5.25794298255642
6.46246458333334,5.25690131583542
6.46279791666667,5.25989610765828
6.46313125,5.25651069081505
6.46346458333334,5.25651069081505
6.46379791666667,5.25351589899219
6.46413125000001,5.25481798239343
6.46446458333334,5.25872423259716
6.46479791666667,5.26028673267865
6.46513125000001,5.26080756603915
6.46546458333334,5.25729194085579
6.46579791666667,5.25963569097803
6.46613125000001,5.26028673267865
6.46646458333334,5.26041694101878
6.46679791666668,5.25690131583542
6.46713125000001,5.25768256587617
6.46746458333334,5.26354194118176
6.46779791666668,5.2691408998071
6.46813125000001,5.26315131616138
6.46846458333334,5.2567711074953
6.46879791666668,5.24674506530573
6.46913125000001,5.24427110684337
6.46946458333334,5.24244819008163
6.46979791666668,5.24479194020387
6.47013125000001,5.24830756538722
6.47046458333335,5.24127631502051
6.47079791666668,5.2395836065989
6.47113125000001,5.23606798141555
6.47146458333335,5.23515652303468
6.47179791666668,5.22773464764759
6.47213125000001,5.22656277258648
6.47246458333335,5.22942735606921
6.47279791666668,5.23203152287169
6.47313125000002,5.22890652270871
6.47346458333335,5.2261721475661
6.47379791666668,5.22018256392039
6.47413125000002,5.21692735541728
6.47446458333335,5.21901068885927
6.47479791666668,5.2191408971994
6.47513125000002,5.22343777242349
6.47546458333335,5.21588568869629
6.47579791666669,5.21197943849256
6.47613125000002,5.20377631306474
6.47646458333335,5.20859402164933
6.47679791666669,5.21627631371666
6.47713125000002,5.21796902213828
6.47746458333335,5.21614610537654
6.47779791666669,5.2095054800302
6.47813125000002,5.20924506334996
6.47846458333336,5.2057294381666
6.47879791666669,5.20924506334996
6.47913125000002,5.21458360529505
6.47946458333336,5.21510443865555
6.47979791666669,5.21875027217902
6.48013125000002,5.21263048019318
6.48046458333336,5.21354193857405
6.48079791666669,5.21627631371666
6.48113125000003,5.22434923080437
6.48146458333336,5.22500027250499
6.48179791666669,5.22200548068213
6.48213125000003,5.21536485533579
6.48246458333336,5.21458360529505
6.48279791666669,5.21367214691418
6.48313125000003,5.21822943881853
6.48346458333336,5.2309898561507
6.4837979166667,5.23372423129331
6.48413125000003,5.23645860643592
6.48446458333336,5.22591173088586
6.4847979166667,5.22552110586548
6.48513125000003,5.22903673104884
6.48546458333336,5.24062527331989
6.4857979166667,5.25234402393107
6.48613125000003,5.2562502741348
6.48646458333336,5.25820339923666
6.4867979166667,5.25703152417555
6.48713125000003,5.25885444093729
6.48746458333337,5.26419298288238
6.4877979166667,5.27096381656884
6.48813125000003,5.27604194183368
6.48846458333337,5.28020860871766
6.4887979166667,5.28541694232263
6.48913125000004,5.29192735932884
6.48946458333337,5.30078152645729
6.4897979166667,5.30117215147766
6.49013125000004,5.30976590192586
6.49046458333337,5.30911486022524
6.4907979166667,5.32460965270002
6.49113125000004,5.33841173675319
6.49146458333337,5.349739862344
6.49179791666671,5.3572919460712
6.49213125000004,5.36744819660089
6.49246458333337,5.38789090600039
6.49279791666671,5.40182319839369
6.49313125000004,5.41627632414748
6.49346458333337,5.42643257467716
6.49379791666671,5.44140653379145
6.49413125000004,5.45364611776313
6.49446458333338,5.47395861882251
6.49479791666671,5.48880236959667
6.49513125000004,5.50585966215294
6.49546458333338,5.52434924645058
6.49579791666671,5.5545575813594
6.49613125000004,5.58229195780587
6.49646458333338,5.60872425085108
6.49679791666671,5.63385446049506
6.49713125000005,5.66992217070947
6.49746458333338,5.70468779752264
6.49779791666671,5.74036488271668
6.49813125000005,5.77317738442798
6.49846458333338,5.82148467861407
6.49879791666671,5.8667971809773
6.49913125000005,5.91223989168066
6.49946458333338,5.95247426877904
6.49979791666671,5.99869822952314
6.50013125000005,6.03619823147892
6.50046458333338,6.08033885878103
6.50079791666672,6.13085969474923
6.50113125000005,6.19283886464837
6.50146458333338,6.24765657584067
6.50179791666672,6.30781282897806
6.50213125000005,6.36497429029259
6.50246458333339,6.42018262650527
6.50279791666672,6.46666700392962
6.50313125000005,6.5197920067003
6.50346458333339,6.57148471772962
6.50379791666672,6.61848992851446
6.50413125000005,6.67382847306726
6.50446458333339,6.72304722563422
6.50479791666672,6.76966181139869
6.50513125000006,6.80716181335447
6.50546458333339,6.84791702381335
6.50579791666672,6.88489619240863
6.50613125000006,6.90234410998528
6.50646458333339,6.9244795278064
6.50679791666672,6.94231807040342
6.50713125000006,6.95091182085162
6.50746458333339,6.95195348757261
6.50779791666673,6.94088577866205
6.50813125000006,6.93789098683919
6.50846458333339,6.92487015282677
6.50879791666673,6.91835973582056
6.50913125000006,6.90104202658404
6.50946458333339,6.87565140025981
6.50979791666673,6.84375035692938
6.51013125000006,6.81158889691869
6.5104645833334,6.77044306143944
6.51079791666673,6.72161493389285
6.51113125000006,6.67526076480863
6.5114645833334,6.62695347062254
6.51179791666673,6.57578159295372
6.51213125000006,6.52278679852316
6.5124645833334,6.46822950401111
6.51279791666673,6.41536491792067
6.51313125000006,6.35924512332713
6.5134645833334,6.30664095391694
6.51379791666673,6.24739615916042
6.51413125000007,6.17877636391495
6.5144645833334,6.10559927676513
6.51479791666673,6.04192739844439
6.51513125000007,5.98294302036811
6.5154645833334,5.93125030933879
6.51579791666673,5.88007843166997
6.51613125000007,5.83854197117034
6.5164645833334,5.79466176054848
6.51679791666674,5.74661488304264
6.51713125000007,5.70507842254301
6.5174645833334,5.66432321208413
6.51779791666674,5.63229196041357
6.51813125000007,5.59882841700164
6.5184645833334,5.56966174881381
6.51879791666674,5.54518258087046
6.51913125000007,5.51862007948512
6.51946458333341,5.50377632871096
6.51979791666674,5.48268257761083
6.52013125000007,5.45989611808909
6.52046458333341,5.43867215864884
6.52079791666674,5.43385445006425
6.52113125000007,5.4250002829358
6.52146458333341,5.41380236568512
6.52179791666674,5.39309923960536
6.52213125000008,5.37994819725282
6.52246458333341,5.36549507149903
6.52279791666674,5.35989611287368
6.52313125000008,5.36002632121381
6.52346458333341,5.3615888212953
6.52379791666674,5.36614611319965
6.52413125000008,5.36601590485952
6.52446458333341,5.36927111336263
6.52479791666675,5.37226590518549
6.52513125000008,5.37630236372934
6.52546458333341,5.38346382243617
6.52579791666675,5.38528673919791
6.52613125000008,5.38828153102077
6.52646458333341,5.39036486446275
6.52679791666675,5.40013048997207
6.52713125000008,5.4083336153999
6.52746458333342,5.41809924090921
6.52779791666675,5.42838569977903
6.52813125000008,5.43958361702971
6.52846458333342,5.45065132594027
6.52879791666675,5.4593752847286
6.52913125000008,5.47200549372064
6.52946458333342,5.48632841113431
6.52979791666675,5.49466174490226
6.53013125000009,5.50364612037083
6.53046458333342,5.50651070385356
6.53079791666675,5.50859403729555
6.53113125000009,5.51223987081903
6.53146458333342,5.52044299624686
6.53179791666675,5.52773466329381
6.53213125000009,5.53632841374201
6.53246458333342,5.54557320589083
6.53279791666676,5.55481799803965
6.53313125000009,5.56432320686872
6.53346458333342,5.56510445690947
6.53379791666676,5.5722659156163
6.53413125000009,5.57513049909903
6.53446458333342,5.58632841634972
6.53479791666676,5.58723987473059
6.53513125000009,5.59309925003618
6.53546458333343,5.59283883335593
6.53579791666676,5.59596383351891
6.53613125000009,5.59023466655344
6.53646458333343,5.59036487489357
6.53679791666676,5.5932294583763
6.53713125000009,5.59231799999543
6.53746458333343,5.58997424987319
6.53779791666676,5.58854195813183
6.53813125000009,5.59348987505655
6.53846458333343,5.59010445821332
6.53879791666676,5.58815133311146
6.5391312500001,5.58229195780587
6.53946458333343,5.58020862436388
6.53979791666676,5.57317737399717
6.5401312500001,5.56614612363046
6.54046458333343,5.55638049812114
6.54079791666677,5.54544299755071
6.5411312500001,5.54023466394574
6.54146458333343,5.53567737204139
6.54179791666677,5.53593778872164
6.5421312500001,5.53072945511667
6.54246458333343,5.5308596634568
6.54279791666677,5.52500028815121
6.5431312500001,5.51575549600238
6.54346458333344,5.50065132854797
6.54379791666677,5.49583361996338
6.5441312500001,5.48658882781456
6.54446458333344,5.47369820214226
6.54479791666677,5.46119820149033
6.5451312500001,5.45585965954524
6.54546458333344,5.45794299298723
6.54579791666677,5.44856799249828
6.54613125000011,5.44440132561431
6.54646458333344,5.43216174164263
6.54679791666677,5.42578153297654
6.54713125000011,5.41419299070549
6.54746458333344,5.41471382406598
6.54779791666677,5.40716174033878
6.54813125000011,5.40755236535915
6.54846458333344,5.40143257337331
6.54879791666678,5.3997398649517
6.54913125000011,5.39309923960536
6.54946458333344,5.3873700726399
6.54979791666678,5.37604194704909
6.55013125000011,5.36601590485952
6.55046458333344,5.35690132105083
6.55079791666678,5.35091173740511
6.55113125000011,5.34843777894275
6.55146458333344,5.33815132007294
6.55179791666678,5.33216173642722
6.55213125000011,5.32317736095865
6.55246458333345,5.32617215278151
6.55279791666678,5.32591173610126
6.55313125000011,5.32005236079567
6.55346458333345,5.31354194378946
6.55379791666678,5.31393256880983
6.55413125000012,5.31601590225182
6.55446458333345,5.31002631860611
6.55479791666678,5.30338569325977
6.55513125000012,5.29375027609058
6.55546458333345,5.29348985941033
6.55579791666678,5.29375027609058
6.55613125000012,5.29947944305604
6.55646458333345,5.30403673496039
6.55679791666679,5.29648465123319
6.55713125000012,5.28697944240412
6.55746458333345,5.27955756701704
6.55779791666679,5.28307319220039
6.55813125000012,5.28307319220039
6.55846458333345,5.28476590062201
6.55879791666679,5.28059923373803
6.55913125000012,5.28372423390101
6.55946458333345,5.27578152515344
6.55979791666679,5.27630235851393
6.56013125000012,5.2809898587584
6.56046458333346,5.28046902539791
6.56079791666679,5.28046902539791
6.56113125000012,5.27473985843244
6.56146458333346,5.27695340021455
6.56179791666679,5.27330756669107
6.56213125000012,5.27044298320834
6.56246458333346,5.27421902507194
6.56279791666679,5.27135444158921
6.56313125000013,5.27070339988859
6.56346458333346,5.26875027478673
6.56379791666679,5.2686200664466
6.56413125000013,5.26705756636511
6.56446458333346,5.25924506595766
6.56479791666679,5.25781277421629
6.56513125000013,5.25442735737306
6.56546458333346,5.25559923243418
6.5657979166668,5.25533881575393
6.56613125000013,5.2529950656317
6.56646458333346,5.25117214886996
6.5667979166668,5.24960964878847
6.56713125000013,5.25091173218971
6.56746458333346,5.24674506530573
6.5677979166668,5.24257839842176
6.56813125000013,5.24075548166002
6.56846458333347,5.24218777340138
6.5687979166668,5.24518256522424
6.56913125000013,5.24648464862548
6.56946458333347,5.25000027380884
6.5697979166668,5.25169298223045
6.57013125000013,5.25117214886996
6.57046458333347,5.24973985712859
6.5707979166668,5.2519533989107
6.57113125000014,5.24895860708784
6.57146458333347,5.25052110716933
6.5717979166668,5.24869819040759
6.57213125000014,5.25013048214896
6.57246458333347,5.24726589866623
6.5727979166668,5.24622423194523
6.57313125000014,5.24479194020387
6.57346458333347,5.24531277356437
6.57379791666681,5.25364610733232
6.57413125000014,5.25924506595766
6.57446458333347,5.26341173284163
6.57479791666681,5.25520860741381
6.57513125000014,5.24791694036685
6.57546458333347,5.23971381493902
6.57579791666681,5.24075548166002
6.57613125000014,5.24661485696561
6.57646458333347,5.24804714870697
6.57679791666681,5.25130235721008
6.57713125000014,5.24934923210822
6.57746458333348,5.24648464862548
6.57779791666681,5.24309923178225
6.57813125000014,5.2481773570471
6.57846458333348,5.25872423259716
6.57879791666681,5.26067735769902
6.57913125000015,5.26080756603915
6.57946458333348,5.25846381591691
6.57979791666681,5.26250027446076
6.58013125000015,5.26458360790275
6.58046458333348,5.26901069146697
6.58079791666681,5.26119819105952
6.58113125000015,5.25598985745455
6.58146458333348,5.25781277421629
6.58179791666682,5.26419298288238
6.58213125000015,5.26406277454225
6.58246458333348,5.26184923276014
6.58279791666682,5.26549506628362
6.58313125000015,5.26406277454225
6.58346458333348,5.26315131616138
6.58379791666682,5.25612006579468
6.58413125000015,5.26523464960337
6.58446458333349,5.26718777470524
6.58479791666682,5.27161485826946
6.58513125000015,5.26783881640586
6.58546458333349,5.27200548328983
6.58579791666682,5.2766929835343
6.58613125000015,5.28541694232263
6.58646458333349,5.285807567343
6.58679791666682,5.28645860904362
6.58713125000016,5.28789090078499
6.58746458333349,5.29049506758747
6.58779791666682,5.2906252759276
6.58813125000016,5.28502631730225
6.58846458333349,5.28190131713927
6.58879791666682,5.27747423357505
6.58913125000016,5.27656277519418
6.58946458333349,5.27408881673182
6.58979791666682,5.27656277519418
6.59013125000016,5.28164090045903
6.59046458333349,5.29075548426772
6.59079791666683,5.29218777600909
6.59113125000016,5.2895836092066
6.59146458333349,5.28229194215965
6.59179791666683,5.2809898587584
6.59213125000016,5.28320340054052
6.5924645833335,5.28320340054052
6.59279791666683,5.2863284007035
6.59313125000016,5.28463569228188
6.5934645833335,5.28737006742449
6.59379791666683,5.28294298386027
6.59413125000016,5.2815106921189
6.5944645833335,5.27864610863617
6.59479791666683,5.28255235883989
6.59513125000017,5.28033881705778
6.5954645833335,5.28164090045903
6.59579791666683,5.27799506693555
6.59613125000017,5.27591173349356
6.5964645833335,5.26940131648735
6.59679791666683,5.27382840005157
6.59713125000017,5.27682319187443
6.5974645833335,5.2739586083917
6.59779791666684,5.26927110814722
6.59813125000017,5.26796902474598
6.5984645833335,5.27434923341207
6.59879791666684,5.27109402490896
6.59913125000017,5.27122423324909
6.5994645833335,5.27421902507194
6.59979791666684,5.27578152515344
6.60013125000017,5.27617215017381
6.60046458333351,5.26888048312685
6.60079791666684,5.26953152482747
6.60113125000017,5.2691408998071
6.60146458333351,5.27265652499045
6.60179791666684,5.27447944175219
6.60213125000017,5.2729169416707
6.60246458333351,5.27460965009232
6.60279791666684,5.2729169416707
6.60313125000017,5.27382840005157
6.60346458333351,5.27239610831021
6.60379791666684,5.2680992330861
6.60413125000018,5.26796902474598
6.60446458333351,5.27408881673182
6.60479791666684,5.28554715066275
6.60513125000018,5.28737006742449
6.60546458333351,5.28463569228188
6.60579791666684,5.28411485892139
6.60613125000018,5.29296902604983
6.60646458333351,5.29231798434921
6.60679791666685,5.29218777600909
6.60713125000018,5.29205756766896
6.60746458333351,5.30091173479741
6.60779791666685,5.30598986006225
6.60813125000018,5.31028673528636
6.60846458333351,5.31614611059195
6.60879791666685,5.31367215212958
6.60913125000018,5.31731798565306
6.60946458333352,5.3196617357753
6.60979791666685,5.33411486152909
6.61013125000018,5.33984402849455
6.61046458333352,5.34088569521555
6.61079791666685,5.34466173707915
6.61113125000018,5.34427111205878
6.61146458333352,5.34166694525629
6.61179791666685,5.34036486185505
6.61213125000019,5.34856798728288
6.61246458333352,5.35416694590822
6.61279791666685,5.3529950708471
6.61313125000019,5.34882840396313
6.61346458333352,5.35104194574524
6.61379791666685,5.35195340412611
6.61413125000019,5.35598986266996
6.61446458333352,5.36067736291443
6.61479791666686,5.3701825717435
6.61513125000019,5.37890653053182
6.61546458333352,5.39049507280288
6.61579791666686,5.39257840624487
6.61613125000019,5.38658882259915
6.61646458333352,5.38177111401456
6.61679791666686,5.37955757223244
6.61713125000019,5.38007840559294
6.61746458333353,5.38294298907567
6.61779791666686,5.38854194770101
6.61813125000019,5.39908882325108
6.61846458333353,5.40039090665232
6.61879791666686,5.39856798989058
6.61913125000019,5.39895861491095
6.61946458333353,5.40013048997207
6.61979791666686,5.40390653183567
6.6201312500002,5.40546903191716
6.62046458333353,5.40677111531841
6.62079791666686,5.40768257369928
6.6211312500002,5.40794299037953
6.62146458333353,5.40755236535915
6.62179791666686,5.41523465742648
6.6221312500002,5.41848986592959
6.62246458333353,5.42369819953456
6.62279791666687,5.42526069961605
6.6231312500002,5.42174507443269
6.62346458333353,5.41731799086847
6.62379791666687,5.40950549046102
6.6241312500002,5.41367215734499
6.62446458333353,5.42226590779319
6.62479791666687,5.42617215799692
6.6251312500002,5.42265653281356
6.62546458333354,5.41380236568512
6.62579791666687,5.41393257402524
6.6261312500002,5.41002632382151
6.62646458333354,5.41171903224313
6.62679791666687,5.411588823903
6.6271312500002,5.40924507378077
6.62746458333354,5.40664090697828
6.62779791666687,5.40559924025729
6.6281312500002,5.40859403208015
6.62846458333354,5.39960965661157
6.62879791666687,5.39192736454424
6.62913125000021,5.38971382276213
6.62946458333354,5.40078153167269
6.62979791666687,5.39869819823071
6.63013125000021,5.39635444810847
6.63046458333354,5.38567736421828
6.63079791666688,5.38190132235468
6.63113125000021,5.37812528049108
6.63146458333354,5.37890653053182
6.63179791666688,5.37343778024661
6.63213125,5.36953153004288
6.63246458333334,5.36614611319965
6.63279791666667,5.37187528016511
6.63313125,5.37122423846449
6.63346458333334,5.37161486348487
6.63379791666667,5.36770861328114
6.63413125,5.3621096546558
6.63446458333334,5.3529950708471
6.63479791666667,5.35065132072487
6.63513125000001,5.35312527918723
6.63546458333334,5.3524742374866
6.63579791666667,5.35403673756809
6.63613125000001,5.35598986266996
6.63646458333334,5.36015652955393
6.63679791666667,5.35690132105083
6.63713125000001,5.35039090404462
6.63746458333334,5.34661486218101
6.63779791666668,5.34622423716064
6.63813125000001,5.34778673724213
6.63846458333334,5.34726590388164
6.63879791666668,5.34713569554151
6.63913125000001,5.34895861230325
6.63946458333334,5.34752632056188
6.63979791666668,5.34830757060263
6.64013125000001,5.34687527886126
6.64046458333334,5.3454429871199
6.64079791666668,5.33945340347418
6.64113125000001,5.33528673659021
6.64146458333335,5.33958361181431
6.64179791666668,5.33867215343344
6.64213125000001,5.34023465351493
6.64246458333335,5.34231798695691
6.64279791666668,5.34908882064337
6.64313125000001,5.34947944566375
6.64346458333335,5.34479194541928
6.64379791666668,5.34322944533778
6.64413125000002,5.34218777861679
6.64446458333335,5.34388048703841
6.64479791666668,5.34700548720139
6.64513125000002,5.35325548752735
6.64546458333335,5.35130236242549
6.64579791666669,5.34830757060263
6.64613125000002,5.34322944533778
6.64646458333335,5.34518257043965
6.64679791666669,5.34414090371865
6.64713125000002,5.34661486218101
6.64746458333335,5.35182319578598
6.64779791666669,5.35130236242549
6.64813125000002,5.35104194574524
6.64846458333335,5.34179715359642
6.64879791666669,5.34765652890201
6.64913125000002,5.35026069570449
6.64946458333336,5.35638048769033
6.64979791666669,5.35403673756809
6.65013125000002,5.35195340412611
6.65046458333336,5.34687527886126
6.65079791666669,5.33854194509331
6.65113125000002,5.33945340347418
6.65146458333336,5.34583361214027
6.65179791666669,5.35026069570449
6.65213125000003,5.34843777894275
6.65246458333336,5.34531277877977
6.65279791666669,5.34622423716064
6.65313125000003,5.33593777829083
6.65346458333336,5.32799506954325
6.65379791666669,5.32473986104014
6.65413125000003,5.33710965335195
6.65446458333336,5.34309923699766
6.6547979166667,5.3363284033112
6.65513125000003,5.3244794443599
6.65546458333336,5.327734652863
6.6557979166667,5.33268256978772
6.65613125000003,5.34036486185505
6.65646458333336,5.33776069505257
6.6567979166667,5.34127632023592
6.65713125000003,5.33502631990996
6.65746458333337,5.33294298646797
6.6577979166667,5.33138048638648
6.65813125000003,5.32981798630499
6.65846458333337,5.32513048606052
6.6587979166667,5.32799506954325
6.65913125000003,5.32994819464511
6.65946458333337,5.33515652825008
6.6597979166667,5.33502631990996
6.66013125000004,5.33606798663095
6.66046458333337,5.33515652825008
6.6607979166667,5.32942736128462
6.66113125000004,5.32916694460437
6.66146458333337,5.3239586109994
6.6617979166667,5.32487006938027
6.66213125000004,5.32473986104014
6.66246458333337,5.32161486087716
6.66279791666671,5.31328152710921
6.66313125000004,5.31145861034747
6.66346458333337,5.31875027739443
6.66379791666671,5.32005236079567
6.66413125000004,5.3153648605512
6.66446458333337,5.30833361018449
6.66479791666671,5.30703152678325
6.66513125000004,5.30455756832089
6.66546458333337,5.30598986006225
6.66579791666671,5.29804715131468
6.66613125000004,5.29231798434921
6.66646458333338,5.28567735900288
6.66679791666671,5.29114610928809
6.66713125000004,5.28971381754673
6.66746458333338,5.2895836092066
6.66779791666671,5.29140652596834
6.66813125000004,5.29257840102946
6.66846458333338,5.28919298418623
6.66879791666671,5.27942735867691
6.66913125000005,5.27812527527567
6.66946458333338,5.27786485859542
6.66979791666671,5.28177110879915
6.67013125000005,5.27994819203741
6.67046458333338,5.27695340021455
6.67079791666672,5.27018256652809
6.67113125000005,5.26992214984784
6.67146458333338,5.27187527494971
6.67179791666672,5.27747423357505
6.67213125000005,5.27526069179294
6.67246458333338,5.27005235818797
6.67279791666672,5.26315131616138
6.67313125000005,5.27161485826946
6.67346458333339,5.27460965009232
6.67379791666672,5.27447944175219
6.67413125000005,5.27083360822871
6.67446458333339,5.27513048345281
6.67479791666672,5.2809898587584
6.67513125000005,5.2782554836158
6.67546458333339,5.27148464992933
6.67579791666672,5.26979194150772
6.67613125000006,5.26770860806573
6.67646458333339,5.26822944142623
6.67679791666672,5.26458360790275
6.67713125000006,5.26705756636511
6.67746458333339,5.26328152450151
6.67779791666672,5.26601589964412
6.67813125000006,5.26588569130399
6.67846458333339,5.26744819138548
6.67879791666672,5.26640652466449
6.67913125000006,5.26614610798424
6.67946458333339,5.27018256652809
6.67979791666673,5.26731798304536
6.68013125000006,5.26835964976635
6.68046458333339,5.26692735802499
6.68079791666673,5.27460965009232
6.68113125000006,5.27031277486822
6.68146458333339,5.27005235818797
6.68179791666673,5.26783881640586
6.68213125000006,5.27148464992933
6.6824645833334,5.27148464992933
6.68279791666673,5.27265652499045
6.68313125000006,5.27864610863617
6.6834645833334,5.27903673365654
6.68379791666673,5.28346381722076
6.68413125000007,5.27955756701704
6.6844645833334,5.2820315254794
6.68479791666673,5.27604194183368
6.68513125000007,5.27460965009232
6.6854645833334,5.27148464992933
6.68579791666673,5.27044298320834
6.68613125000007,5.26653673300461
6.6864645833334,5.26614610798424
6.68679791666674,5.26744819138548
6.68713125000007,5.26979194150772
6.6874645833334,5.27786485859542
6.68779791666674,5.27877631697629
6.68813125000007,5.28359402556089
6.6884645833334,5.28567735900288
6.68879791666674,5.28710965074424
6.68913125000007,5.28619819236337
6.68946458333341,5.28072944207815
6.68979791666674,5.28242215049977
6.69013125000007,5.27643256685406
6.69046458333341,5.27356798337132
6.69079791666674,5.26731798304536
6.69113125000007,5.26692735802499
6.69146458333341,5.26367214952188
6.69179791666674,5.26315131616138
6.69213125000007,5.26328152450151
6.69246458333341,5.26354194118176
6.69279791666674,5.26276069114101
6.69313125000008,5.2605471493589
6.69346458333341,5.26210964944039
6.69379791666674,5.25976589931815
6.69413125000008,5.26393256620213
6.69446458333341,5.26627631632437
6.69479791666674,5.26822944142623
6.69513125000008,5.26640652466449
6.69546458333341,5.26341173284163
6.69579791666675,5.26640652466449
6.69613125000008,5.26979194150772
6.69646458333341,5.26692735802499
6.69679791666675,5.26458360790275
6.69713125000008,5.25820339923666
6.69746458333341,5.25859402425704
6.69779791666675,5.25612006579468
6.69813125000008,5.25794298255642
6.69846458333342,5.25859402425704
6.69879791666675,5.25664089915517
6.69913125000008,5.25612006579468
6.69946458333342,5.25664089915517
6.69979791666675,5.25768256587617
6.70013125000008,5.25651069081505
6.70046458333342,5.25833360757679
6.70079791666675,5.2567711074953
6.70113125000009,5.25351589899219
6.70146458333342,5.24687527364586
6.70179791666675,5.24882839874772
6.70213125000009,5.24895860708784
6.70246458333342,5.24218777340138
6.70279791666675,5.24062527331989
6.70313125000009,5.24088569000014
6.70346458333342,5.24778673202673
6.70379791666676,5.25208360725082
6.70413125000009,5.25585964911443
6.70446458333342,5.26223985778051
6.70479791666676,5.25716173251567
6.70513125000009,5.25885444093729
6.70546458333342,5.25729194085579
6.70579791666676,5.25742214919592
6.70613125000009,5.25052110716933
6.70646458333342,5.24635444028536
6.70679791666676,5.24934923210822
6.70713125000009,5.24648464862548
6.70746458333343,5.24596381526499
6.70779791666676,5.24987006546871
6.70813125000009,5.25833360757679
6.70846458333343,5.25924506595766
6.70879791666676,5.26171902442002
6.7091312500001,5.26067735769902
6.70946458333343,5.25976589931815
6.70979791666676,5.2524742322712
6.7101312500001,5.25325548231194
6.71046458333343,5.25846381591691
6.71079791666676,5.25846381591691
6.7111312500001,5.25846381591691
6.71146458333343,5.264844024583
6.71179791666677,5.26992214984784
6.7121312500001,5.26718777470524
6.71246458333343,5.26015652433853
6.71279791666677,5.2600263159984
6.7131312500001,5.26783881640586
6.71346458333343,5.2643231912225
6.71379791666677,5.25820339923666
6.7141312500001,5.2529950656317
6.71446458333344,5.26419298288238
6.71479791666677,5.2686200664466
6.7151312500001,5.27447944175219
6.71546458333344,5.27122423324909
6.71579791666677,5.27148464992933
6.7161312500001,5.26627631632437
6.71646458333344,5.26692735802499
6.71679791666677,5.2680992330861
6.7171312500001,5.27252631665033
6.71746458333344,5.27057319154847
6.71779791666677,5.27591173349356
6.71813125000011,5.2696617331676
6.71846458333344,5.26315131616138
6.71879791666677,5.2557294407743
6.71913125000011,5.26497423292312
6.71946458333344,5.27447944175219
6.71979791666677,5.28593777568312
6.72013125000011,5.28411485892139
6.72046458333344,5.28815131746524
6.72079791666678,5.28684923406399
6.72113125000011,5.29466173447145
6.72146458333344,5.29778673463443
6.72179791666678,5.29635444289306
6.72213125000011,5.29283881770971
6.72246458333345,5.2906252759276
6.72279791666678,5.29739610961406
6.72313125000011,5.29661485957331
6.72346458333345,5.29739610961406
6.72379791666678,5.29739610961406
6.72413125000011,5.30013048475666
6.72446458333345,5.30104194313754
6.72479791666678,5.29596381787269
6.72513125000012,5.29843777633505
6.72546458333345,5.29934923471592
6.72579791666678,5.30638048508263
6.72613125000012,5.30572944338201
6.72646458333345,5.30716173512337
6.72679791666678,5.30286485989927
6.72713125000012,5.29987006807642
6.72746458333345,5.30286485989927
6.72779791666679,5.30377631828014
6.72813125000012,5.31041694362648
6.72846458333345,5.3072919434635
6.72879791666679,5.30260444321903
6.72913125000012,5.2986981930153
6.72946458333345,5.30156277649803
6.72979791666679,5.30638048508263
6.73013125000012,5.30234402653878
6.73046458333345,5.29609402621281
6.73079791666679,5.29205756766896
6.73113125000012,5.29179715098871
6.73146458333346,5.28606798402325
6.73179791666679,5.28020860871766
6.73213125000012,5.27929715033679
6.73246458333346,5.27864610863617
6.73279791666679,5.28463569228188
6.73313125000012,5.28697944240412
6.73346458333346,5.29231798434921
6.73379791666679,5.28593777568312
6.73413125000013,5.27747423357505
6.73446458333346,5.26757839972561
6.73479791666679,5.26627631632437
6.73513125000013,5.2696617331676
6.73546458333346,5.27421902507194
6.7357979166668,5.27591173349356
6.73613125000013,5.27630235851393
6.73646458333346,5.27591173349356
6.7367979166668,5.27148464992933
6.73713125000013,5.26835964976635
6.73746458333346,5.26132839939965
6.7377979166668,5.26171902442002
6.73813125000013,5.2643231912225
6.73846458333346,5.26289089948114
6.7387979166668,5.26210964944039
6.73913125000013,5.25468777405331
6.73946458333347,5.25664089915517
6.7397979166668,5.2529950656317
6.74013125000013,5.25312527397182
6.74046458333347,5.25690131583542
6.7407979166668,5.25612006579468
6.74113125000013,5.25846381591691
6.74146458333347,5.25546902409406
6.7417979166668,5.25755235753604
6.74213125000014,5.25052110716933
6.74246458333347,5.24505235688412
6.7427979166668,5.24401069016312
6.74313125000014,5.2481773570471
6.74346458333347,5.24843777372735
6.7437979166668,5.24960964878847
6.74413125000014,5.24726589866623
6.74446458333347,5.25052110716933
6.74479791666681,5.24257839842176
6.74513125000014,5.24257839842176
6.74546458333347,5.23971381493902
6.74579791666681,5.24270860676188
6.74613125000014,5.24570339858474
6.74646458333347,5.24934923210822
6.74679791666681,5.25429714903294
6.74713125000014,5.24973985712859
6.74746458333348,5.24843777372735
6.74779791666681,5.24205756506126
6.74813125000014,5.24166694004089
6.74846458333348,5.23763048149704
6.74879791666681,5.2395836065989
6.74913125000014,5.24492214854399
6.74946458333348,5.24453152352362
6.74979791666681,5.24192735672114
6.75013125000015,5.23854193987791
6.75046458333348,5.23867214821803
6.75079791666681,5.24296902344213
6.75113125000015,5.24856798206747
6.75146458333348,5.2567711074953
6.75179791666681,5.25442735737306
6.75213125000015,5.25364610733232
6.75246458333348,5.25221381559095
6.75279791666682,5.25872423259716
6.75313125000015,5.25742214919592
6.75346458333348,5.25859402425704
6.75379791666682,5.26015652433853
6.75413125000015,5.25911485761753
6.75446458333348,5.25859402425704
6.75479791666682,5.26523464960337
6.75513125000015,5.27239610831021
6.75546458333348,5.27044298320834
6.75579791666682,5.26237006612064
6.75613125000015,5.26158881607989
6.75646458333349,5.26888048312685
6.75679791666682,5.27070339988859
6.75713125000015,5.27096381656884
6.75746458333349,5.27330756669107
6.75779791666682,5.27526069179294
6.75813125000015,5.2729169416707
6.75846458333349,5.27018256652809
6.75879791666682,5.27265652499045
6.75913125000016,5.27955756701704
6.75946458333349,5.27929715033679
6.75979791666682,5.28489610896213
6.76013125000016,5.28593777568312
6.76046458333349,5.29401069277083
6.76079791666683,5.29088569260784
6.76113125000016,5.29023465090722
6.76146458333349,5.28945340086648
6.76179791666683,5.28776069244486
6.76213125000016,5.28854194248561
6.76246458333349,5.29088569260784
6.76279791666683,5.29739610961406
6.76313125000016,5.29713569293381
6.7634645833335,5.30039090143691
6.76379791666683,5.30208360985853
6.76413125000016,5.30182319317828
6.7644645833335,5.30026069309679
6.76479791666683,5.29726590127393
6.76513125000016,5.30481798500114
6.7654645833335,5.30130235981778
6.76579791666683,5.30273465155915
6.76613125000017,5.30559923504188
6.7664645833335,5.31419298549008
6.76679791666683,5.31328152710921
6.76713125000017,5.30820340184437
6.7674645833335,5.30091173479741
6.76779791666683,5.30286485989927
6.76813125000017,5.30859402686474
6.7684645833335,5.31523465221108
6.76879791666683,5.31862006905431
6.76913125000017,5.31432319383021
6.7694645833335,5.30612006840238
6.76979791666684,5.30338569325977
6.77013125000017,5.30130235981778
6.7704645833335,5.30898465188511
6.77079791666684,5.30911486022524
6.77113125000017,5.30846381852462
6.7714645833335,5.29960965139617
6.77179791666684,5.30091173479741
6.77213125000017,5.30572944338201
6.77246458333351,5.31015652694623
6.77279791666684,5.31002631860611
6.77313125000017,5.30703152678325
6.77346458333351,5.31132840200735
6.77379791666684,5.30794298516412
6.77413125000018,5.30690131844313
6.77446458333351,5.29296902604983
6.77479791666684,5.29192735932884
6.77513125000018,5.28854194248561
6.77546458333351,5.28697944240412
6.77579791666684,5.28411485892139
6.77613125000018,5.28476590062201
6.77646458333351,5.28815131746524
6.77679791666685,5.28307319220039
6.77713125000018,5.27643256685406
6.77746458333351,5.2734377750312
6.77779791666685,5.27864610863617
6.77813125000018,5.27526069179294
6.77846458333351,5.2772138168948
6.77879791666685,5.27473985843244
6.77913125000018,5.27539090013306
6.77946458333352,5.27148464992933
6.77979791666685,5.27239610831021
6.78013125000018,5.27421902507194
6.78046458333352,5.27799506693555
6.78079791666685,5.27330756669107
6.78113125000018,5.27447944175219
6.78146458333352,5.27526069179294
6.78179791666685,5.27356798337132
6.78213125000018,5.27382840005157
6.78246458333352,5.27148464992933
6.78279791666685,5.27408881673182
6.78313125000019,5.2734377750312
6.78346458333352,5.27708360855468
6.78379791666685,5.28281277552014
6.78413125000019,5.28333360888064
6.78446458333352,5.28046902539791
6.78479791666685,5.27786485859542
6.78513125000019,5.27838569195592
6.78546458333352,5.28072944207815
6.78579791666686,5.28229194215965
6.78613125000019,5.28138048377878
6.78646458333352,5.27929715033679
6.78679791666686,5.27955756701704
6.78713125000019,5.2809898587584
6.78746458333352,5.2820315254794
6.78779791666686,5.28645860904362
6.78813125000019,5.29218777600909
6.78846458333353,5.29609402621281
6.78879791666686,5.29231798434921
6.78913125000019,5.29309923438996
6.78946458333353,5.29830756799493
6.78979791666686,5.30768256848387
6.79013125000019,5.31210965204809
6.79046458333353,5.31119819366722
6.79079791666686,5.31341173544934
6.7911312500002,5.31276069374872
6.79146458333353,5.31679715229257
6.79179791666686,5.31666694395244
6.7921312500002,5.32239611091791
6.79246458333353,5.3325523614476
6.79279791666686,5.33841173675319
6.7931312500002,5.34570340380014
6.79346458333353,5.35130236242549
6.79379791666687,5.35481798760884
6.7941312500002,5.35572944598971
6.79446458333353,5.35989611287368
6.79479791666687,5.36914090502251
6.7951312500002,5.38046903061331
6.79546458333353,5.38984403110226
6.79579791666687,5.40078153167269
6.7961312500002,5.41367215734499
6.79646458333353,5.4292971581599
6.79679791666687,5.44270861719269
6.7971312500002,5.46067736812984
6.79746458333354,5.46966174359841
6.79779791666687,5.48437528603245
6.7981312500002,5.49075549469853
6.79846458333354,5.51080757907767
6.79879791666687,5.52825549665431
6.79913125000021,5.54947945609456
6.79946458333354,5.56614612363046
6.79979791666687,5.57812529092189
6.80013125000021,5.58776070809108
6.80046458333354,5.58671904137009
6.80079791666687,5.601302375464
6.80113125000021,5.61549508453754
6.80146458333354,5.63789091903891
6.80179791666688,5.6523440447927
6.80213125000021,5.66862008730823
6.80246458333354,5.68789092164661
6.80279791666667,5.69570342205407
6.80313125,5.70390654748189
6.80346458333334,5.70052113063866
6.80379791666667,5.70065133897879
6.80413125,5.70273467242078
6.80446458333334,5.70872425606649
6.80479791666667,5.71354196465109
6.80513125,5.70989613112761
6.80546458333334,5.70729196432512
6.80579791666667,5.707161755985
6.80613125000001,5.7104169644881
6.80646458333334,5.70859404772637
6.80679791666667,5.69531279703369
6.80713125000001,5.68385446310276
6.80746458333334,5.67408883759345
6.80779791666667,5.66757842058723
6.80813125000001,5.65846383677854
6.80846458333334,5.64401071102475
6.80879791666668,5.643229460984
6.80913125000001,5.63359404381481
6.80946458333334,5.62877633523021
6.80979791666668,5.61822945968015
6.81013125000001,5.60651070906897
6.81046458333334,5.59244820833555
6.81079791666668,5.57565133245953
6.81113125000001,5.56549508192984
6.81146458333334,5.5470054976322
6.81179791666668,5.52799507997406
6.81213125000001,5.5126304958394
6.81246458333335,5.49960966182698
6.81279791666668,5.48893257793679
6.81313125000001,5.47213570206077
6.81346458333335,5.4674482018163
6.81379791666668,5.45598986788537
6.81413125000002,5.44583361735567
6.81446458333335,5.43177111662226
6.81479791666668,5.41927111597033
6.81513125000002,5.40481799021654
6.81546458333335,5.39622423976835
6.81579791666668,5.39427111466648
6.81613125000002,5.39023465612263
6.81646458333335,5.37799507215095
6.81679791666669,5.36263048801629
6.81713125000002,5.35442736258847
6.81746458333335,5.34895861230325
6.81779791666669,5.34635444550077
6.81813125000002,5.34583361214027
6.81846458333335,5.34348986201803
6.81879791666669,5.3363284033112
6.81913125000002,5.32851590290375
6.81946458333336,5.33112006970623
6.81979791666669,5.33776069505257
6.82013125000002,5.33398465318896
6.82046458333336,5.32786486120313
6.82079791666669,5.32473986104014
6.82113125000002,5.33059923634573
6.82146458333336,5.32473986104014
6.82179791666669,5.32708361116238
6.82213125000003,5.32513048606052
6.82246458333336,5.33085965302598
6.82279791666669,5.32786486120313
6.82313125000003,5.33112006970623
6.82346458333336,5.32812527788337
6.82379791666669,5.32369819431915
6.82413125000003,5.32213569423766
6.82446458333336,5.32617215278151
6.82479791666669,5.32903673626424
6.82513125000003,5.33138048638648
6.82546458333336,5.32877631958399
6.8257979166667,5.3315106947266
6.82613125000003,5.3320315280871
6.82646458333336,5.32981798630499
6.8267979166667,5.3282554862235
6.82713125000003,5.32265652759816
6.82746458333337,5.32682319448213
6.8277979166667,5.32356798597903
6.82813125000003,5.32604194444139
6.82846458333337,5.3244794443599
6.8287979166667,5.32669298614201
6.82913125000003,5.33059923634573
6.82946458333337,5.33671902833157
6.8297979166667,5.34218777861679
6.83013125000003,5.33737007003219
6.83046458333337,5.33841173675319
6.8307979166667,5.33815132007294
6.83113125000004,5.34036486185505
6.83146458333337,5.33828152841306
6.8317979166667,5.33606798663095
6.83213125000004,5.33359402816859
6.83246458333337,5.32669298614201
6.8327979166667,5.32578152776114
6.83313125000004,5.32239611091791
6.83346458333337,5.32148465253704
6.83379791666671,5.31953152743517
6.83413125000004,5.32252631925803
6.83446458333337,5.31731798565306
6.83479791666671,5.31458361051045
6.83513125000004,5.31328152710921
6.83546458333337,5.32278673593828
6.83579791666671,5.32265652759816
6.83613125000004,5.32174506921729
6.83646458333338,5.31927111075493
6.83679791666671,5.3115888186876
6.83713125000004,5.3072919434635
6.83746458333338,5.30273465155915
6.83779791666671,5.30703152678325
6.83813125000004,5.3072919434635
6.83846458333338,5.30911486022524
6.83879791666671,5.31380236046971
6.83913125000005,5.31432319383021
6.83946458333338,5.30572944338201
6.83979791666671,5.30442735998077
6.84013125000005,5.30325548491965
6.84046458333338,5.30442735998077
6.84079791666671,5.29700548459368
6.84113125000005,5.30156277649803
6.84146458333338,5.30273465155915
6.84179791666672,5.30520861002151
6.84213125000005,5.30286485989927
6.84246458333338,5.30833361018449
6.84279791666672,5.30963569358573
6.84313125000005,5.31041694362648
6.84346458333338,5.30846381852462
6.84379791666672,5.31015652694623
6.84413125000005,5.30638048508263
6.84446458333339,5.30182319317828
6.84479791666672,5.29505235949182
6.84513125000005,5.29882840135542
6.84546458333339,5.30468777666101
6.84579791666672,5.30859402686474
6.84613125000005,5.31002631860611
6.84646458333339,5.31093777698698
6.84679791666672,5.31237006872834
6.84713125000006,5.30820340184437
6.84746458333339,5.30416694330052
6.84779791666672,5.30351590159989
6.84813125000006,5.30781277682399
6.84846458333339,5.31627631893207
6.84879791666672,5.32031277747592
6.84913125000006,5.31875027739443
6.84946458333339,5.31601590225182
6.84979791666672,5.31822944403393
6.85013125000006,5.32265652759816
6.85046458333339,5.31315131876909
6.85079791666673,5.30143256815791
6.85113125000006,5.29700548459368
6.85146458333339,5.30494819334126
6.85179791666673,5.30989611026598
6.85213125000006,5.31862006905431
6.8524645833334,5.31731798565306
6.85279791666673,5.31549506889132
6.85313125000006,5.30664090176288
6.8534645833334,5.30390652662027
6.85379791666673,5.30559923504188
6.85413125000006,5.30507840168139
6.8544645833334,5.31171902702772
6.85479791666673,5.3201825691358
6.85513125000007,5.32500027772039
6.8554645833334,5.32109402751667
6.85579791666673,5.31666694395244
6.85613125000007,5.31380236046971
6.8564645833334,5.31705756897281
6.85679791666673,5.31614611059195
6.85713125000007,5.32200548589754
6.8574645833334,5.32213569423766
6.85779791666674,5.32434923601977
6.85813125000007,5.32434923601977
6.8584645833334,5.32812527788337
6.85879791666674,5.33411486152909
6.85913125000007,5.33398465318896
6.8594645833334,5.33020861132536
6.85979791666674,5.32421902767965
6.86013125000007,5.3239586109994
6.86046458333341,5.32382840265927
6.86079791666674,5.32382840265927
6.86113125000007,5.32460965270002
6.86146458333341,5.32981798630499
6.86179791666674,5.33007840298524
6.86213125000007,5.32708361116238
6.86246458333341,5.32695340282226
6.86279791666674,5.33242215310747
6.86313125000007,5.33320340314822
6.86346458333341,5.33346381982847
6.86379791666674,5.33346381982847
6.86413125000008,5.32747423618275
6.86446458333341,5.3244794443599
6.86479791666674,5.31979194411542
6.86513125000008,5.32695340282226
6.86546458333341,5.32799506954325
6.86579791666675,5.33085965302598
6.86613125000008,5.33268256978772
6.86646458333341,5.32799506954325
6.86679791666675,5.32226590257778
6.86713125000008,5.31770861067344
6.86746458333341,5.32981798630499
6.86779791666675,5.33619819497108
6.86813125000008,5.33723986169207
6.86846458333342,5.33033881966549
6.86879791666675,5.33359402816859
6.86913125000008,5.33476590322971
6.86946458333342,5.33463569488958
6.86979791666675,5.32851590290375
6.87013125000008,5.32890652792412
6.87046458333342,5.32669298614201
6.87079791666675,5.32851590290375
6.87113125000009,5.33502631990996
6.87146458333342,5.3406252785353
6.87179791666675,5.34700548720139
6.87213125000009,5.34934923732362
6.87246458333342,5.35013048736437
6.87279791666675,5.34739611222176
6.87313125000009,5.34322944533778
6.87346458333342,5.35625027935021
6.87379791666675,5.36015652955393
6.87413125000009,5.36901069668238
6.87446458333342,5.37148465514474
6.87479791666676,5.37955757223244
6.87513125000009,5.38815132268064
6.87546458333342,5.38984403110226
6.87579791666676,5.3949221563671
6.87613125000009,5.39322944794549
6.87646458333342,5.38710965595965
6.87679791666676,5.38658882259915
6.87713125000009,5.39296903126524
6.87746458333343,5.4078127820394
6.87779791666676,5.41380236568512
6.87813125000009,5.41875028260984
6.87846458333343,5.42630236633704
6.87879791666676,5.43841174196859
6.87913125000009,5.44440132561431
6.87946458333343,5.45000028423965
6.87979791666676,5.45052111760015
6.8801312500001,5.45494820116437
6.88046458333343,5.45364611776313
6.88079791666676,5.46132840983046
6.8811312500001,5.47031278529903
6.88146458333343,5.46679716011568
6.88179791666676,5.46419299331319
6.8821312500001,5.45950549306872
6.88246458333343,5.46536486837431
6.88279791666677,5.46705757679592
6.8831312500001,5.47643257728487
6.88346458333343,5.4835940359917
6.88379791666677,5.48437528603245
6.8841312500001,5.47955757744785
6.88446458333343,5.47773466068611
6.88479791666677,5.47786486902623
6.8851312500001,5.47330757712189
6.88546458333344,5.47968778578797
6.88579791666677,5.48281278595096
6.8861312500001,5.48333361931145
6.88646458333344,5.4717450770404
6.88679791666677,5.46653674343543
6.8871312500001,5.46484403501381
6.88746458333344,5.46432320165332
6.88779791666677,5.46497424335394
6.8881312500001,5.46653674343543
6.88846458333344,5.47031278529903
6.88879791666677,5.46718778513605
6.88913125000011,5.46549507671443
6.88946458333344,5.46328153493232
6.88979791666677,5.46992216027866
6.89013125000011,5.47135445202002
6.89046458333344,5.46445340999344
6.89079791666678,5.45364611776313
6.89113125000011,5.45364611776313
6.89146458333344,5.46015653476934
6.89179791666678,5.46848986853729
6.89213125000011,5.47109403533978
6.89246458333344,5.47864611906698
6.89279791666678,5.48593778611394
6.89313125000011,5.49609403664363
6.89346458333345,5.51002632903692
6.89379791666678,5.51966174620611
6.89413125000011,5.53007841341605
6.89446458333345,5.54153674734698
6.89479791666678,5.56718779035145
6.89513125000011,5.58932320817257
6.89546458333345,5.60898466753133
6.89579791666678,5.62018258478202
6.89613125000012,5.63867216907966
6.89646458333345,5.65898467013903
6.89679791666678,5.68346383808239
6.89713125000012,5.71497425639245
6.89746458333345,5.74817738312413
6.89779791666678,5.77343780110823
6.89813125000012,5.78893259358301
6.89846458333345,5.81041696970351
6.89879791666679,5.84414092979569
6.89913125000012,5.8753909314255
6.89946458333345,5.90260447451146
6.89979791666679,5.93229197605979
6.90013125000012,5.96510447777109
6.90046458333345,6.00572947988985
6.90079791666679,6.04088573172339
6.90113125000012,6.08085969214153
6.90146458333345,6.1113284437306
6.90179791666679,6.14244823702029
6.90213125000012,6.16835969670501
6.90246458333346,6.19908886497433
6.90279791666679,6.22278678287694
6.90313125000012,6.24440136733756
6.90346458333346,6.25690136798949
6.90379791666679,6.27304720216489
6.90413125000013,6.29531282832613
6.90446458333346,6.31445345432439
6.90479791666679,6.33476595538377
6.90513125000013,6.33906283060787
6.90546458333346,6.3434899141721
6.90579791666679,6.33502637206402
6.90613125000013,6.32838574671769
6.90646458333346,6.31263053756265
6.9067979166668,6.297265953428
6.90713125000013,6.29049511974154
6.90746458333346,6.28658886953781
6.9077979166668,6.28203157763346
6.90813125000013,6.25989615981234
6.90846458333346,6.23932324207272
6.9087979166668,6.21223990732688
6.90913125000013,6.18255240577855
6.90946458333347,6.14856802900613
6.9097979166668,6.12083365255967
6.91013125000013,6.09557323457557
6.91046458333347,6.05976594104141
6.9107979166668,6.02578156426898
6.91113125000013,5.99661489608116
6.91146458333347,5.97408885323966
6.9117979166668,5.93854197638575
6.91213125000014,5.90169301613059
6.91246458333347,5.86067738899146
6.9127979166668,5.82877634566103
6.91313125000014,5.79544301058922
6.91346458333347,5.76510446734028
6.9137979166668,5.73476592409134
6.91413125000014,5.70807321436587
6.91446458333347,5.68346383808239
6.9147979166668,5.65924508681928
6.91513125000014,5.62643258510798
6.91546458333347,5.59192737497506
6.91579791666681,5.56536487358972
6.91613125000014,5.54934924775444
6.91646458333347,5.53958362224512
6.91679791666681,5.52330757972959
6.91713125000014,5.50612007883319
6.91746458333348,5.48763049453555
6.91779791666681,5.47539091056387
6.91813125000014,5.46171903485083
6.91846458333348,5.45442736780387
6.91879791666681,5.44362007557356
6.91913125000014,5.43971382536984
6.91946458333348,5.42890653313953
6.91979791666681,5.42226590779319
6.92013125000014,5.41145861556288
6.92046458333348,5.40651069863816
6.92079791666681,5.40130236503319
6.92113125000015,5.40585965693754
6.92146458333348,5.40703153199866
6.92179791666681,5.412630490624
6.92213125000015,5.41250028228387
6.92246458333348,5.41562528244686
6.92279791666681,5.41575549078698
6.92313125000015,5.4212242410722
6.92346458333348,5.43450549176487
6.92379791666682,5.44401070059394
6.92413125000015,5.45286486772238
6.92446458333348,5.454557576144
6.92479791666682,5.46406278497307
6.92513125000015,5.46979195193853
6.92546458333348,5.47851591072686
6.92579791666682,5.48750028619543
6.92613125000015,5.49713570336462
6.92646458333349,5.50338570369058
6.92679791666682,5.50442737041158
6.92713125000015,5.51536487098201
6.92746458333349,5.52591174653207
6.92779791666682,5.53750028880313
6.92813125000015,5.5389325805445
6.92846458333349,5.54674508095195
6.92879791666682,5.55781278986251
6.92913125000016,5.56197945674649
6.92946458333349,5.56679716533108
6.92979791666682,5.56822945707245
6.93013125000016,5.57460966573854
6.93046458333349,5.57447945739841
6.93079791666682,5.58125029108487
6.93113125000016,5.57916695764288
6.93146458333349,5.58489612460835
6.93179791666683,5.57890654096263
6.93213125000016,5.58750029141083
6.93246458333349,5.5846357079281
6.93279791666683,5.58737008307071
6.93313125000016,5.58177112444537
6.93346458333349,5.57721383254102
6.93379791666683,5.57382841569779
6.93413125000016,5.56718779035145
6.9344645833335,5.56341174848785
6.93479791666683,5.55416695633903
6.93513125000016,5.55052112281555
6.9354645833335,5.54205758070748
6.93579791666683,5.53867216386425
6.93613125000016,5.52903674669506
6.9364645833335,5.52265653802897
6.93679791666683,5.51210966247891
6.93713125000017,5.50911487065605
6.9374645833335,5.49856799510599
6.93779791666683,5.49609403664363
6.93813125000017,5.49127632805903
6.9384645833335,5.49388049486152
6.93879791666683,5.48554716109356
6.93913125000017,5.47487007720338
6.9394645833335,5.46770861849655
6.93979791666683,5.4593752847286
6.94013125000017,5.44778674245754
6.9404645833335,5.43945340868959
6.94079791666684,5.43828153362847
6.94113125000017,5.43450549176487
6.9414645833335,5.4255211162963
6.94179791666684,5.41862007426971
6.94213125000017,5.41223986560362
6.94246458333351,5.41302111564437
6.94279791666684,5.40546903191716
6.94313125000017,5.40507840689679
6.94346458333351,5.39570340640785
6.94379791666684,5.38606798923865
6.94413125000017,5.3825523640553
6.94446458333351,5.37890653053182
6.94479791666684,5.37617215538921
6.94513125000018,5.36927111336263
6.94546458333351,5.36914090502251
6.94579791666684,5.37174507182499
6.94613125000018,5.36562527983915
6.94646458333351,5.35533882096934
6.94679791666684,5.3529950708471
6.94713125000018,5.35104194574524
6.94746458333351,5.34934923732362
6.94779791666685,5.33984402849455
6.94813125000018,5.34309923699766
6.94846458333351,5.34075548687542
6.94879791666685,5.34140652857605
6.94913125000018,5.33723986169207
6.94946458333351,5.3368492366717
6.94979791666685,5.34192736193654
6.95013125000018,5.33958361181431
6.95046458333352,5.34088569521555
6.95079791666685,5.33502631990996
6.95113125000018,5.33424506986921
6.95146458333352,5.33359402816859
6.95179791666685,5.33515652825008
6.95213125000018,5.33346381982847
6.95246458333352,5.33750027837232
6.95279791666685,5.33802111173281
6.95313125000018,5.33658881999145
6.95346458333352,5.32877631958399
6.95379791666685,5.32578152776114
6.95413125000019,5.32526069440064
6.95446458333352,5.32500027772039
6.95479791666685,5.32838569456362
6.95513125000019,5.32799506954325
6.95546458333352,5.32513048606052
6.95579791666686,5.32083361083642
6.95613125000019,5.32838569456362
6.95646458333352,5.33411486152909
6.95679791666686,5.33424506986921
6.95713125000019,5.3330731948081
6.95746458333352,5.33723986169207
6.95779791666686,5.33281277812785
6.95813125000019,5.32669298614201
6.95846458333353,5.32226590257778
6.95879791666686,5.32473986104014
6.95913125000019,5.32799506954325
6.95946458333353,5.32617215278151
6.95979791666686,5.327734652863
6.96013125000019,5.33046902800561
6.96046458333353,5.3330731948081
6.96079791666686,5.32812527788337
6.9611312500002,5.32539090274076
6.96146458333353,5.32539090274076
6.96179791666686,5.32578152776114
6.9621312500002,5.32565131942101
6.96246458333353,5.3229169442784
6.96279791666686,5.32877631958399
6.9631312500002,5.32408881933952
6.96346458333353,5.32265652759816
6.96379791666686,5.31718777731294
6.9641312500002,5.32122423585679
6.96446458333353,5.3239586109994
6.96479791666687,5.33059923634573
6.9651312500002,5.33750027837232
6.96546458333353,5.33242215310747
6.96579791666687,5.32421902767965
6.9661312500002,5.31770861067344
6.96646458333353,5.32695340282226
6.96679791666687,5.32890652792412
6.9671312500002,5.32656277780188
6.96746458333354,5.32864611124387
6.96779791666687,5.33697944501182
6.9681312500002,5.34088569521555
6.96846458333354,5.33411486152909
6.96879791666687,5.33229194476735
6.9691312500002,5.33658881999145
6.96946458333354,5.34166694525629
6.96979791666687,5.34166694525629
6.97013125000021,5.33854194509331
6.97046458333354,5.33450548654946
6.97079791666687,5.3368492366717
6.97113125000021,5.3411461118958
6.97146458333354,5.35195340412611
6.97179791666687,5.35520861262921
6.97213125000021,5.35703152939095
6.97246458333354,5.35703152939095
6.97279791666688,5.36171902963543
6.97313125000021,5.36497423813853
6.97346458333334,5.36184923797555
6.97379791666667,5.3583336127922
6.97413125,5.3583336127922
6.97446458333334,5.3615888212953
6.97479791666667,5.36848986332188
6.97513125,5.37265653020586
6.97546458333334,5.3739586136071
6.97579791666667,5.37278673854598
6.97613125000001,5.37487007198797
6.97646458333334,5.37955757223244
6.97679791666667,5.38333361409605
6.97713125000001,5.38450548915716
6.97746458333334,5.38671903093928
6.97779791666667,5.39192736454424
6.97813125000001,5.39726590648934
6.97846458333334,5.3992190315912
6.97879791666668,5.39609403142822
6.97913125000001,5.38971382276213
6.97946458333334,5.38945340608188
6.97979791666668,5.39101590616338
6.98013125000001,5.39427111466648
6.98046458333334,5.38984403110226
6.98079791666668,5.38606798923865
6.98113125000001,5.38229194737505
6.98146458333335,5.38268257239542
6.98179791666668,5.38528673919791
6.98213125000001,5.38606798923865
6.98246458333335,5.38424507247692
6.98279791666668,5.38098986397381
6.98313125000001,5.38242215571518
6.98346458333335,5.38997423944238
6.98379791666668,5.38476590583741
6.98413125000001,5.37734403045033
6.98446458333335,5.37161486348487
6.98479791666668,5.37109403012437
6.98513125000002,5.36796902996139
6.98546458333335,5.36744819660089
6.98579791666668,5.36705757158052
6.98613125000002,5.36705757158052
6.98646458333335,5.3572919460712
6.98679791666669,5.3583336127922
6.98713125000002,5.36028673789406
6.98746458333335,5.36250027967617
6.98779791666669,5.36184923797555
6.98813125000002,5.35651069603046
6.98846458333335,5.35742215441132
6.98879791666669,5.3492190289835
6.98913125000002,5.35208361246623
6.98946458333336,5.35429715424834
6.98979791666669,5.36237007133605
6.99013125000002,5.36302111303667
6.99046458333336,5.36002632121381
6.99079791666669,5.35651069603046
6.99113125000002,5.34713569554151
6.99146458333336,5.34075548687542
6.99179791666669,5.33880236177356
6.99213125000003,5.34570340380014
6.99246458333336,5.34752632056188
6.99279791666669,5.34791694558226
6.99313125000003,5.35377632088785
6.99346458333336,5.35872423781257
6.99379791666669,5.35976590453356
6.99413125000003,5.35455757092859
6.99446458333336,5.35156277910573
6.9947979166667,5.34752632056188
6.99513125000003,5.34466173707915
6.99546458333336,5.34856798728288
6.9957979166667,5.34934923732362
6.99613125000003,5.35078152906499
6.99646458333336,5.34661486218101
6.9967979166667,5.34908882064337
6.99713125000003,5.34947944566375
6.99746458333336,5.35078152906499
6.9977979166667,5.35429715424834
6.99813125000003,5.35403673756809
6.99846458333337,5.35546902930946
6.9987979166667,5.34895861230325
6.99913125000003,5.348698195623
6.99946458333337,5.36080757125455
6.9997979166667,5.41770861588884
7.00013125000003,5.45299507606251
7.00046458333337,5.45572945120512
7.0007979166667,5.40364611515543
7.00113125000004,5.36627632153977
7.00146458333337,5.34947944566375
7.0017979166667,5.35091173740511
7.00213125000004,5.35507840428909
7.00246458333337,5.36093777959468
7.0027979166667,5.35664090437058
7.00313125000004,5.35651069603046
7.00346458333337,5.349739862344
7.00379791666671,5.34843777894275
7.00413125000004,5.35130236242549
7.00446458333337,5.35221382080636
7.00479791666671,5.34635444550077
7.00513125000004,5.33880236177356
7.00546458333337,5.34635444550077
7.00579791666671,5.35104194574524
7.00613125000004,5.3444013203989
7.00646458333338,5.32981798630499
7.00679791666671,5.32851590290375
7.00713125000004,5.3325523614476
7.00746458333338,5.33346381982847
7.00779791666671,5.33841173675319
7.00813125000004,5.34739611222176
7.00846458333338,5.35000027902424
7.00879791666671,5.34830757060263
7.00913125000004,5.34674507052114
7.00946458333338,5.34934923732362
7.00979791666671,5.34752632056188
7.01013125000005,5.33841173675319
7.01046458333338,5.33737007003219
7.01079791666671,5.33776069505257
7.01113125000005,5.34166694525629
7.01146458333338,5.34362007035816
7.01179791666672,5.34804715392238
7.01213125000005,5.35481798760884
7.01246458333338,5.36080757125455
7.01279791666672,5.37109403012437
7.01313125000005,5.3782554888312
7.01346458333338,5.3830731974158
7.01379791666672,5.37799507215095
7.01413125000005,5.38554715587816
7.01446458333339,5.39348986462574
7.01479791666672,5.4045575735363
7.01513125000005,5.40989611548139
7.01546458333339,5.42708361637779
7.01579791666672,5.43997424205008
7.01613125000005,5.45130236764089
7.01646458333339,5.45989611808909
7.01679791666672,5.47955757744785
7.01713125000006,5.49960966182698
7.01746458333339,5.51822945446475
7.01779791666672,5.5335940385994
7.01813125000006,5.55143258119642
7.01846458333339,5.5588544565835
7.01879791666672,5.5765627908404
7.01913125000006,5.59843779198127
7.01946458333339,5.63020862697158
7.01979791666673,5.66263050366251
7.02013125000006,5.68554717152438
7.02046458333339,5.70638050594425
7.02079791666673,5.71328154797084
7.02113125000006,5.73046904886724
7.02146458333339,5.74934925818525
7.02179791666673,5.77447946782922
7.02213125000006,5.79882842743245
7.02246458333339,5.8205732202332
7.02279791666673,5.84570342987718
7.02313125000006,5.86341176413407
7.0234645833334,5.88307322349283
7.02379791666673,5.89934926600836
7.02413125000006,5.92148468382948
7.0244645833334,5.93216176771966
7.02479791666673,5.93984405978699
7.02513125000007,5.94101593484811
7.0254645833334,5.95000031031668
7.02579791666673,5.94921906027594
7.02613125000007,5.9468753101537
7.0264645833334,5.93958364310674
7.02679791666673,5.94401072667097
7.02713125000007,5.9473961435142
7.0274645833334,5.94882843525557
7.02779791666674,5.94570343509258
7.02813125000007,5.94153676820861
7.0284645833334,5.93893260140612
7.02879791666674,5.93033885095792
7.02913125000007,5.92083364212886
7.0294645833334,5.90091176608985
7.02979791666674,5.88919301547867
7.03013125000007,5.87630238980637
7.03046458333341,5.87343780632364
7.03079791666674,5.85651072210749
7.03113125000007,5.83737009610923
7.03146458333341,5.81783884509059
7.03179791666674,5.80781280290103
7.03213125000007,5.79778676071146
7.03246458333341,5.78203155155643
7.03279791666674,5.76744821746252
7.03313125000008,5.75533884183096
7.03346458333341,5.74752634142351
7.03379791666674,5.72460967356165
7.03413125000008,5.70937529776711
7.03446458333341,5.69036488010897
7.03479791666674,5.67981800455891
7.03513125000008,5.65481800325506
7.03546458333341,5.63828154405928
7.03579791666674,5.62291695992462
7.03613125000008,5.61914091806102
7.03646458333341,5.60377633392636
7.03679791666675,5.59661487521953
7.03713125000008,5.58072945772437
7.03746458333341,5.57617216582003
7.03779791666675,5.56237008176686
7.03813125000008,5.55416695633903
7.03846458333342,5.54036487228586
7.03879791666675,5.53242216353829
7.03913125000008,5.51653674604313
7.03946458333342,5.50924507899617
7.03979791666675,5.50195341194922
7.04013125000008,5.49492216158251
7.04046458333342,5.48632841113431
7.04079791666675,5.47721382732561
7.04113125000008,5.47395861882251
7.04146458333342,5.46588570173481
7.04179791666675,5.46106799315021
7.04213125000009,5.45716174294648
7.04246458333342,5.45247424270201
7.04279791666675,5.44622424237605
7.04313125000009,5.44882840917853
7.04346458333342,5.44960965921928
7.04379791666675,5.44309924221307
7.04413125000009,5.4292971581599
7.04446458333342,5.42135444941232
7.04479791666676,5.41445340738574
7.04513125000009,5.40859403208015
7.04546458333342,5.40468778187642
7.04579791666676,5.40494819855667
7.04613125000009,5.40755236535915
7.04646458333342,5.40325549013505
7.04679791666676,5.39947944827145
7.04713125000009,5.38919298940164
7.04746458333343,5.38033882227319
7.04779791666676,5.37734403045033
7.04813125000009,5.37786486381083
7.04846458333343,5.38216173903493
7.04879791666676,5.37760444713058
7.04913125000009,5.37747423879046
7.04946458333343,5.3777346554707
7.04979791666676,5.37838569717133
7.0501312500001,5.3739586136071
7.05046458333343,5.37291694688611
7.05079791666676,5.37174507182499
7.0511312500001,5.37265653020586
7.05146458333343,5.36927111336263
7.05179791666676,5.37330757190648
7.0521312500001,5.37552111368859
7.05246458333343,5.37643257206946
7.05279791666677,5.37148465514474
7.0531312500001,5.37031278008362
7.05346458333343,5.36315132137679
7.05379791666677,5.35585965432983
7.0541312500001,5.34856798728288
7.05446458333343,5.35052111238474
7.05479791666677,5.35651069603046
7.0551312500001,5.35989611287368
7.05546458333344,5.36302111303667
7.05579791666677,5.3583336127922
7.0561312500001,5.35807319611195
7.05646458333344,5.34843777894275
7.05679791666677,5.35026069570449
7.0571312500001,5.34700548720139
7.05746458333344,5.34960965400387
7.05779791666677,5.34765652890201
7.05813125000011,5.34661486218101
7.05846458333344,5.35403673756809
7.05879791666677,5.35520861262921
7.05913125000011,5.35481798760884
7.05946458333344,5.35091173740511
7.05979791666677,5.35533882096934
7.06013125000011,5.35494819594896
7.06046458333344,5.34752632056188
7.06079791666677,5.34322944533778
7.06113125000011,5.3401044451748
7.06146458333344,5.34101590355567
7.06179791666678,5.33841173675319
7.06213125000011,5.34244819529704
7.06246458333344,5.34908882064337
7.06279791666678,5.34934923732362
7.06313125000011,5.34700548720139
7.06346458333345,5.34752632056188
7.06379791666678,5.35000027902424
7.06413125000011,5.34791694558226
7.06446458333345,5.34804715392238
7.06479791666678,5.35260444582673
7.06513125000011,5.35481798760884
7.06546458333345,5.35117215408536
7.06579791666678,5.35208361246623
7.06613125000012,5.35690132105083
7.06646458333345,5.36289090469654
7.06679791666678,5.35976590453356
7.06713125000012,5.36484402979841
7.06746458333345,5.36223986299592
7.06779791666678,5.36328152971691
7.06813125000012,5.35924507117306
7.06846458333345,5.3664065298799
7.06879791666679,5.36783882162126
7.06913125000012,5.36575548817928
7.06946458333345,5.36250027967617
7.06979791666679,5.36380236307741
7.07013125000012,5.36953153004288
7.07046458333345,5.36783882162126
7.07079791666679,5.37122423846449
7.07113125000012,5.36979194672313
7.07146458333346,5.37252632186573
7.07179791666679,5.37369819692685
7.07213125000012,5.37955757223244
7.07246458333346,5.38671903093928
7.07279791666679,5.38424507247692
7.07313125000012,5.37994819725282
7.07346458333346,5.37669298874971
7.07379791666679,5.38541694753803
7.07413125000012,5.38567736421828
7.07446458333346,5.38515653085779
7.07479791666679,5.37747423879046
7.07513125000013,5.38164090567443
7.07546458333346,5.3825523640553
7.07579791666679,5.38359403077629
7.07613125000013,5.38919298940164
7.07646458333346,5.39375028130598
7.0767979166668,5.39791694818996
7.07713125000013,5.39531278138747
7.07746458333346,5.39257840624487
7.0777979166668,5.38815132268064
7.07813125000013,5.38828153102077
7.07846458333346,5.38554715587816
7.0787979166668,5.38723986429977
7.07913125000013,5.37968778057257
7.07946458333347,5.3792971555522
7.0797979166668,5.38151069733431
7.08013125000013,5.38424507247692
7.08046458333347,5.38932319774176
7.0807979166668,5.38893257272139
7.08113125000013,5.39075548948313
7.08146458333347,5.38945340608188
7.0817979166668,5.38528673919791
7.08213125000014,5.38541694753803
7.08246458333347,5.38151069733431
7.0827979166668,5.38645861425903
7.08313125000014,5.38059923895344
7.08346458333347,5.37656278040959
7.0837979166668,5.37005236340338
7.08413125000014,5.37122423846449
7.08446458333347,5.36992215506325
7.08479791666681,5.36757840494102
7.08513125000014,5.36458361311816
7.08546458333347,5.36432319643791
7.08579791666681,5.36263048801629
7.08613125000014,5.3653648631589
7.08646458333347,5.36549507149903
7.08679791666681,5.36848986332188
7.08713125000014,5.37096382178424
7.08746458333347,5.37786486381083
7.08779791666681,5.37682319708983
7.08813125000014,5.37213569684536
7.08846458333348,5.36835965498176
7.08879791666681,5.37213569684536
7.08913125000014,5.3701825717435
7.08946458333348,5.36940132170275
7.08979791666681,5.36757840494102
7.09013125000014,5.36822944664164
7.09046458333348,5.3701825717435
7.09079791666681,5.36601590485952
7.09113125000015,5.36783882162126
7.09146458333348,5.36184923797555
7.09179791666681,5.36393257141754
7.09213125000015,5.36354194639716
7.09246458333348,5.36744819660089
7.09279791666681,5.37200548850524
7.09313125000015,5.38020861393306
7.09346458333348,5.38567736421828
7.09379791666682,5.38411486413679
7.09413125000015,5.3825523640553
7.09446458333348,5.37434923862747
7.09479791666682,5.37148465514474
7.09513125000015,5.36354194639716
7.09546458333348,5.36601590485952
7.09579791666682,5.3664065298799
7.09613125000015,5.37265653020586
7.09646458333349,5.37005236340338
7.09679791666682,5.36705757158052
7.09713125000015,5.35716173773108
7.09746458333349,5.36028673789406
7.09779791666682,5.36093777959468
7.09813125000015,5.36862007166201
7.09846458333349,5.36523465481878
7.09879791666682,5.36328152971691
7.09913125000015,5.35768257109157
7.09946458333349,5.35950548785331
7.09979791666682,5.36627632153977
7.10013125000016,5.37122423846449
7.10046458333349,5.37747423879046
7.10079791666682,5.37578153036884
7.10113125000016,5.37460965530772
7.10146458333349,5.37135444680462
7.10179791666683,5.37799507215095
7.10213125000016,5.38085965563369
7.10246458333349,5.37630236372934
7.10279791666683,5.36914090502251
7.10313125000016,5.35742215441132
7.10346458333349,5.35572944598971
7.10379791666683,5.35208361246623
7.10413125000016,5.36406277975766
7.1044645833335,5.36367215473729
7.10479791666683,5.36119819627493
7.10513125000016,5.35572944598971
7.1054645833335,5.35742215441132
7.10579791666683,5.36171902963543
7.10613125000016,5.36940132170275
7.1064645833335,5.37213569684536
7.10679791666683,5.37122423846449
7.10713125000017,5.36380236307741
7.1074645833335,5.36692736324039
7.10779791666683,5.37096382178424
7.10813125000017,5.37057319676387
7.1084645833335,5.36497423813853
7.10879791666683,5.36067736291443
7.10913125000017,5.36497423813853
7.1094645833335,5.36302111303667
7.10979791666684,5.36822944664164
7.11013125000017,5.37200548850524
7.1104645833335,5.37473986364785
7.11079791666684,5.37174507182499
7.11113125000017,5.36979194672313
7.1114645833335,5.37565132202872
7.11179791666684,5.37955757223244
7.11213125000017,5.38346382243617
7.1124645833335,5.38190132235468
7.11279791666684,5.38138048899418
7.11313125000017,5.38007840559294
7.11346458333351,5.37552111368859
7.11379791666684,5.37200548850524
7.11413125000017,5.36953153004288
7.11446458333351,5.38033882227319
7.11479791666684,5.38789090600039
7.11513125000018,5.39440132300661
7.11546458333351,5.38945340608188
7.11579791666684,5.39179715620412
7.11613125000018,5.38723986429977
7.11646458333351,5.39362007296586
7.11679791666684,5.38971382276213
7.11713125000018,5.39375028130598
7.11746458333351,5.39231798956462
7.11779791666685,5.39687528146897
7.11813125000018,5.39362007296586
7.11846458333351,5.39127632284362
7.11879791666685,5.39088569782325
7.11913125000018,5.39713569814921
7.11946458333351,5.39830757321033
7.11979791666685,5.40338569847518
7.12013125000018,5.40937528212089
7.12046458333352,5.41171903224313
7.12079791666685,5.41028674050176
7.12113125000018,5.41497424074623
7.12146458333352,5.4292971581599
7.12179791666685,5.43098986658151
7.12213125000018,5.4292971581599
7.12246458333352,5.42526069961605
7.12279791666685,5.43216174164263
7.12313125000019,5.43554715848586
7.12346458333352,5.44427111727418
7.12379791666685,5.44830757581804
7.12413125000019,5.44908882585878
7.12446458333352,5.44726590909704
7.12479791666685,5.45468778448412
7.12513125000019,5.46237007655145
7.12546458333352,5.46822945185704
7.12579791666685,5.47031278529903
7.12613125000019,5.47864611906698
7.12646458333352,5.4803388274886
7.12679791666686,5.4846357027127
7.12713125000019,5.48164091088984
7.12746458333352,5.48697945283493
7.12779791666686,5.49010445299791
7.12813125000019,5.50000028684735
7.12846458333353,5.5040367453912
7.12879791666686,5.50807320393506
7.12913125000019,5.5055992454727
7.12946458333353,5.51302112085978
7.12979791666686,5.51783882944437
7.13013125000019,5.52317737138947
7.13046458333353,5.52434924645058
7.13079791666686,5.53138049681729
7.13113125000019,5.52877633001481
7.13146458333353,5.52877633001481
7.13179791666686,5.52291695470922
7.1321312500002,5.52864612167468
7.13246458333353,5.5265627882327
7.13279791666686,5.52838570499444
7.1331312500002,5.52838570499444
7.13346458333353,5.52890653835493
7.13379791666686,5.5260419548722
7.1341312500002,5.52643257989257
7.13446458333353,5.52526070483145
7.13479791666687,5.5217450796481
7.1351312500002,5.517448204424
7.13546458333353,5.52421903811046
7.13579791666687,5.52994820507593
7.1361312500002,5.52903674669506
7.13646458333353,5.52317737138947
7.13679791666687,5.51093778741779
7.1371312500002,5.50950549567642
7.13746458333354,5.50872424563568
7.13779791666687,5.51197945413878
7.1381312500002,5.5136721625604
7.13846458333354,5.50598987049307
7.13879791666687,5.49921903680661
7.1391312500002,5.49036486967816
7.13946458333354,5.48554716109356
7.13979791666687,5.4798179941281
7.14013125000021,5.4717450770404
7.14046458333354,5.46497424335394
7.14079791666687,5.46458361833356
7.14113125000021,5.4626304932317
7.14146458333354,5.45755236796686
7.14179791666687,5.44622424237605
7.14213125000021,5.44362007557356
7.14246458333354,5.44817736747791
7.14279791666688,5.44739611743717
7.14313125000021,5.44492215897481
7.14346458333354,5.4373700752476
7.14379791666688,5.43229194998276
7.14413125,5.42005236601108
7.14446458333334,5.40976590714126
7.14479791666667,5.411588823903
7.14513125,5.40859403208015
7.14546458333334,5.40625028195791
7.14579791666667,5.40117215669306
7.14613125,5.40039090665232
7.14646458333334,5.39817736487021
7.14679791666667,5.39830757321033
7.14713125000001,5.39635444810847
7.14746458333334,5.39700548980909
7.14779791666667,5.39075548948313
7.14813125000001,5.39218778122449
7.14846458333334,5.39362007296586
7.14879791666667,5.39713569814921
7.14913125000001,5.39283882292512
7.14946458333334,5.38697944761953
7.14979791666667,5.37851590551145
7.15013125000001,5.37526069700834
7.15046458333334,5.37148465514474
7.15079791666668,5.3750002803281
7.15113125000001,5.37343778024661
7.15146458333334,5.3777346554707
7.15179791666668,5.37838569717133
7.15213125000001,5.37955757223244
7.15246458333334,5.37942736389232
7.15279791666668,5.37382840526698
7.15313125000001,5.37526069700834
7.15346458333335,5.37421903028735
7.15379791666668,5.38138048899418
7.15413125000001,5.37643257206946
7.15446458333335,5.37421903028735
7.15479791666668,5.37643257206946
7.15513125000002,5.37981798891269
7.15546458333335,5.38242215571518
7.15579791666668,5.37890653053182
7.15613125000002,5.38320340575592
7.15646458333335,5.38033882227319
7.15679791666668,5.37981798891269
7.15713125000002,5.38072944729356
7.15746458333335,5.38333361409605
7.15779791666669,5.37838569717133
7.15813125000002,5.37304715522623
7.15846458333335,5.37721382211021
7.15879791666669,5.38333361409605
7.15913125000002,5.39205757288437
7.15946458333335,5.38372423911642
7.15979791666669,5.3777346554707
7.16013125000002,5.37122423846449
7.16046458333336,5.37721382211021
7.16079791666669,5.37695340542996
7.16113125000002,5.37695340542996
7.16146458333336,5.37812528049108
7.16179791666669,5.37539090534847
7.16213125000002,5.37291694688611
7.16246458333336,5.37252632186573
7.16279791666669,5.38020861393306
7.16313125000002,5.38268257239542
7.16346458333336,5.38606798923865
7.16379791666669,5.38645861425903
7.16413125000003,5.3830731974158
7.16446458333336,5.37239611352561
7.16479791666669,5.37044298842375
7.16513125000003,5.37721382211021
7.16546458333336,5.38020861393306
7.16579791666669,5.38476590583741
7.16613125000003,5.38320340575592
7.16646458333336,5.38906278106151
7.1667979166667,5.38945340608188
7.16713125000003,5.39088569782325
7.16746458333336,5.38997423944238
7.1677979166667,5.39231798956462
7.16813125000003,5.39505236470723
7.16846458333337,5.39205757288437
7.1687979166667,5.38723986429977
7.16913125000003,5.38580757255841
7.16946458333337,5.39127632284362
7.1697979166667,5.38971382276213
7.17013125000003,5.38268257239542
7.17046458333337,5.37669298874971
7.1707979166667,5.38437528081704
7.17113125000004,5.38906278106151
7.17146458333337,5.3868492392794
7.1717979166667,5.3787763221917
7.17213125000004,5.37838569717133
7.17246458333337,5.37890653053182
7.1727979166667,5.38216173903493
7.17313125000004,5.38320340575592
7.17346458333337,5.38554715587816
7.17379791666671,5.38151069733431
7.17413125000004,5.37903673887195
7.17446458333337,5.37981798891269
7.17479791666671,5.38020861393306
7.17513125000004,5.37890653053182
7.17546458333337,5.38190132235468
7.17579791666671,5.37916694721207
7.17613125000004,5.38242215571518
7.17646458333337,5.38268257239542
7.17679791666671,5.38033882227319
7.17713125000004,5.37695340542996
7.17746458333338,5.3744794469676
7.17779791666671,5.38372423911642
7.17813125000004,5.38567736421828
7.17846458333338,5.38697944761953
7.17879791666671,5.38242215571518
7.17913125000004,5.38567736421828
7.17946458333338,5.37890653053182
7.17979791666671,5.37786486381083
7.18013125000005,5.37656278040959
7.18046458333338,5.3792971555522
7.18079791666671,5.3825523640553
7.18113125000005,5.38242215571518
7.18146458333338,5.38450548915716
7.18179791666671,5.37864611385157
7.18213125000005,5.37695340542996
7.18246458333338,5.37630236372934
7.18279791666672,5.38138048899418
7.18313125000005,5.38177111401456
7.18346458333338,5.38606798923865
7.18379791666672,5.38593778089853
7.18413125000005,5.391666947864
7.18446458333338,5.38828153102077
7.18479791666672,5.38723986429977
7.18513125000005,5.38007840559294
7.18546458333339,5.38359403077629
7.18579791666672,5.3873700726399
7.18613125000005,5.38841173936089
7.18646458333339,5.38580757255841
7.18679791666672,5.38815132268064
7.18713125000005,5.39635444810847
7.18746458333339,5.40143257337331
7.18779791666672,5.40273465677456
7.18813125000006,5.40104194835294
7.18846458333339,5.39843778155046
7.18879791666672,5.40104194835294
7.18913125000006,5.40677111531841
7.18946458333339,5.41953153265058
7.18979791666672,5.42617215799692
7.19013125000006,5.42565132463642
7.19046458333339,5.42343778285431
7.19079791666672,5.41901069929008
7.19113125000006,5.41901069929008
7.19146458333339,5.41940132431046
7.19179791666673,5.42317736617406
7.19213125000006,5.42591174131667
7.19246458333339,5.43268257500313
7.19279791666673,5.4368492418871
7.19313125000006,5.44192736715195
7.1934645833334,5.44101590877108
7.19379791666673,5.44140653379145
7.19413125000006,5.4454429923353
7.1944645833334,5.44101590877108
7.19479791666673,5.44010445039021
7.19513125000006,5.43515653346549
7.1954645833334,5.44335965889331
7.19579791666673,5.44583361735567
7.19613125000007,5.45117215930077
7.1964645833334,5.44440132561431
7.19679791666673,5.44362007557356
7.19713125000007,5.44518257565505
7.1974645833334,5.4497398675594
7.19779791666673,5.45286486772238
7.19813125000007,5.4464846590563
7.1984645833334,5.44687528407667
7.19879791666674,5.44283882553282
7.19913125000007,5.44830757581804
7.1994645833334,5.44583361735567
7.19979791666674,5.44791695079766
7.20013125000007,5.44856799249828
7.2004645833334,5.44830757581804
7.20079791666674,5.45156278432114
7.20113125000007,5.45130236764089
7.2014645833334,5.45572945120512
7.20179791666674,5.45000028423965
7.20213125000007,5.44739611743717
7.20246458333341,5.43997424205008
7.20279791666674,5.4411461171112
7.20313125000007,5.43971382536984
7.20346458333341,5.43997424205008
7.20379791666674,5.43893257532909
7.20413125000007,5.43763049192785
7.20446458333341,5.44088570043095
7.20479791666674,5.43658882520686
7.20513125000008,5.43593778350623
7.20546458333341,5.43320340836363
7.20579791666674,5.43997424205008
7.20613125000008,5.43515653346549
7.20646458333341,5.432552366663
7.20679791666675,5.42526069961605
7.20713125000008,5.42851590811915
7.20746458333341,5.42994819986052
7.20779791666675,5.43203153330251
7.20813125000008,5.4292971581599
7.20846458333341,5.43177111662226
7.20879791666675,5.43411486674449
7.20913125000008,5.43554715848586
7.20946458333342,5.43372424172412
7.20979791666675,5.42916694981977
7.21013125000008,5.43020861654077
7.21046458333342,5.42656278301729
7.21079791666675,5.43112007492164
7.21113125000008,5.42916694981977
7.21146458333342,5.42890653313953
7.21179791666675,5.42317736617406
7.21213125000009,5.42161486609257
7.21246458333342,5.42487007459568
7.21279791666675,5.43046903322102
7.21313125000009,5.43281278334325
7.21346458333342,5.42903674147965
7.21379791666675,5.42578153297654
7.21413125000009,5.42513049127592
7.21446458333342,5.42526069961605
7.21479791666675,5.42513049127592
7.21513125000009,5.4255211162963
7.21546458333342,5.4287763247994
7.21579791666676,5.42460965791543
7.21613125000009,5.41653674082772
7.21646458333342,5.40859403208015
7.21679791666676,5.40755236535915
7.21713125000009,5.41028674050176
7.21746458333342,5.40924507378077
7.21779791666676,5.40651069863816
7.21813125000009,5.40911486544064
7.21846458333343,5.4164065324876
7.21879791666676,5.41562528244686
7.21913125000009,5.41549507410673
7.21946458333343,5.41145861556288
7.21979791666676,5.41549507410673
7.2201312500001,5.41015653216164
7.22046458333343,5.40468778187642
7.22079791666676,5.40260444843443
7.2211312500001,5.40247424009431
7.22146458333343,5.40625028195791
7.22179791666676,5.4083336153999
7.2221312500001,5.41080757386226
7.22246458333343,5.40937528212089
7.22279791666676,5.40690132365853
7.2231312500001,5.411588823903
7.22346458333343,5.41080757386226
7.22379791666677,5.41289090730425
7.2241312500001,5.40911486544064
7.22446458333343,5.4121096572635
7.22479791666677,5.40963569880114
7.2251312500001,5.40442736519617
7.22546458333343,5.40195340673381
7.22579791666677,5.40468778187642
7.2261312500001,5.40572944859741
7.22646458333344,5.40924507378077
7.22679791666677,5.41223986560362
7.2271312500001,5.41289090730425
7.22746458333344,5.41458361572586
7.22779791666677,5.40911486544064
7.2281312500001,5.41145861556288
7.22846458333344,5.41041694884189
7.22879791666677,5.41510444908636
7.22913125000011,5.41458361572586
7.22946458333344,5.41289090730425
7.22979791666677,5.41015653216164
7.23013125000011,5.41523465742648
7.23046458333344,5.42434924123518
7.23079791666677,5.42734403305804
7.23113125000011,5.42591174131667
7.23146458333344,5.42343778285431
7.23179791666678,5.42487007459568
7.23213125000011,5.42682319969754
7.23246458333344,5.42526069961605
7.23279791666678,5.42265653281356
7.23313125000011,5.42343778285431
7.23346458333344,5.43112007492164
7.23379791666678,5.43723986690748
7.23413125000011,5.43867215864884
7.23446458333345,5.43385445006425
7.23479791666678,5.43216174164263
7.23513125000011,5.42682319969754
7.23546458333345,5.42617215799692
7.23579791666678,5.42994819986052
7.23613125000011,5.43007840820064
7.23646458333345,5.42734403305804
7.23679791666678,5.42617215799692
7.23713125000012,5.43411486674449
7.23746458333345,5.43815132528835
7.23779791666678,5.43437528342474
7.23813125000012,5.43125028326176
7.23846458333345,5.42890653313953
7.23879791666678,5.43177111662226
7.23913125000012,5.42695340803766
7.23946458333345,5.42460965791543
7.23979791666678,5.42096382439195
7.24013125000012,5.42682319969754
7.24046458333345,5.43346382504387
7.24079791666679,5.43489611678524
7.24113125000012,5.43567736682599
7.24146458333345,5.42799507475866
7.24179791666679,5.42317736617406
7.24213125000012,5.41536486576661
7.24246458333345,5.42083361605182
7.24279791666679,5.42369819953456
7.24313125000012,5.42200549111294
7.24346458333346,5.41484403240611
7.24379791666679,5.41653674082772
7.24413125000012,5.41888049094996
7.24446458333346,5.41796903256909
7.24479791666679,5.41614611580735
7.24513125000013,5.411588823903
7.24546458333346,5.41197944892338
7.24579791666679,5.41002632382151
7.24613125000013,5.41888049094996
7.24646458333346,5.41914090763021
7.24679791666679,5.41237007394375
7.24713125000013,5.40742215701903
7.24746458333346,5.41471382406598
7.2477979166668,5.42304715783394
7.24813125000013,5.42265653281356
7.24846458333346,5.41757840754872
7.2487979166668,5.42252632447344
7.24913125000013,5.42330757451418
7.24946458333346,5.42096382439195
7.2497979166668,5.41471382406598
7.25013125000013,5.42526069961605
7.25046458333347,5.43606799184636
7.2507979166668,5.44049507541058
7.25113125000013,5.43893257532909
7.25146458333347,5.43697945022723
7.2517979166668,5.43932320034946
7.25213125000013,5.43710965856735
7.25246458333347,5.44270861719269
7.2527979166668,5.44869820083841
7.25313125000013,5.4578127846471
7.25346458333347,5.46289090991195
7.2537979166668,5.46601591007493
7.25413125000014,5.47369820214226
7.25446458333347,5.47695341064537
7.2547979166668,5.48645861947443
7.25513125000014,5.48880236959667
7.25546458333347,5.49544299494301
7.2557979166668,5.50000028684735
7.25613125000014,5.50221382862947
7.25646458333347,5.50572945381282
7.25679791666681,5.51341174588015
7.25713125000014,5.51601591268263
7.25746458333347,5.51549507932214
7.25779791666681,5.51705757940363
7.25813125000014,5.52760445495369
7.25846458333348,5.53697945544263
7.25879791666681,5.54661487261183
7.25913125000014,5.55156278953655
7.25946458333348,5.5518232062168
7.25979791666681,5.54895862273406
7.26013125000014,5.55481799803965
7.26046458333348,5.56289091512736
7.26079791666681,5.56549508192984
7.26113125000015,5.56718779035145
7.26146458333348,5.57916695764288
7.26179791666681,5.58268258282624
7.26213125000015,5.58476591626823
7.26246458333348,5.58007841602375
7.26279791666681,5.58372424954723
7.26313125000015,5.57864612428239
7.26346458333348,5.57487008241878
7.26379791666682,5.56783883205208
7.26413125000015,5.56770862371195
7.26446458333348,5.56992216549406
7.26479791666682,5.57265654063667
7.26513125000015,5.57109404055518
7.26546458333348,5.57473987407866
7.26579791666682,5.57083362387493
7.26613125000015,5.57473987407866
7.26646458333348,5.56901070711319
7.26679791666682,5.5647138318891
7.26713125000015,5.55781278986251
7.26746458333349,5.5502607061353
7.26779791666682,5.54765653933282
7.26813125000015,5.54296903908835
7.26846458333349,5.54296903908835
7.26879791666682,5.53906278888462
7.26913125000015,5.53255237187841
7.26946458333349,5.52539091317158
7.26979791666682,5.52682320491294
7.27013125000016,5.52942737171543
7.27046458333349,5.52434924645058
7.27079791666682,5.51549507932214
7.27113125000016,5.50794299559493
7.27146458333349,5.50416695373133
7.27179791666682,5.49869820344611
7.27213125000016,5.50234403696959
7.27246458333349,5.49765653672512
7.27279791666683,5.49179716141953
7.27313125000016,5.47825549404661
7.27346458333349,5.47968778578797
7.27379791666683,5.48007841080835
7.27413125000016,5.47669299396512
7.27446458333349,5.47395861882251
7.27479791666683,5.47330757712189
7.27513125000016,5.47408882716263
7.2754645833335,5.46276070157182
7.27579791666683,5.46432320165332
7.27613125000016,5.46158882651071
7.2764645833335,5.46380236829282
7.27679791666683,5.45651070124586
7.27713125000016,5.45807320132735
7.2774645833335,5.46171903485083
7.27779791666683,5.46015653476934
7.27813125000017,5.45390653444338
7.2784645833335,5.45065132594027
7.27879791666683,5.4454429923353
7.27913125000017,5.44427111727418
7.2794645833335,5.43710965856735
7.27979791666683,5.43841174196859
7.28013125000017,5.43385445006425
7.2804645833335,5.43151069994201
7.28079791666683,5.42747424139816
7.28113125000017,5.43098986658151
7.2814645833335,5.42981799152039
7.28179791666684,5.4292971581599
7.28213125000017,5.42148465775245
7.2824645833335,5.42682319969754
7.28279791666684,5.43020861654077
7.28313125000017,5.43424507508462
7.28346458333351,5.42838569977903
7.28379791666684,5.433594033384
7.28413125000017,5.43541695014574
7.28446458333351,5.43619820018648
7.28479791666684,5.42539090795617
7.28513125000017,5.4239586162148
7.28546458333351,5.42330757451418
7.28579791666684,5.41731799086847
7.28613125000018,5.412630490624
7.28646458333351,5.41901069929008
7.28679791666684,5.4287763247994
7.28713125000018,5.43098986658151
7.28746458333351,5.42513049127592
7.28779791666684,5.42278674115369
7.28813125000018,5.42968778318027
7.28846458333351,5.43437528342474
7.28879791666685,5.4378909086081
7.28913125000018,5.43229194998276
7.28946458333351,5.43671903354698
7.28979791666685,5.43971382536984
7.29013125000018,5.44335965889331
7.29046458333351,5.4411461171112
7.29079791666685,5.43723986690748
7.29113125000018,5.44036486707046
7.29146458333351,5.43671903354698
7.29179791666685,5.43945340868959
7.29213125000018,5.4368492418871
7.29246458333352,5.43606799184636
7.29279791666685,5.4373700752476
7.29313125000018,5.44375028391369
7.29346458333352,5.45169299266127
7.29379791666685,5.45755236796686
7.29413125000018,5.45638049290574
7.29446458333352,5.45703153460636
7.29479791666685,5.4583336180076
7.29513125000019,5.46731799347617
7.29546458333352,5.47044299363915
7.29579791666685,5.46614611841505
7.29613125000019,5.45976590974897
7.29646458333352,5.46184924319096
7.29679791666686,5.46614611841505
7.29713125000019,5.46718778513605
7.29746458333352,5.46822945185704
7.29779791666686,5.4712242436799
7.29813125000019,5.47747424400586
7.29846458333352,5.48320341097133
7.29879791666686,5.49231799478002
7.29913125000019,5.49127632805903
7.29946458333353,5.49010445299791
7.29979791666686,5.48528674441332
7.30013125000019,5.48802111955593
7.30046458333353,5.48476591105282
7.30079791666686,5.4841148693522
7.30113125000019,5.48398466101207
7.30146458333353,5.48645861947443
7.30179791666686,5.48710966117505
7.3021312500002,5.48242216093058
7.30246458333353,5.48138049420959
7.30279791666686,5.47812528570648
7.3031312500002,5.47760445234599
7.30346458333353,5.47851591072686
7.30379791666686,5.47851591072686
7.3041312500002,5.4803388274886
7.30446458333353,5.475521118904
7.30479791666686,5.47487007720338
7.3051312500002,5.47044299363915
7.30546458333353,5.46979195193853
7.30579791666687,5.47096382699965
7.3061312500002,5.47487007720338
7.30646458333353,5.46862007687741
7.30679791666687,5.46093778481009
7.3071312500002,5.45612007622549
7.30746458333353,5.45989611808909
7.30779791666687,5.4593752847286
7.3081312500002,5.45924507638847
7.30846458333354,5.45690132626623
7.30879791666687,5.45612007622549
7.3091312500002,5.45208361768164
7.30946458333354,5.45234403436189
7.30979791666687,5.45117215930077
7.31013125000021,5.45052111760015
7.31046458333354,5.44869820083841
7.31079791666687,5.45156278432114
7.31113125000021,5.4593752847286
7.31146458333354,5.45924507638847
7.31179791666687,5.45716174294648
7.31213125000021,5.44817736747791
7.31246458333354,5.44726590909704
7.31279791666687,5.44335965889331
7.31313125000021,5.44570340901555
7.31346458333354,5.44752632577729
7.31379791666688,5.45247424270201
7.31413125000021,5.45156278432114
7.31446458333354,5.45612007622549
7.31479791666667,5.45716174294648
7.31513125,5.4621096598712
7.31546458333334,5.46302111825207
7.31579791666667,5.47161486870027
7.31613125,5.47317736878176
7.31646458333334,5.46497424335394
7.31679791666667,5.45768257630698
7.31713125,5.45625028456561
7.31746458333334,5.4626304932317
7.31779791666667,5.46406278497307
7.31813125000001,5.46627632675518
7.31846458333334,5.47291695210151
7.31879791666667,5.47148466036015
7.31913125000001,5.46862007687741
7.31946458333334,5.45950549306872
7.31979791666667,5.46223986821133
7.32013125000001,5.46653674343543
7.32046458333334,5.47213570206077
7.32079791666668,5.47617216060462
7.32113125000001,5.47838570238673
7.32146458333334,5.47669299396512
7.32179791666668,5.47200549372064
7.32213125000001,5.46809924351692
7.32246458333334,5.46302111825207
7.32279791666668,5.46132840983046
7.32313125000001,5.46328153493232
7.32346458333335,5.46380236829282
7.32379791666668,5.45950549306872
7.32413125000001,5.45494820116437
7.32446458333335,5.46145861817058
7.32479791666668,5.46809924351692
7.32513125000001,5.4664065350953
7.32546458333335,5.4593752847286
7.32579791666668,5.45729195128661
7.32613125000002,5.45755236796686
7.32646458333335,5.45494820116437
7.32679791666668,5.45052111760015
7.32713125000002,5.45182320100139
7.32746458333335,5.4502607009199
7.32779791666668,5.44322945055319
7.32813125000002,5.43828153362847
7.32846458333335,5.44362007557356
7.32879791666669,5.45065132594027
7.32913125000002,5.4502607009199
7.32946458333335,5.44583361735567
7.32979791666669,5.44908882585878
7.33013125000002,5.45364611776313
7.33046458333335,5.44869820083841
7.33079791666669,5.44401070059394
7.33113125000002,5.44401070059394
7.33146458333336,5.45195340934151
7.33179791666669,5.44440132561431
7.33213125000002,5.43802111694822
7.33246458333336,5.43007840820064
7.33279791666669,5.43333361670375
7.33313125000002,5.43580757516611
7.33346458333336,5.44257840885257
7.33379791666669,5.44817736747791
7.33413125000002,5.44179715881182
7.33446458333336,5.43671903354698
7.33479791666669,5.43541695014574
7.33513125000003,5.43776070026797
7.33546458333336,5.43841174196859
7.33579791666669,5.43802111694822
7.33613125000003,5.44179715881182
7.33646458333336,5.44153674213158
7.3367979166667,5.43815132528835
7.33713125000003,5.43932320034946
7.33746458333336,5.43424507508462
7.3377979166667,5.4292971581599
7.33813125000003,5.42291694949381
7.33846458333336,5.43203153330251
7.3387979166667,5.43906278366922
7.33913125000003,5.44466174229456
7.33946458333337,5.43710965856735
7.3397979166667,5.43671903354698
7.34013125000003,5.43541695014574
7.34046458333337,5.43658882520686
7.3407979166667,5.43645861686673
7.34113125000003,5.43867215864884
7.34146458333337,5.44335965889331
7.3417979166667,5.4378909086081
7.34213125000004,5.43190132496238
7.34246458333337,5.43229194998276
7.3427979166667,5.43815132528835
7.34313125000004,5.43958361702971
7.34346458333337,5.43802111694822
7.3437979166667,5.43984403370996
7.34413125000004,5.44322945055319
7.34446458333337,5.44348986723344
7.34479791666671,5.44348986723344
7.34513125000004,5.44101590877108
7.34546458333337,5.43997424205008
7.34579791666671,5.43841174196859
7.34613125000004,5.44479195063468
7.34646458333337,5.44348986723344
7.34679791666671,5.43450549176487
7.34713125000004,5.42239611613331
7.34746458333337,5.42291694949381
7.34779791666671,5.42760444973828
7.34813125000004,5.43203153330251
7.34846458333338,5.43059924156114
7.34879791666671,5.43528674180561
7.34913125000004,5.43476590844512
7.34946458333338,5.43164090828213
7.34979791666671,5.43164090828213
7.35013125000005,5.4421877838322
7.35046458333338,5.44895861751866
7.35079791666671,5.44765653411741
7.35113125000005,5.44179715881182
7.35146458333338,5.44244820051245
7.35179791666671,5.44205757549207
7.35213125000005,5.43815132528835
7.35246458333338,5.43932320034946
7.35279791666672,5.43632840852661
7.35313125000005,5.43932320034946
7.35346458333338,5.43398465840437
7.35379791666672,5.43242215832288
7.35413125000005,5.43554715848586
7.35446458333338,5.43632840852661
7.35479791666672,5.43710965856735
7.35513125000005,5.43177111662226
7.35546458333339,5.43385445006425
7.35579791666672,5.44322945055319
7.35613125000005,5.44752632577729
7.35646458333339,5.45625028456561
7.35679791666672,5.45039090926002
7.35713125000005,5.45000028423965
7.35746458333339,5.44557320067543
7.35779791666672,5.4540367427835
7.35813125000005,5.46080757646996
7.35846458333339,5.46171903485083
7.35879791666672,5.46393257663294
7.35913125000006,5.46393257663294
7.35946458333339,5.46992216027866
7.35979791666672,5.47109403533978
7.36013125000006,5.48072945250897
7.36046458333339,5.48815132789605
7.36079791666672,5.49010445299791
7.36113125000006,5.49088570303866
7.36146458333339,5.49687528668437
7.36179791666673,5.51197945413878
7.36213125000006,5.51992216288636
7.36246458333339,5.52382841309009
7.36279791666673,5.52539091317158
7.36313125000006,5.53281278855866
7.36346458333339,5.54895862273406
7.36379791666673,5.56289091512736
7.36413125000006,5.57109404055518
7.3644645833334,5.57239612395642
7.36479791666673,5.5770836242009
7.36513125000006,5.58880237481208
7.3654645833334,5.59635445853928
7.36579791666673,5.6055992506881
7.36613125000006,5.60859404251096
7.3664645833334,5.61979195976164
7.36679791666673,5.6308596686722
7.36713125000007,5.6485680029291
7.3674645833334,5.65677112835692
7.36779791666673,5.66588571216562
7.36813125000007,5.66679717054649
7.3684645833334,5.66940133734897
7.36879791666673,5.66835967062798
7.36913125000007,5.67487008763419
7.3694645833334,5.68216175468115
7.36979791666674,5.68528675484413
7.37013125000007,5.68229196302127
7.3704645833334,5.68020862957928
7.37079791666674,5.68502633816388
7.37113125000007,5.68385446310276
7.3714645833334,5.68906279670773
7.37179791666674,5.68841175500711
7.37213125000007,5.6910159218096
7.3724645833334,5.67773467111692
7.37279791666674,5.67096383743046
7.37313125000007,5.664193003744
7.37346458333341,5.66744821224711
7.37379791666674,5.65937529515941
7.37413125000007,5.65807321175817
7.37446458333341,5.6561200866563
7.37479791666674,5.66171904528164
7.37513125000008,5.65585966997605
7.37546458333341,5.64765654454823
7.37579791666674,5.6351565438963
7.37613125000008,5.62239612656413
7.37646458333341,5.60950550089183
7.37679791666674,5.59778675028065
7.37713125000008,5.5894534165127
7.37746458333341,5.5808596660645
7.37779791666675,5.57343779067742
7.37813125000008,5.56679716533108
7.37846458333341,5.56328154014773
7.37879791666675,5.55585966476065
7.37913125000008,5.55299508127791
7.37946458333341,5.54609403925133
7.37979791666675,5.54257841406798
7.38013125000008,5.52864612167468
7.38046458333342,5.52148466296785
7.38079791666675,5.52057320458698
7.38113125000008,5.5222659130086
7.38146458333342,5.5217450796481
7.38179791666675,5.51380237090052
7.38213125000008,5.51432320426102
7.38246458333342,5.50546903713257
7.38279791666675,5.49817737008561
7.38313125000009,5.49335966150102
7.38346458333342,5.49127632805903
7.38379791666675,5.48867216125655
7.38413125000009,5.4792971607676
7.38446458333342,5.47955757744785
7.38479791666675,5.48072945250897
7.38513125000009,5.48593778611394
7.38546458333342,5.48645861947443
7.38579791666675,5.49205757809978
7.38613125000009,5.48919299461704
7.38646458333342,5.48632841113431
7.38679791666676,5.4803388274886
7.38713125000009,5.47682320230524
7.38746458333342,5.47617216060462
7.38779791666676,5.4760419522645
7.38813125000009,5.47877632740711
7.38846458333343,5.47005236861878
7.38879791666676,5.46562528505456
7.38913125000009,5.45859403468785
7.38946458333343,5.46354195161257
7.38979791666676,5.4631513265922
7.39013125000009,5.46796903517679
7.39046458333343,5.4669273684558
7.39079791666676,5.47148466036015
7.3911312500001,5.47369820214226
7.39146458333343,5.47942736910773
7.39179791666676,5.474479452183
7.3921312500001,5.46940132691816
7.39246458333343,5.46367215995269
7.39279791666676,5.46093778481009
7.3931312500001,5.45872424302797
7.39346458333343,5.46276070157182
7.39379791666677,5.46250028489158
7.3941312500001,5.46406278497307
7.39446458333343,5.4626304932317
7.39479791666677,5.46562528505456
7.3951312500001,5.4631513265922
7.39546458333343,5.46145861817058
7.39579791666677,5.45520861784462
7.3961312500001,5.45533882618474
7.39646458333344,5.45130236764089
7.39679791666677,5.44960965921928
7.3971312500001,5.45182320100139
7.39746458333344,5.45169299266127
7.39779791666677,5.45729195128661
7.3981312500001,5.45989611808909
7.39846458333344,5.46367215995269
7.39879791666677,5.46653674343543
7.3991312500001,5.46432320165332
7.39946458333344,5.46770861849655
7.39979791666677,5.46445340999344
7.40013125000011,5.46822945185704
7.40046458333344,5.47096382699965
7.40079791666677,5.4750002855435
7.40113125000011,5.47096382699965
7.40146458333344,5.4664065350953
7.40179791666677,5.46940132691816
7.40213125000011,5.46901070189779
7.40246458333344,5.4664065350953
7.40279791666678,5.46250028489158
7.40313125000011,5.46575549339468
7.40346458333344,5.46966174359841
7.40379791666678,5.47265653542127
7.40413125000011,5.47395861882251
7.40446458333344,5.4712242436799
7.40479791666678,5.47031278529903
7.40513125000011,5.47096382699965
7.40546458333345,5.47721382732561
7.40579791666678,5.4841148693522
7.40613125000011,5.48450549437257
7.40646458333345,5.48085966084909
7.40679791666678,5.47239611874102
7.40713125000011,5.47356799380214
7.40746458333345,5.48333361931145
7.40779791666678,5.49583361996338
7.40813125000012,5.50260445364984
7.40846458333345,5.50013049518748
7.40879791666678,5.50065132854797
7.40913125000012,5.49843778676586
7.40946458333345,5.49518257826276
7.40979791666678,5.49101591137878
7.41013125000012,5.49088570303866
7.41046458333345,5.49283882814052
7.41079791666679,5.4921877864399
7.41113125000012,5.4959638283035
7.41146458333345,5.49726591170474
7.41179791666679,5.49987007850723
7.41213125000012,5.49934924514673
7.41246458333345,5.50429716207145
7.41279791666679,5.50729195389431
7.41313125000012,5.51445341260114
7.41346458333346,5.5169273710635
7.41379791666679,5.51770862110425
7.41413125000012,5.51822945446475
7.41446458333346,5.5265627882327
7.41479791666679,5.53489612200065
7.41513125000012,5.53802112216363
7.41546458333346,5.5470054976322
7.41579791666679,5.56054716500512
7.41613125000013,5.57968779100338
7.41646458333346,5.58906279149232
7.41679791666679,5.60546904234798
7.41713125000013,5.61744820963941
7.41746458333346,5.63411487717531
7.41779791666679,5.64947946130997
7.41813125000013,5.67083362909034
7.41846458333346,5.69700550545531
7.4187979166668,5.7286461321055
7.41913125000013,5.76302113389829
7.41946458333346,5.79687530233059
7.4197979166668,5.8243492620968
7.42013125000013,5.85286488858401
7.42046458333346,5.88684926535643
7.4207979166668,5.93229197605979
7.42113125000013,5.97747427008289
7.42146458333347,6.02187531406526
7.4217979166668,6.05820344095992
7.42213125000013,6.10351594332315
7.42246458333347,6.1618492796988
7.4227979166668,6.21809928263247
7.42313125000013,6.275260743947
7.42346458333347,6.32187532971148
7.4237979166668,6.37708366592415
7.42413125000013,6.42473991840962
7.42446458333347,6.48203158806428
7.4247979166668,6.53867221601831
7.42513125000014,6.60208367765881
7.42546458333347,6.65677118051099
7.4257979166668,6.71263055842428
7.42613125000014,6.75872431082826
7.42646458333347,6.80520868825261
7.42679791666681,6.84257848186826
7.42713125000014,6.88541702576913
7.42746458333347,6.92083369428292
7.42779791666681,6.95716182117758
7.42813125000014,6.98372432256292
7.42846458333347,7.013151407431
7.42879791666681,7.04466182574106
7.42913125000014,7.07708370243199
7.42946458333348,7.09817745353212
7.42979791666681,7.11093787086429
7.43013125000014,7.12395870487671
7.43046458333348,7.13046912188293
7.43079791666681,7.12630245499895
7.43113125000014,7.10442745385808
7.43146458333348,7.08671911960118
7.43179791666681,7.06289099335845
7.43213125000015,7.04205765893858
7.43246458333348,7.01289099075075
7.43279791666681,6.98033890571969
7.43313125000015,6.9320316115336
7.43346458333348,6.87617223362031
7.43379791666681,6.81940139732615
7.43413125000015,6.77421910330304
7.43446458333348,6.72604201745708
7.43479791666682,6.67799513995124
7.43513125000015,6.62174513701757
7.43546458333348,6.57135450938949
7.43579791666682,6.51471388143546
7.43613125000015,6.46354200376663
7.43646458333348,6.40299512560887
7.43679791666682,6.35377637304191
7.43713125000015,6.3015628286521
7.43746458333348,6.25403678450675
7.43779791666682,6.20117219841632
7.43813125000015,6.15078157078824
7.43846458333349,6.10260448494228
7.43879791666682,6.05338573237532
7.43913125000015,6.00898468839296
7.43946458333349,5.96966176967544
7.43979791666682,5.93580760124314
7.44013125000016,5.90078155774973
7.44046458333349,5.87721384818724
7.44079791666682,5.85130238850252
7.44113125000016,5.82304717869556
7.44146458333349,5.78645863512065
7.44179791666682,5.76171905049705
7.44213125000016,5.74036488271668
7.44246458333349,5.72734404870425
7.44279791666683,5.7147138397122
7.44313125000016,5.70221383906028
7.44346458333349,5.68606800488487
7.44379791666683,5.66562529548537
7.44413125000016,5.65989612851991
7.44446458333349,5.65533883661556
7.44479791666683,5.64869821126922
7.44513125000016,5.63554716891667
7.4454645833335,5.62447946000611
7.44579791666683,5.61614612623816
7.44613125000016,5.60794300081034
7.4464645833335,5.59778675028065
7.44679791666683,5.59466175011767
7.44713125000016,5.58476591626823
7.4474645833335,5.58125029108487
7.44779791666683,5.57942737432313
7.44813125000016,5.58216174946574
7.4484645833335,5.57721383254102
7.44879791666683,5.57057320719469
7.44913125000017,5.57291695731692
7.4494645833335,5.57838570760214
7.44979791666683,5.57695341586077
7.45013125000017,5.57005237383419
7.4504645833335,5.56341174848785
7.45079791666683,5.56393258184835
7.45113125000017,5.56406279018847
7.4514645833335,5.56328154014773
7.45179791666684,5.56093779002549
7.45213125000017,5.5550784147199
7.4524645833335,5.55052112281555
7.45279791666684,5.54544299755071
7.45313125000017,5.54843778937357
7.4534645833335,5.54739612265257
7.45379791666684,5.54388049746922
7.45413125000017,5.54479195585009
7.45446458333351,5.54466174750996
7.45479791666684,5.54661487261183
7.45513125000017,5.54401070580934
7.45546458333351,5.54505237253034
7.45579791666684,5.5475263309927
7.45613125000017,5.54505237253034
7.45646458333351,5.54401070580934
7.45679791666684,5.5378909138235
7.45713125000018,5.54010445560562
7.45746458333351,5.5427086224081
7.45779791666684,5.55052112281555
7.45813125000018,5.54987008111493
7.45846458333351,5.54987008111493
7.45879791666684,5.54088570564636
7.45913125000018,5.53854195552412
7.45946458333351,5.53815133050375
7.45979791666685,5.53502633034077
7.46013125000018,5.52643257989257
7.46046458333351,5.51666695438326
7.46079791666685,5.52643257989257
7.46113125000018,5.5303388300963
7.46146458333351,5.53007841341605
7.46179791666685,5.52395862143021
7.46213125000018,5.51927112118574
7.46246458333351,5.51406278758077
7.46279791666685,5.51067737073754
7.46313125000018,5.51393257924065
7.46346458333352,5.5212242462876
7.46379791666685,5.52591174653207
7.46413125000018,5.52473987147096
7.46446458333352,5.52031278790673
7.46479791666685,5.51341174588015
7.46513125000019,5.51445341260114
7.46546458333352,5.51132841243816
7.46579791666685,5.51718778774375
7.46613125000019,5.5179690377845
7.46646458333352,5.51848987114499
7.46679791666685,5.51250028749928
7.46713125000019,5.51119820409804
7.46746458333352,5.51015653737704
7.46779791666686,5.50989612069679
7.46813125000019,5.5050784121122
7.46846458333352,5.50989612069679
7.46879791666686,5.51028674571717
7.46913125000019,5.51041695405729
7.46946458333352,5.50598987049307
7.46979791666686,5.50768257891468
7.47013125000019,5.50872424563568
7.47046458333353,5.50690132887394
7.47079791666686,5.50950549567642
7.47113125000019,5.51510445430176
7.47146458333353,5.51731799608388
7.47179791666686,5.51328153754003
7.47213125000019,5.51158882911841
7.47246458333353,5.51770862110425
7.47279791666686,5.51705757940363
7.4731312500002,5.5179690377845
7.47346458333353,5.51848987114499
7.47379791666686,5.51809924612462
7.4741312500002,5.51783882944437
7.47446458333353,5.51835966280487
7.47479791666686,5.52669299657282
7.4751312500002,5.52070341292711
7.47546458333353,5.51914091284562
7.47579791666686,5.51875028782524
7.4761312500002,5.53229195519816
7.47646458333353,5.53671903876239
7.47679791666687,5.54127633066673
7.4771312500002,5.53854195552412
7.47746458333353,5.53828153884388
7.47779791666687,5.54036487228586
7.4781312500002,5.55377633131866
7.47846458333354,5.56106799836562
7.47879791666687,5.56171904006624
7.4791312500002,5.55195341455692
7.47946458333354,5.55273466459767
7.47979791666687,5.55286487293779
7.4801312500002,5.56250029010698
7.48046458333354,5.56523466524959
7.48079791666687,5.56341174848785
7.48113125000021,5.56523466524959
7.48146458333354,5.56510445690947
7.48179791666687,5.57135445723543
7.48213125000021,5.57330758233729
7.48246458333354,5.58528674962872
7.48279791666687,5.5937502917368
7.48313125000021,5.59739612526028
7.48346458333354,5.59309925003618
7.48379791666688,5.59791695862077
7.48413125000021,5.60104195878375
7.48446458333354,5.6055992506881
7.48479791666688,5.60820341749059
7.48513125000021,5.61875029304065
7.48546458333334,5.622265918224
7.48579791666667,5.62161487652338
7.48613125,5.61705758461903
7.48646458333334,5.61809925134003
7.48679791666667,5.6184898763604
7.48713125,5.61875029304065
7.48746458333334,5.62838571020984
7.48779791666667,5.6308596686722
7.48813125,5.62799508518947
7.48846458333334,5.62135445984313
7.48879791666667,5.62369820996537
7.48913125000001,5.62604196008761
7.48946458333334,5.62643258510798
7.48979791666667,5.62343779328512
7.49013125000001,5.6227867515845
7.49046458333334,5.61835966802028
7.49079791666667,5.623307584945
7.49113125000001,5.6276044601691
7.49146458333334,5.62408883498574
7.49179791666668,5.61679716793879
7.49213125000001,5.61184925101406
7.49246458333334,5.61588570955792
7.49279791666668,5.61002633425233
7.49313125000001,5.60794300081034
7.49346458333334,5.60703154242947
7.49379791666668,5.60820341749059
7.49413125000001,5.60507841732761
7.49446458333335,5.60598987570847
7.49479791666668,5.61210966769431
7.49513125000001,5.60924508421158
7.49546458333335,5.60338570890599
7.49579791666668,5.59635445853928
7.49613125000001,5.5980471669609
7.49646458333335,5.60065133376338
7.49679791666668,5.60351591724611
7.49713125000002,5.60533883400785
7.49746458333335,5.60638050072885
7.49779791666668,5.6055992506881
7.49813125000002,5.60533883400785
7.49846458333335,5.60260445886525
7.49879791666668,5.60351591724611
7.49913125000002,5.60494820898748
7.49946458333335,5.61393258445605
7.49979791666669,5.61875029304065
7.50013125000002,5.62031279312214
7.50046458333335,5.61575550121779
7.50079791666669,5.61549508453754
7.50113125000002,5.62421904332587
7.50146458333335,5.62916696025059
7.50179791666669,5.63203154373332
7.50213125000002,5.6351565438963
7.50246458333336,5.64518258608587
7.50279791666669,5.64661487782723
7.50313125000002,5.65156279475195
7.50346458333336,5.65377633653407
7.50379791666669,5.66731800390699
7.50413125000002,5.67096383743046
7.50446458333336,5.68007842123916
7.50479791666669,5.68932321338798
7.50513125000003,5.69192738019046
7.50546458333336,5.68268258804164
7.50579791666669,5.67539092099469
7.50613125000003,5.67460967095394
7.50646458333336,5.67916696285829
7.50679791666669,5.6824221713614
7.50713125000003,5.68385446310276
7.50746458333336,5.69023467176885
7.5077979166667,5.68437529646326
7.50813125000003,5.68268258804164
7.50846458333336,5.67369821257307
7.5087979166667,5.67773467111692
7.50913125000003,5.67460967095394
7.50946458333336,5.67591175435518
7.5097979166667,5.67005237904959
7.51013125000003,5.6657555038255
7.51046458333337,5.6561200866563
7.5107979166667,5.65078154471121
7.51113125000003,5.64153675256239
7.51146458333337,5.64140654422226
7.5117979166667,5.63658883563767
7.51213125000003,5.63411487717531
7.51246458333337,5.62825550186972
7.5127979166667,5.62343779328512
7.51313125000003,5.61497425117705
7.51346458333337,5.60677112574922
7.5137979166667,5.60442737562698
7.51413125000004,5.60351591724611
7.51446458333337,5.59583362517878
7.5147979166667,5.58072945772437
7.51513125000004,5.57630237416015
7.51546458333337,5.57591174913978
7.5157979166667,5.57903674930276
7.51613125000004,5.57617216582003
7.51646458333337,5.57356799901754
7.51679791666671,5.56809924873232
7.51713125000004,5.56210966508661
7.51746458333337,5.55546903974027
7.51779791666671,5.5518232062168
7.51813125000004,5.54388049746922
7.51846458333338,5.53333362191916
7.51879791666671,5.5292971633753
7.51913125000004,5.53020862175617
7.51946458333338,5.53802112216363
7.51979791666671,5.53619820540189
7.52013125000004,5.53619820540189
7.52046458333338,5.52747424661357
7.52079791666671,5.52630237155245
7.52113125000005,5.52187528798822
7.52146458333338,5.52187528798822
7.52179791666671,5.51718778774375
7.52213125000005,5.5136721625604
7.52246458333338,5.5093752873363
7.52279791666671,5.5093752873363
7.52313125000005,5.51171903745853
7.52346458333338,5.51549507932214
7.52379791666672,5.5136721625604
7.52413125000005,5.51158882911841
7.52446458333338,5.51080757907767
7.52479791666672,5.50638049551344
7.52513125000005,5.51119820409804
7.52546458333338,5.51757841276412
7.52579791666672,5.52669299657282
7.52613125000005,5.52200549632835
7.52646458333338,5.51393257924065
7.52679791666672,5.51171903745853
7.52713125000005,5.51028674571717
7.52746458333339,5.50950549567642
7.52779791666672,5.50481799543195
7.52813125000005,5.50533882879245
7.52846458333339,5.50533882879245
7.52879791666672,5.51015653737704
7.52913125000005,5.5169273710635
7.52946458333339,5.52539091317158
7.52979791666672,5.53515653868089
7.53013125000006,5.53528674702102
7.53046458333339,5.53750028880313
7.53079791666672,5.53541695536114
7.53113125000006,5.53854195552412
7.53146458333339,5.54296903908835
7.53179791666673,5.55117216451618
7.53213125000006,5.55442737301928
7.53246458333339,5.55377633131866
7.53279791666673,5.55273466459767
7.53313125000006,5.5513023728563
7.53346458333339,5.55781278986251
7.53379791666673,5.56210966508661
7.53413125000006,5.5684898737527
7.5344645833334,5.5727867489768
7.53479791666673,5.58046904104413
7.53513125000006,5.59244820833555
7.5354645833334,5.5970055002399
7.53579791666673,5.59140654161456
7.53613125000006,5.59140654161456
7.5364645833334,5.59856800032139
7.53679791666673,5.61015654259245
7.53713125000007,5.61927112640115
7.5374645833334,5.62565133506723
7.53779791666673,5.6346357105358
7.53813125000007,5.64101591920189
7.5384645833334,5.65065133637108
7.53879791666673,5.66666696220636
7.53913125000007,5.67565133767494
7.5394645833334,5.6776044627768
7.53979791666673,5.67174508747121
7.54013125000007,5.67421904593357
7.5404645833334,5.67968779621879
7.54079791666674,5.68528675484413
7.54113125000007,5.69531279703369
7.5414645833334,5.7028648807609
7.54179791666674,5.71119821452885
7.54213125000007,5.71536488141282
7.5424645833334,5.72174509007891
7.54279791666674,5.72526071526227
7.54313125000007,5.72981800716661
7.54346458333341,5.73333363234997
7.54379791666674,5.74036488271668
7.54413125000007,5.7361982158327
7.54446458333341,5.73424509073084
7.54479791666674,5.73177113226848
7.54513125000007,5.73776071591419
7.54546458333341,5.74244821615867
7.54579791666674,5.74752634142351
7.54613125000008,5.7447919662809
7.54646458333341,5.73919300765556
7.54679791666674,5.73320342400984
7.54713125000008,5.7361982158327
7.54746458333341,5.7367190491932
7.54779791666674,5.73515654911171
7.54813125000008,5.72981800716661
7.54846458333341,5.72994821550674
7.54879791666675,5.72617217364314
7.54913125000008,5.7238284235209
7.54946458333341,5.72513050692214
7.54979791666675,5.72630238198326
7.55013125000008,5.72825550708512
7.55046458333341,5.72460967356165
7.55079791666675,5.72265654845978
7.55113125000008,5.71783883987519
7.55146458333341,5.71653675647394
7.55179791666675,5.72148467339866
7.55213125000008,5.73333363234997
7.55246458333342,5.74088571607717
7.55279791666675,5.75065134158649
7.55313125000008,5.75351592506922
7.55346458333342,5.76354196725879
7.55379791666675,5.77096384264587
7.55413125000008,5.78763051018177
7.55446458333342,5.80104196921457
7.55479791666675,5.81953155351221
7.55513125000009,5.83242217918451
7.55546458333342,5.85351593028463
7.55579791666675,5.87434926470451
7.55613125000009,5.90299509953184
7.55646458333342,5.91901072536712
7.55679791666676,5.9350263512024
7.55713125000009,5.9516930187383
7.55746458333342,5.97773468676314
7.55779791666676,6.00989614677383
7.55813125000009,6.04335969018575
7.55846458333342,6.07382844177482
7.55879791666676,6.1027346932824
7.55913125000009,6.12760448624613
7.55946458333343,6.15351594593085
7.55979791666676,6.16966178010625
7.56013125000009,6.19218782294774
7.56046458333343,6.21822949097259
7.56079791666676,6.24492220069806
7.56113125000009,6.27434928556613
7.56146458333343,6.30182324533234
7.56179791666676,6.33502637206402
7.5621312500001,6.35976595668763
7.56246458333343,6.38658887475322
7.56279791666676,6.40286491726874
7.5631312500001,6.42161491824663
7.56346458333343,6.43606804400042
7.56379791666676,6.45338575323695
7.5641312500001,6.4569013784203
7.56446458333343,6.46523471218825
7.56479791666676,6.47265658757533
7.5651312500001,6.47278679591545
7.56546458333343,6.47187533753459
7.56579791666677,6.46210971202527
7.5661312500001,6.45247429485607
7.56646458333343,6.43085971039545
7.56679791666677,6.423047209988
7.5671312500001,6.41380241783918
7.56746458333343,6.39609408358229
7.56779791666677,6.36575554033334
7.5681312500001,6.34218783077086
7.56846458333344,6.32565137157508
7.56879791666677,6.30520866217557
7.5691312500001,6.27838574410998
7.56946458333344,6.24843782588141
7.56979791666677,6.22421907461831
7.57013125000011,6.20169303177681
7.57046458333344,6.17630240545259
7.57079791666677,6.15208365418948
7.57113125000011,6.12760448624613
7.57146458333344,6.10247427660215
7.57179791666677,6.0694013582106
7.57213125000011,6.0403648983629
7.57246458333344,6.00716177163122
7.57279791666678,5.98216177032737
7.57313125000011,5.95143260205805
7.57346458333344,5.93033885095792
7.57379791666678,5.90078155774973
7.57413125000011,5.87656280648662
7.57446458333344,5.85208363854326
7.57479791666678,5.83085967910301
7.57513125000011,5.81158884476463
7.57546458333345,5.78919301026326
7.57579791666678,5.7738284261286
7.57613125000011,5.75872425867419
7.57646458333345,5.75182321664761
7.57679791666678,5.73906279931543
7.57713125000011,5.73033884052711
7.57746458333345,5.71692738149432
7.57779791666678,5.71067738116835
7.57813125000011,5.69570342205407
7.57846458333345,5.68476592148363
7.57879791666678,5.67578154601506
7.57913125000012,5.66875029564835
7.57946458333345,5.66315133702301
7.57979791666678,5.65416696155444
7.58013125000012,5.64713571118773
7.58046458333345,5.64492216940562
7.58079791666678,5.63593779393705
7.58113125000012,5.6308596686722
7.58146458333345,5.62122425150301
7.58179791666679,5.61862008470052
7.58213125000012,5.61914091806102
7.58246458333345,5.61927112640115
7.58279791666679,5.62200550154375
7.58313125000012,5.61653675125854
7.58346458333345,5.61458362615667
7.58379791666679,5.61223987603444
7.58413125000012,5.62161487652338
7.58446458333346,5.63164091871295
7.58479791666679,5.64114612754202
7.58513125000012,5.64231800260313
7.58546458333346,5.63984404414077
7.58579791666679,5.63450550219568
7.58613125000012,5.63554716891667
7.58646458333346,5.62916696025059
7.58679791666679,5.62552112672711
7.58713125000013,5.61992216810177
7.58746458333346,5.62669300178823
7.58779791666679,5.63242216875369
7.58813125000013,5.64036487750127
7.58846458333346,5.64114612754202
7.58879791666679,5.6399742524809
7.58913125000013,5.63984404414077
7.58946458333346,5.64726591952785
7.5897979166668,5.66119821192115
7.59013125000013,5.66562529548537
7.59046458333346,5.66757842058723
7.5907979166668,5.66171904528164
7.59113125000013,5.66237008698227
7.59146458333346,5.66341175370326
7.5917979166668,5.66927112900885
7.59213125000013,5.66835967062798
7.59246458333347,5.66223987864214
7.5927979166668,5.66276071200264
7.59313125000013,5.6695315456891
7.59346458333347,5.67421904593357
7.5937979166668,5.67070342075022
7.59413125000013,5.66601592050574
7.59446458333347,5.664193003744
7.5947979166668,5.66289092034276
7.59513125000014,5.66341175370326
7.59546458333347,5.66666696220636
7.5957979166668,5.66549508714525
7.59613125000014,5.66171904528164
7.59646458333347,5.65651071167668
7.5967979166668,5.65442737823469
7.59713125000014,5.65000029467046
7.59746458333347,5.6485680029291
7.59779791666681,5.64947946130997
7.59813125000014,5.65026071135071
7.59846458333347,5.64244821094326
7.59879791666681,5.63437529385556
7.59913125000014,5.63320341879444
7.59946458333347,5.63398466883518
7.59979791666681,5.63307321045431
7.60013125000014,5.63020862697158
7.60046458333348,5.62877633523021
7.60079791666681,5.62864612689009
7.60113125000014,5.622265918224
7.60146458333348,5.62044300146226
7.60179791666681,5.61575550121779
7.60213125000014,5.61523466785729
7.60246458333348,5.61276070939493
7.60279791666681,5.61328154275543
7.60313125000014,5.61002633425233
7.60346458333348,5.60872425085108
7.60379791666681,5.60781279247021
7.60413125000015,5.61132841765357
7.60446458333348,5.61171904267394
7.60479791666681,5.60846383417084
7.60513125000015,5.60585966736835
7.60546458333348,5.61067737595295
7.60579791666681,5.62252633490425
7.60613125000015,5.62382841830549
7.60646458333348,5.6147138344968
7.60679791666682,5.60963570923195
7.60713125000015,5.61276070939493
7.60746458333348,5.61445341781655
7.60779791666682,5.60820341749059
7.60813125000015,5.61328154275543
7.60846458333349,5.62421904332587
7.60879791666682,5.63710966899817
7.60913125000015,5.63906279410003
7.60946458333349,5.64075550252164
7.60979791666682,5.63841175239941
7.61013125000015,5.63958362746053
7.61046458333349,5.64218779426301
7.61079791666682,5.64544300276612
7.61113125000016,5.64440133604512
7.61146458333349,5.64661487782723
7.61179791666682,5.64778675288835
7.61213125000016,5.65364612819394
7.61246458333349,5.65338571151369
7.61279791666682,5.65403675321431
7.61313125000016,5.65677112835692
7.61346458333349,5.65651071167668
7.61379791666683,5.65846383677854
7.61413125000016,5.6566409200168
7.61446458333349,5.65885446179891
7.61479791666683,5.6561200866563
7.61513125000016,5.65546904495568
7.61546458333349,5.65351591985382
7.61579791666683,5.65533883661556
7.61613125000016,5.65937529515941
7.61646458333349,5.65807321175817
7.61679791666683,5.65807321175817
7.61713125000016,5.64921904462972
7.6174645833335,5.65442737823469
7.61779791666683,5.64895862794947
7.61813125000016,5.64609404446674
7.6184645833335,5.63854196073953
7.61879791666683,5.64440133604512
7.61913125000016,5.64726591952785
7.6194645833335,5.65000029467046
7.61979791666683,5.64205758592289
7.62013125000017,5.64166696090251
7.6204645833335,5.63776071069879
7.62079791666683,5.63489612721605
7.62113125000017,5.63072946033208
7.6214645833335,5.63125029369258
7.62179791666684,5.63164091871295
7.62213125000017,5.63697946065804
7.6224645833335,5.63750029401854
7.62279791666684,5.63984404414077
7.62313125000017,5.62968779361108
7.6234645833335,5.62187529320363
7.62379791666684,5.61614612623816
7.62413125000017,5.6136721677758
7.62446458333351,5.60833362583071
7.62479791666684,5.60911487587146
7.62513125000017,5.61210966769431
7.62546458333351,5.61328154275543
7.62579791666684,5.60703154242947
7.62613125000017,5.6098961259122
7.62646458333351,5.61015654259245
7.62679791666684,5.61315133441531
7.62713125000017,5.61158883433382
7.62746458333351,5.62005237644189
7.62779791666684,5.62643258510798
7.62813125000018,5.62447946000611
7.62846458333351,5.61770862631965
7.62879791666684,5.62005237644189
7.62913125000018,5.62552112672711
7.62946458333351,5.62643258510798
7.62979791666684,5.62213570988388
7.63013125000018,5.62239612656413
7.63046458333351,5.62473987668636
7.63079791666685,5.61718779295916
7.63113125000018,5.6066409174091
7.63146458333351,5.60820341749059
7.63179791666685,5.62122425150301
7.63213125000018,5.62773466850922
7.63246458333351,5.62604196008761
7.63279791666685,5.62382841830549
7.63313125000018,5.62630237676785
7.63346458333352,5.62005237644189
7.63379791666685,5.61835966802028
7.63413125000018,5.61510445951717
7.63446458333352,5.62031279312214
7.63479791666685,5.62408883498574
7.63513125000018,5.62395862664562
7.63546458333352,5.62812529352959
7.63579791666685,5.62473987668636
7.63613125000019,5.62487008502649
7.63646458333352,5.62031279312214
7.63679791666685,5.61966175142152
7.63713125000019,5.61640654291841
7.63746458333352,5.61692737627891
7.63779791666685,5.61328154275543
7.63813125000019,5.61770862631965
7.63846458333352,5.61575550121779
7.63879791666686,5.61953154308139
7.63913125000019,5.62526071004686
7.63946458333352,5.63476591887593
7.63979791666686,5.63450550219568
7.64013125000019,5.62903675191046
7.64046458333352,5.61940133474127
7.64079791666686,5.61822945968015
7.64113125000019,5.61888050138077
7.64146458333352,5.62734404348885
7.64179791666686,5.6313805020327
7.64213125000019,5.6346357105358
7.64246458333353,5.62578154340736
7.64279791666686,5.62473987668636
7.64313125000019,5.62578154340736
7.64346458333353,5.63216175207344
7.64379791666686,5.63125029369258
7.64413125000019,5.63151071037282
7.64446458333353,5.63072946033208
7.64479791666686,5.63151071037282
7.6451312500002,5.63424508551543
7.64546458333353,5.64114612754202
7.64579791666686,5.64114612754202
7.6461312500002,5.63697946065804
7.64646458333353,5.63411487717531
7.64679791666687,5.63776071069879
7.6471312500002,5.64270862762351
7.64746458333353,5.64726591952785
7.64779791666687,5.64596383612661
7.6481312500002,5.64179716924264
7.64846458333353,5.63697946065804
7.64879791666687,5.64596383612661
7.6491312500002,5.64882841960935
7.64946458333354,5.64687529450748
7.64979791666687,5.6394534191204
7.6501312500002,5.64270862762351
7.65046458333354,5.644271127705
7.65079791666687,5.64231800260313
7.6511312500002,5.63841175239941
7.65146458333354,5.64544300276612
7.65179791666687,5.64921904462972
7.65213125000021,5.64791696122848
7.65246458333354,5.64661487782723
7.65279791666687,5.6528648781532
7.65313125000021,5.65833362843841
7.65346458333354,5.65364612819394
7.65379791666687,5.65156279475195
7.65413125000021,5.64791696122848
7.65446458333354,5.64544300276612
7.65479791666687,5.64205758592289
7.65513125000021,5.6475263362081
7.65546458333354,5.65247425313282
7.65579791666688,5.65937529515941
7.65613125,5.66054717022053
7.65646458333334,5.66979196236935
7.65679791666667,5.67122425411071
7.65713125,5.67304717087245
7.65746458333334,5.67304717087245
7.65779791666667,5.67799508779717
7.65813125,5.6776044627768
7.65846458333334,5.67395862925332
7.65879791666667,5.67122425411071
7.65913125,5.67395862925332
7.65946458333334,5.67447946261382
7.65979791666667,5.67005237904959
7.66013125000001,5.67408883759345
7.66046458333334,5.67356800423295
7.66079791666667,5.67851592115767
7.66113125000001,5.67630237937556
7.66146458333334,5.6813805046404
7.66179791666668,5.67864612949779
7.66213125000001,5.67721383775643
7.66246458333334,5.67682321273605
7.66279791666668,5.68437529646326
7.66313125000001,5.6824221713614
7.66346458333334,5.67565133767494
7.66379791666668,5.67317737921258
7.66413125000001,5.68151071298053
7.66446458333335,5.68710967160587
7.66479791666668,5.6824221713614
7.66513125000001,5.67903675451817
7.66546458333335,5.67786487945705
7.66579791666668,5.68229196302127
7.66613125000001,5.67851592115767
7.66646458333335,5.68125029630028
7.66679791666668,5.68151071298053
7.66713125000002,5.68333362974227
7.66746458333335,5.67565133767494
7.66779791666668,5.67369821257307
7.66813125000002,5.67630237937556
7.66846458333335,5.68059925459966
7.66879791666668,5.68294300472189
7.66913125000002,5.68203154634102
7.66946458333335,5.68229196302127
7.66979791666669,5.67513050431444
7.67013125000002,5.66054717022053
7.67046458333335,5.65494821159518
7.67079791666669,5.65065133637108
7.67113125000002,5.65572946163593
7.67146458333335,5.65989612851991
7.67179791666669,5.66171904528164
7.67213125000002,5.65989612851991
7.67246458333335,5.65807321175817
7.67279791666669,5.66276071200264
7.67313125000002,5.66315133702301
7.67346458333336,5.66210967030202
7.67379791666669,5.6555992532958
7.67413125000002,5.65416696155444
7.67446458333336,5.65104196139146
7.67479791666669,5.65000029467046
7.67513125000002,5.6485680029291
7.67546458333336,5.64908883628959
7.67579791666669,5.65598987831618
7.67613125000003,5.6604169618804
7.67646458333336,5.66289092034276
7.67679791666669,5.66210967030202
7.67713125000003,5.6657555038255
7.67746458333336,5.67018258738972
7.67779791666669,5.66679717054649
7.67813125000003,5.66445342042425
7.67846458333336,5.66223987864214
7.6787979166667,5.66679717054649
7.67913125000003,5.66835967062798
7.67946458333336,5.67682321273605
7.6797979166667,5.68671904658549
7.68013125000003,5.69492217201332
7.68046458333336,5.70000029727817
7.6807979166667,5.70403675582202
7.68113125000003,5.71562529809307
7.68146458333337,5.72539092360239
7.6817979166667,5.74492217462102
7.68213125000003,5.77083363430575
7.68246458333337,5.79375030216761
7.6827979166667,5.81497426160786
7.68313125000003,5.83177113748388
7.68346458333337,5.86015655563097
7.6837979166667,5.89088572390028
7.68413125000004,5.93593780958327
7.68446458333337,5.98281281202799
7.6847979166667,6.03255239795544
7.68513125000004,6.07643260857731
7.68546458333337,6.13007844470849
7.6857979166667,6.18645865598228
7.68613125000004,6.25533886790799
7.68646458333337,6.32460970485408
7.68679791666671,6.4058597090916
7.68713125000004,6.49596388045757
7.68746458333337,6.59518263563223
7.68779791666671,6.69010451558279
7.68813125000004,6.79570347942354
7.68846458333337,6.90768265193037
7.68879791666671,7.0335941168305
7.68913125000004,7.14895870618057
7.68946458333338,7.27708371286281
7.68979791666671,7.41237017825188
7.69013125000004,7.57031289482256
7.69046458333338,7.73059936151549
7.69079791666671,7.89557332845288
7.69113125000004,8.05677125352668
7.69146458333338,8.22226605382457
7.69179791666671,8.40039106311451
7.69213125000005,8.5884119062539
7.69246458333338,8.7776046244544
7.69279791666671,8.96315150913142
7.69313125000005,9.14635464368621
7.69346458333338,9.31627652754833
7.69379791666671,9.48697966145119
7.69413125000005,9.66132862887753
7.69446458333338,9.84257863833045
7.69479791666672,10.0096359387098
7.69513125000005,10.1619796966552
7.69546458333338,10.2895838699769
7.69579791666672,10.3970057505794
7.69613125000005,10.4736984629126
7.69646458333338,10.535938049492
7.69679791666672,10.5898443023034
7.69713125000005,10.6537765973044
7.69746458333338,10.7242193093116
7.69779791666672,10.7800786872249
7.69813125000005,10.820052647643
7.69846458333339,10.8394536903215
7.69879791666672,10.8337245233561
7.69913125000005,10.7920578545163
7.69946458333339,10.7364588932833
7.69979791666672,10.6735682650033
7.70013125000006,10.6053390947782
7.70046458333339,10.5196620069764
7.70079791666672,10.4313807523722
7.70113125000006,10.3279953303136
7.70146458333339,10.2104171991814
7.70179791666672,10.0829432341998
7.70213125000006,9.94700572711008
7.70246458333339,9.80494842803455
7.70279791666673,9.65247446174908
7.70313125000006,9.49895882874262
7.70346458333339,9.34791715419851
7.70379791666673,9.19427131285192
7.70413125000006,9.02421922064968
7.70446458333339,8.8528650450462
7.70479791666673,8.67747441089887
7.70513125000006,8.52513065295352
7.7054645833334,8.36458376958035
7.70579791666673,8.22161501212395
7.70613125000006,8.07395875442308
7.7064645833334,7.94270874757785
7.70679791666673,7.81432332421537
7.70713125000006,7.6957035263622
7.7074645833334,7.58320352049486
7.70779791666673,7.476432681593
7.70813125000007,7.37994830156095
7.7084645833334,7.28710975505237
7.70879791666673,7.19544308360491
7.70913125000007,7.1098962041433
7.7094645833334,7.03476599189162
7.70979791666673,6.97083369689062
7.71013125000007,6.91184931881435
7.7104645833334,6.85612014924118
7.71079791666673,6.80898473011621
7.71113125000007,6.76588576953509
7.7114645833334,6.72851597591944
7.71179791666674,6.69505243250751
7.71213125000007,6.67669305654999
7.7124645833334,6.66888055614254
7.71279791666674,6.6622399307962
7.71313125000007,6.6541670137085
7.71346458333341,6.63776076285285
7.71379791666674,6.62044305361633
7.71413125000007,6.61054721976689
7.71446458333341,6.60989617806627
7.71479791666674,6.61471388665086
7.71513125000007,6.60677117790328
7.71546458333341,6.59843784413533
7.71579791666674,6.5875003435649
7.71613125000008,6.57447950955248
7.71646458333341,6.5627607589413
7.71679791666674,6.55000034160912
7.71713125000008,6.54270867456216
7.71746458333341,6.53059929893061
7.71779791666674,6.52252638184291
7.71813125000008,6.51471388143546
7.71846458333341,6.49921908896067
7.71879791666674,6.48619825494825
7.71913125000008,6.46679721226974
7.71946458333341,6.45625033671968
7.71979791666675,6.43020866869483
7.72013125000008,6.40989616763545
7.72046458333341,6.37721387426427
7.72079791666675,6.35169303959992
7.72113125000008,6.32018262128986
7.72146458333341,6.29544303666626
7.72179791666675,6.26510449341731
7.72213125000008,6.23658886693011
7.72246458333342,6.20494824027992
7.72279791666675,6.17018261346675
7.72313125000008,6.13502636163321
7.72346458333342,6.0994794847793
7.72379791666675,6.07513052517607
7.72413125000008,6.04908885715122
7.72446458333342,6.02578156426898
7.72479791666675,6.00208364636637
7.72513125000009,5.98098989526625
7.72546458333342,5.95716176902351
7.72579791666675,5.93359405946103
7.72613125000009,5.91002634989854
7.72646458333342,5.8963544741855
7.72679791666675,5.88177114009159
7.72713125000009,5.86614613927668
7.72746458333342,5.84570342987718
7.72779791666676,5.83098988744314
7.72813125000009,5.81653676168935
7.72846458333342,5.81080759472388
7.72879791666676,5.79440134386823
7.72913125000009,5.78320342661755
7.72946458333342,5.76822946750326
7.72979791666676,5.76002634207544
7.73013125000009,5.75117217494699
7.73046458333343,5.74388050790003
7.73079791666676,5.73333363234997
7.73113125000009,5.72669300700363
7.73146458333343,5.71067738116835
7.73179791666676,5.6980471721763
7.73213125000009,5.68346383808239
7.73246458333343,5.6813805046404
7.73279791666676,5.67734404609655
7.7331312500001,5.6733075875527
7.73346458333343,5.66002633686003
7.73379791666676,5.65143258641183
7.7341312500001,5.64388050268462
7.73446458333343,5.64114612754202
7.73479791666676,5.63177112705307
7.7351312500001,5.62799508518947
7.73546458333343,5.62317737660487
7.73579791666676,5.6179690429999
7.7361312500001,5.6055992506881
7.73646458333343,5.59973987538251
7.73679791666677,5.59882841700164
7.7371312500001,5.59960966704239
7.73746458333343,5.59869820866152
7.73779791666677,5.59583362517878
7.7381312500001,5.58476591626823
7.73846458333344,5.57213570727618
7.73879791666677,5.5679690403922
7.7391312500001,5.5647138318891
7.73946458333344,5.5631513318076
7.73979791666677,5.55572945642052
7.7401312500001,5.55598987310077
7.74046458333344,5.55013049779518
7.74079791666677,5.54609403925133
7.74113125000011,5.54205758070748
7.74146458333344,5.54388049746922
7.74179791666677,5.54153674734698
7.74213125000011,5.53737008046301
7.74246458333344,5.53190133017779
7.74279791666677,5.52695341325307
7.74313125000011,5.52187528798822
7.74346458333344,5.52526070483145
7.74379791666678,5.53476591366052
7.74413125000011,5.53723987212288
7.74446458333344,5.52812528831419
7.74479791666678,5.51862007948512
7.74513125000011,5.52421903811046
7.74546458333344,5.5260419548722
7.74579791666678,5.52617216321232
7.74613125000011,5.52304716304934
7.74646458333345,5.52630237155245
7.74679791666678,5.52864612167468
7.74713125000011,5.52942737171543
7.74746458333345,5.52812528831419
7.74779791666678,5.52408882977034
7.74813125000011,5.52408882977034
7.74846458333345,5.52317737138947
7.74879791666678,5.52799507997406
7.74913125000011,5.53020862175617
7.74946458333345,5.52877633001481
7.74979791666678,5.52955758005555
7.75013125000012,5.52695341325307
7.75046458333345,5.5341148719599
7.75079791666678,5.52942737171543
7.75113125000012,5.52760445495369
7.75146458333345,5.5265627882327
7.75179791666679,5.53398466361978
7.75213125000012,5.53515653868089
7.75246458333345,5.53528674702102
7.75279791666679,5.52994820507593
7.75313125000012,5.53216174685804
7.75346458333345,5.53658883042226
7.75379791666679,5.53723987212288
7.75413125000012,5.53450549698027
7.75446458333346,5.53216174685804
7.75479791666679,5.53346383025928
7.75513125000012,5.53919299722475
7.75546458333346,5.54856799771369
7.75579791666679,5.55351591463841
7.75613125000012,5.55286487293779
7.75646458333346,5.54348987244885
7.75679791666679,5.54570341423096
7.75713125000013,5.54192737236736
7.75746458333346,5.54362008078897
7.75779791666679,5.54179716402723
7.75813125000013,5.54127633066673
7.75846458333346,5.53750028880313
7.75879791666679,5.54570341423096
7.75913125000013,5.55572945642052
7.75946458333346,5.56067737334524
7.7597979166668,5.55156278953655
7.76013125000013,5.54908883107419
7.76046458333346,5.54440133082971
7.7607979166668,5.54362008078897
7.76113125000013,5.5346357053204
7.76146458333346,5.53007841341605
7.7617979166668,5.52526070483145
7.76213125000013,5.52669299657282
7.76246458333346,5.52187528798822
7.7627979166668,5.51757841276412
7.76313125000013,5.51679716272338
7.76346458333347,5.51601591268263
7.7637979166668,5.51575549600238
7.76413125000013,5.51523466264189
7.76446458333347,5.51705757940363
7.7647979166668,5.51041695405729
7.76513125000013,5.5002607035276
7.76546458333347,5.50039091186773
7.7657979166668,5.51080757907767
7.76613125000014,5.5088544539758
7.76646458333347,5.49960966182698
7.7667979166668,5.48476591105282
7.76713125000014,5.48489611939294
7.76746458333347,5.49153674473928
7.7677979166668,5.50520862045232
7.76813125000014,5.50911487065605
7.76846458333347,5.50416695373133
7.76879791666681,5.48645861947443
7.76913125000014,5.48072945250897
7.76946458333347,5.47539091056387
7.76979791666681,5.48385445267195
7.77013125000014,5.48710966117505
7.77046458333347,5.49114611971891
7.77079791666681,5.49322945316089
7.77113125000014,5.49375028652139
7.77146458333348,5.49375028652139
7.77179791666681,5.48619820279419
7.77213125000014,5.48125028586946
7.77246458333348,5.48502632773307
7.77279791666681,5.48815132789605
7.77313125000014,5.48906278627692
7.77346458333348,5.48684924449481
7.77379791666681,5.49375028652139
7.77413125000015,5.49908882846648
7.77446458333348,5.50013049518748
7.77479791666681,5.496484661664
7.77513125000015,5.49362007818127
7.77546458333348,5.48763049453555
7.77579791666681,5.48007841080835
7.77613125000015,5.48320341097133
7.77646458333348,5.49036486967816
7.77679791666682,5.49466174490226
7.77713125000015,5.48828153623617
7.77746458333348,5.48971382797754
7.77779791666682,5.49075549469853
7.77813125000015,5.49375028652139
7.77846458333348,5.49335966150102
7.77879791666682,5.49908882846648
7.77913125000015,5.50117216190847
7.77946458333349,5.50481799543195
7.77979791666682,5.50794299559493
7.78013125000015,5.51536487098201
7.78046458333349,5.51614612102276
7.78079791666682,5.51731799608388
7.78113125000015,5.51237007915915
7.78146458333349,5.51184924579866
7.78179791666682,5.51041695405729
7.78213125000016,5.51575549600238
7.78246458333349,5.5212242462876
7.78279791666682,5.52382841309009
7.78313125000016,5.51953153786599
7.78346458333349,5.51588570434251
7.78379791666682,5.50963570401655
7.78413125000016,5.51536487098201
7.78446458333349,5.51875028782524
7.78479791666683,5.52187528798822
7.78513125000016,5.51835966280487
7.78546458333349,5.51445341260114
7.78579791666683,5.51432320426102
7.78613125000016,5.51497424596164
7.78646458333349,5.51471382928139
7.78679791666683,5.51354195422027
7.78713125000016,5.51041695405729
7.78746458333349,5.50989612069679
7.78779791666683,5.51171903745853
7.78813125000016,5.51679716272338
7.7884645833335,5.52005237122648
7.78879791666683,5.51536487098201
7.78913125000016,5.50911487065605
7.7894645833335,5.50260445364984
7.78979791666683,5.50572945381282
7.79013125000017,5.51302112085978
7.7904645833335,5.51966174620611
7.79079791666683,5.52343778806971
7.79113125000017,5.51848987114499
7.7914645833335,5.51835966280487
7.79179791666683,5.51666695438326
7.79213125000017,5.52382841309009
7.7924645833335,5.52265653802897
7.79279791666684,5.51523466264189
7.79313125000017,5.50703153721406
7.7934645833335,5.51223987081903
7.79379791666684,5.51862007948512
7.79413125000017,5.51406278758077
7.7944645833335,5.50976591235667
7.79479791666684,5.51601591268263
7.79513125000017,5.52747424661357
7.79546458333351,5.5260419548722
7.79579791666684,5.51979195454624
7.79613125000017,5.52005237122648
7.79646458333351,5.5179690377845
7.79679791666684,5.51783882944437
7.79713125000017,5.5131513291999
7.79746458333351,5.51822945446475
7.79779791666684,5.51992216288636
7.79813125000018,5.52070341292711
7.79846458333351,5.52864612167468
7.79879791666684,5.53346383025928
7.79913125000018,5.53281278855866
7.79946458333351,5.52825549665431
7.79979791666684,5.53203153851791
7.80013125000018,5.54244820572785
7.80046458333351,5.54088570564636
7.80079791666684,5.53776070548338
7.80113125000018,5.53398466361978
7.80146458333351,5.53619820540189
7.80179791666685,5.53606799706177
7.80213125000018,5.54205758070748
7.80246458333351,5.54557320589083
7.80279791666685,5.54557320589083
7.80313125000018,5.53880237220437
7.80346458333352,5.54049508062599
7.80379791666685,5.54544299755071
7.80413125000018,5.54674508095195
7.80446458333352,5.53776070548338
7.80479791666685,5.53229195519816
7.80513125000018,5.53658883042226
7.80546458333352,5.54010445560562
7.80579791666685,5.54414091414947
7.80613125000019,5.54479195585009
7.80646458333352,5.5464846642717
7.80679791666685,5.54192737236736
7.80713125000019,5.53958362224512
7.80746458333352,5.53971383058524
7.80779791666685,5.54153674734698
7.80813125000019,5.54127633066673
7.80846458333352,5.54088570564636
7.80879791666685,5.538411747184
7.80913125000019,5.5303388300963
7.80946458333352,5.52669299657282
7.80979791666686,5.52565132985183
7.81013125000019,5.52812528831419
7.81046458333352,5.52343778806971
7.81079791666686,5.52070341292711
7.81113125000019,5.52343778806971
7.81146458333352,5.51809924612462
7.81179791666686,5.51458362094127
7.81213125000019,5.51106799575791
7.81246458333353,5.51888049616537
7.81279791666686,5.5179690377845
7.81313125000019,5.51354195422027
7.81346458333353,5.51093778741779
7.81379791666686,5.51875028782524
7.81413125000019,5.52252632968885
7.81446458333353,5.52369820474996
7.81479791666686,5.51979195454624
7.8151312500002,5.517448204424
7.81546458333353,5.51328153754003
7.81579791666686,5.51223987081903
7.8161312500002,5.51484403762152
7.81646458333353,5.51757841276412
7.81679791666686,5.5179690377845
7.8171312500002,5.5136721625604
7.81746458333353,5.50716174555419
7.81779791666687,5.50273466198996
7.8181312500002,5.50039091186773
7.81846458333353,5.50208362028934
7.81879791666687,5.50963570401655
7.8191312500002,5.51184924579866
7.81946458333353,5.50794299559493
7.81979791666687,5.50013049518748
7.8201312500002,5.50533882879245
7.82046458333354,5.51158882911841
7.82079791666687,5.51119820409804
7.8211312500002,5.5093752873363
7.82146458333354,5.51002632903692
7.82179791666687,5.51406278758077
7.8221312500002,5.51523466264189
7.82246458333354,5.5179690377845
7.82279791666687,5.51953153786599
7.82313125000021,5.51979195454624
7.82346458333354,5.5222659130086
7.82379791666687,5.53177112183766
7.82413125000021,5.53776070548338
7.82446458333354,5.54114612232661
7.82479791666687,5.53567737204139
7.82513125000021,5.53723987212288
7.82546458333354,5.53880237220437
7.82579791666687,5.53763049714325
7.82613125000021,5.53684924710251
7.82646458333354,5.53958362224512
7.82679791666667,5.55520862306003
7.82713125,5.56393258184835
7.82746458333334,5.5684898737527
7.82779791666667,5.56692737367121
7.82813125,5.56875029043295
7.82846458333334,5.56731799869158
7.82879791666667,5.56523466524959
7.82913125000001,5.56627633197058
7.82946458333334,5.57395862403792
7.82979791666667,5.57447945739841
7.83013125000001,5.57591174913978
7.83046458333334,5.57317737399717
7.83079791666667,5.57942737432313
7.83113125000001,5.57838570760214
7.83146458333334,5.58307320784661
7.83179791666667,5.59010445821332
7.83213125000001,5.59453154177754
7.83246458333334,5.60065133376338
7.83279791666668,5.59791695862077
7.83313125000001,5.59739612526028
7.83346458333334,5.59192737497506
7.83379791666668,5.59023466655344
7.83413125000001,5.59075549991394
7.83446458333335,5.59557320849854
7.83479791666668,5.59570341683866
7.83513125000001,5.58984404153307
7.83546458333335,5.58632841634972
7.83579791666668,5.59127633327444
7.83613125000001,5.59362008339667
7.83646458333335,5.58580758298922
7.83679791666668,5.57981799934351
7.83713125000002,5.58072945772437
7.83746458333335,5.58710966639046
7.83779791666668,5.57890654096263
7.83813125000002,5.57031279051444
7.83846458333335,5.55546903974027
7.83879791666668,5.54895862273406
7.83913125000002,5.5502607061353
7.83946458333335,5.56276070678723
7.83979791666669,5.56627633197058
7.84013125000002,5.56263049844711
7.84046458333335,5.55351591463841
7.84079791666669,5.55950549828413
7.84113125000002,5.55898466492363
7.84146458333335,5.55494820637978
7.84179791666669,5.54908883107419
7.84213125000002,5.55598987310077
7.84246458333335,5.55598987310077
7.84279791666669,5.55000028945506
7.84313125000002,5.54244820572785
7.84346458333336,5.54205758070748
7.84379791666669,5.54479195585009
7.84413125000002,5.54036487228586
7.84446458333336,5.54244820572785
7.84479791666669,5.5427086224081
7.84513125000002,5.54817737269332
7.84546458333336,5.54414091414947
7.84579791666669,5.54440133082971
7.84613125000003,5.54362008078897
7.84646458333336,5.55299508127791
7.84679791666669,5.5502607061353
7.84713125000003,5.55013049779518
7.84746458333336,5.55052112281555
7.84779791666669,5.55872424824338
7.84813125000003,5.56276070678723
7.84846458333336,5.56822945707245
7.8487979166667,5.57408883237804
7.84913125000003,5.58020862436388
7.84946458333336,5.57968779100338
7.8497979166667,5.58307320784661
7.85013125000003,5.58541695796885
7.85046458333336,5.59049508323369
7.8507979166667,5.5889325831522
7.85113125000003,5.59778675028065
7.85146458333337,5.60481800064736
7.8517979166667,5.61354195943568
7.85213125000003,5.61549508453754
7.85246458333337,5.623307584945
7.8527979166667,5.62825550186972
7.85313125000003,5.63072946033208
7.85346458333337,5.62929716859071
7.8537979166667,5.63450550219568
7.85413125000004,5.64101591920189
7.85446458333337,5.64895862794947
7.8547979166667,5.65013050301059
7.85513125000004,5.65065133637108
7.85546458333337,5.6485680029291
7.8557979166667,5.64934925296984
7.85613125000004,5.64726591952785
7.85646458333337,5.65273466981307
7.8567979166667,5.6566409200168
7.85713125000004,5.65898467013903
7.85746458333337,5.65260446147295
7.85779791666671,5.65520862827543
7.85813125000004,5.65390654487419
7.85846458333337,5.65325550317357
7.85879791666671,5.6399742524809
7.85913125000004,5.64036487750127
7.85946458333338,5.63971383580065
7.85979791666671,5.64466175272537
7.86013125000004,5.64973987799021
7.86046458333338,5.64973987799021
7.86079791666671,5.65117216973158
7.86113125000004,5.63789091903891
7.86146458333338,5.63007841863146
7.86179791666671,5.62070341814251
7.86213125000005,5.62109404316288
7.86246458333338,5.61679716793879
7.86279791666671,5.61328154275543
7.86313125000005,5.602344042185
7.86346458333338,5.59778675028065
7.86379791666671,5.59296904169605
7.86413125000005,5.59635445853928
7.86446458333338,5.59140654161456
7.86479791666672,5.58541695796885
7.86513125000005,5.57369820735767
7.86546458333338,5.57161487391568
7.86579791666672,5.57031279051444
7.86613125000005,5.57005237383419
7.86646458333338,5.55898466492363
7.86679791666672,5.55677112314152
7.86713125000005,5.55390653965878
7.86746458333339,5.55572945642052
7.86779791666672,5.54791695601307
7.86813125000005,5.54817737269332
7.86846458333339,5.54492216419021
7.86879791666672,5.54062528896611
7.86913125000005,5.53294299689878
7.86946458333339,5.53593778872164
7.86979791666672,5.5389325805445
7.87013125000005,5.53984403892537
7.87046458333339,5.53125028847717
7.87079791666672,5.52356799640984
7.87113125000006,5.51888049616537
7.87146458333339,5.5222659130086
7.87179791666672,5.52265653802897
7.87213125000006,5.51940132952586
7.87246458333339,5.50924507899617
7.87279791666673,5.5083336206153
7.87313125000006,5.51093778741779
7.87346458333339,5.52057320458698
7.87379791666673,5.52304716304934
7.87413125000006,5.52057320458698
7.87446458333339,5.51783882944437
7.87479791666673,5.51145862077829
7.87513125000006,5.50664091219369
7.8754645833334,5.5040367453912
7.87579791666673,5.49973987016711
7.87613125000006,5.50377632871096
7.8764645833334,5.50520862045232
7.87679791666673,5.51432320426102
7.87713125000006,5.51432320426102
7.8774645833334,5.51132841243816
7.87779791666673,5.50976591235667
7.87813125000007,5.51614612102276
7.8784645833334,5.51979195454624
7.87879791666673,5.52005237122648
7.87913125000007,5.51393257924065
7.8794645833334,5.5136721625604
7.87979791666673,5.50690132887394
7.88013125000007,5.50976591235667
7.8804645833334,5.51210966247891
7.88079791666674,5.52005237122648
7.88113125000007,5.52213570466847
7.8814645833334,5.52630237155245
7.88179791666674,5.5389325805445
7.88213125000007,5.54075549730624
7.8824645833334,5.53502633034077
7.88279791666674,5.52734403827344
7.88313125000007,5.52955758005555
7.8834645833334,5.5378909138235
7.88379791666674,5.54101591398648
7.88413125000007,5.5432294557686
7.88446458333341,5.54622424759145
7.88479791666674,5.54401070580934
7.88513125000007,5.54375028912909
7.88546458333341,5.54062528896611
7.88579791666674,5.54348987244885
7.88613125000007,5.54674508095195
7.88646458333341,5.5513023728563
7.88679791666674,5.56210966508661
7.88713125000008,5.56614612363046
7.88746458333341,5.56718779035145
7.88779791666674,5.55976591496437
7.88813125000008,5.56015653998475
7.88846458333341,5.55911487326375
7.88879791666674,5.56289091512736
7.88913125000008,5.55950549828413
7.88946458333341,5.55963570662425
7.88979791666675,5.55833362322301
7.89013125000008,5.5598961233045
7.89046458333341,5.55585966476065
7.89079791666675,5.55572945642052
7.89113125000008,5.55742216484214
7.89146458333341,5.55664091480139
7.89179791666675,5.5507815394958
7.89213125000008,5.55247424791742
7.89246458333342,5.55872424824338
7.89279791666675,5.56197945674649
7.89313125000008,5.55794299820263
7.89346458333342,5.56158883172611
7.89379791666675,5.56822945707245
7.89413125000008,5.56835966541257
7.89446458333342,5.56783883205208
7.89479791666675,5.56614612363046
7.89513125000009,5.56601591529034
7.89546458333342,5.5647138318891
7.89579791666675,5.56250029010698
7.89613125000009,5.55911487326375
7.89646458333342,5.55325549795816
7.89679791666675,5.55104195617605
7.89713125000009,5.55638049812114
7.89746458333342,5.56289091512736
7.89779791666676,5.56497424856934
7.89813125000009,5.55781278986251
7.89846458333342,5.55104195617605
7.89879791666676,5.54817737269332
7.89913125000009,5.55156278953655
7.89946458333342,5.55403674799891
7.89979791666676,5.55950549828413
7.90013125000009,5.55494820637978
7.90046458333343,5.54674508095195
7.90079791666676,5.54075549730624
7.90113125000009,5.54817737269332
7.90146458333343,5.55429716467916
7.90179791666676,5.55351591463841
7.90213125000009,5.54895862273406
7.90246458333343,5.55169299787667
7.90279791666676,5.55677112314152
7.9031312500001,5.55351591463841
7.90346458333343,5.54765653933282
7.90379791666676,5.54140653900686
7.9041312500001,5.54166695568711
7.90446458333343,5.53750028880313
7.90479791666676,5.53541695536114
7.9051312500001,5.54309924742847
7.90546458333343,5.55377633131866
7.90579791666677,5.55651070646127
7.9061312500001,5.55481799803965
7.90646458333343,5.54453153916984
7.90679791666677,5.53867216386425
7.9071312500001,5.53307320523891
7.90746458333343,5.53984403892537
7.90779791666677,5.54765653933282
7.9081312500001,5.54895862273406
7.90846458333343,5.54557320589083
7.90879791666677,5.54440133082971
7.9091312500001,5.54531278921059
7.90946458333344,5.54791695601307
7.90979791666677,5.54765653933282
7.9101312500001,5.54427112248959
7.91046458333344,5.54531278921059
7.91079791666677,5.53984403892537
7.91113125000011,5.53723987212288
7.91146458333344,5.53424508030003
7.91179791666677,5.53763049714325
7.91213125000011,5.538411747184
7.91246458333344,5.53697945544263
7.91279791666677,5.53346383025928
7.91313125000011,5.53203153851791
7.91346458333344,5.53190133017779
7.91379791666678,5.53203153851791
7.91413125000011,5.52877633001481
7.91446458333344,5.52421903811046
7.91479791666678,5.5265627882327
7.91513125000011,5.53815133050375
7.91546458333344,5.5432294557686
7.91579791666678,5.54153674734698
7.91613125000011,5.53802112216363
7.91646458333345,5.53763049714325
7.91679791666678,5.54244820572785
7.91713125000011,5.54010445560562
7.91746458333345,5.54010445560562
7.91779791666678,5.54101591398648
7.91813125000011,5.53828153884388
7.91846458333345,5.53398466361978
7.91879791666678,5.5308596634568
7.91913125000012,5.53593778872164
7.91946458333345,5.54114612232661
7.91979791666678,5.53580758038152
7.92013125000012,5.53424508030003
7.92046458333345,5.53437528864015
7.92079791666678,5.53723987212288
7.92113125000012,5.53737008046301
7.92146458333345,5.53763049714325
7.92179791666678,5.54388049746922
7.92213125000012,5.54570341423096
7.92246458333345,5.54791695601307
7.92279791666679,5.54505237253034
7.92313125000012,5.54440133082971
7.92346458333345,5.54244820572785
7.92379791666679,5.53971383058524
7.92413125000012,5.54075549730624
7.92446458333346,5.54414091414947
7.92479791666679,5.54843778937357
7.92513125000012,5.54765653933282
7.92546458333346,5.54869820605381
7.92579791666679,5.54778674767295
7.92613125000012,5.5518232062168
7.92646458333346,5.54921903941431
7.92679791666679,5.55546903974027
7.92713125000013,5.55742216484214
7.92746458333346,5.5598961233045
7.92779791666679,5.55716174816189
7.92813125000013,5.56054716500512
7.92846458333346,5.57200549893605
7.92879791666679,5.57447945739841
7.92913125000013,5.56718779035145
7.92946458333346,5.56002633164462
7.9297979166668,5.56028674832487
7.93013125000013,5.56718779035145
7.93046458333346,5.57265654063667
7.9307979166668,5.57760445756139
7.93113125000013,5.58867216647195
7.93146458333346,5.59088570825406
7.9317979166668,5.59596383351891
7.93213125000013,5.58815133311146
7.93246458333346,5.5889325831522
7.9327979166668,5.58424508290773
7.93313125000013,5.58372424954723
7.93346458333347,5.57812529092189
7.9337979166668,5.58346383286698
7.93413125000013,5.58697945805034
7.93446458333347,5.59427112509729
7.9347979166668,5.5980471669609
7.93513125000013,5.60377633392636
7.93546458333347,5.60390654226649
7.9357979166668,5.60273466720537
7.93613125000014,5.60026070874301
7.93646458333347,5.59921904202202
7.9367979166668,5.59296904169605
7.93713125000014,5.5970055002399
7.93746458333347,5.59739612526028
7.9377979166668,5.59479195845779
7.93813125000014,5.58437529124785
7.93846458333347,5.58385445788736
7.93879791666681,5.58984404153307
7.93913125000014,5.59856800032139
7.93946458333347,5.59791695862077
7.93979791666681,5.60156279214425
7.94013125000014,5.59622425019916
7.94046458333347,5.59609404185903
7.94079791666681,5.58932320817257
7.94113125000014,5.58815133311146
7.94146458333348,5.5889325831522
7.94179791666681,5.58632841634972
7.94213125000014,5.5846357079281
7.94246458333348,5.58346383286698
7.94279791666681,5.59036487489357
7.94313125000014,5.59296904169605
7.94346458333348,5.58971383319295
7.94379791666681,5.58541695796885
7.94413125000015,5.58919299983245
7.94446458333348,5.58723987473059
7.94479791666681,5.58710966639046
7.94513125000015,5.5846357079281
7.94546458333348,5.58619820800959
7.94579791666681,5.58268258282624
7.94613125000015,5.57864612428239
7.94646458333348,5.57903674930276
7.94679791666681,5.58007841602375
7.94713125000015,5.58580758298922
7.94746458333348,5.59114612493431
7.94779791666682,5.60091175044363
7.94813125000015,5.60364612558624
7.94846458333348,5.601302375464
7.94879791666682,5.59778675028065
7.94913125000015,5.60000029206276
7.94946458333349,5.59531279181829
7.94979791666682,5.59192737497506
7.95013125000015,5.59205758331518
7.95046458333349,5.60677112574922
7.95079791666682,5.61171904267394
7.95113125000015,5.61067737595295
7.95146458333349,5.60468779230723
7.95179791666682,5.61184925101406
7.95213125000016,5.61184925101406
7.95246458333349,5.61263050105481
7.95279791666682,5.61223987603444
7.95313125000016,5.61679716793879
7.95346458333349,5.62122425150301
7.95379791666682,5.6184898763604
7.95413125000016,5.62539091838698
7.95446458333349,5.63255237709382
7.95479791666683,5.63854196073953
7.95513125000016,5.63710966899817
7.95546458333349,5.63776071069879
7.95579791666683,5.64010446082102
7.95613125000016,5.64244821094326
7.95646458333349,5.64791696122848
7.95679791666683,5.64973987799021
7.95713125000016,5.65390654487419
7.9574645833335,5.65195341977233
7.95779791666683,5.6566409200168
7.95813125000016,5.65989612851991
7.9584645833335,5.665234670465
7.95879791666683,5.66822946228786
7.95913125000016,5.66770862892736
7.9594645833335,5.67109404577059
7.95979791666683,5.67591175435518
7.96013125000016,5.68125029630028
7.9604645833335,5.6856773798645
7.96079791666683,5.68984404674848
7.96113125000017,5.69414092197258
7.9614645833335,5.69635446375469
7.96179791666683,5.70065133897879
7.96213125000017,5.69947946391767
7.9624645833335,5.69921904723742
7.96279791666684,5.69596383873432
7.96313125000017,5.69635446375469
7.9634645833335,5.69609404707444
7.96379791666684,5.69934925557755
7.96413125000017,5.707161755985
7.9644645833335,5.70937529776711
7.96479791666684,5.70546904756338
7.96513125000017,5.70846383938624
7.96546458333351,5.71132842286897
7.96579791666684,5.7076825893455
7.96613125000017,5.69739613047568
7.96646458333351,5.69023467176885
7.96679791666684,5.69401071363245
7.96713125000017,5.68893258836761
7.96746458333351,5.68489612982376
7.96779791666684,5.67968779621879
7.96813125000018,5.67981800455891
7.96846458333351,5.67851592115767
7.96879791666684,5.68046904625953
7.96913125000018,5.6781252961373
7.96946458333351,5.67434925427369
7.96979791666684,5.66940133734897
7.97013125000018,5.67057321241009
7.97046458333351,5.66601592050574
7.97079791666685,5.66197946196189
7.97113125000018,5.65377633653407
7.97146458333351,5.65247425313282
7.97179791666685,5.65156279475195
7.97213125000018,5.66210967030202
7.97246458333351,5.66380237872363
7.97279791666685,5.6571617533773
7.97313125000018,5.64127633588214
7.97346458333351,5.63281279377406
7.97379791666685,5.62773466850922
7.97413125000018,5.6276044601691
7.97446458333352,5.63072946033208
7.97479791666685,5.63294300211419
7.97513125000018,5.6308596686722
7.97546458333352,5.62721383514872
7.97579791666685,5.62161487652338
7.97613125000018,5.61458362615667
7.97646458333352,5.60221383384487
7.97679791666685,5.59713570858003
7.97713125000019,5.59778675028065
7.97746458333352,5.60221383384487
7.97779791666685,5.5970055002399
7.97813125000019,5.59466175011767
7.97846458333352,5.59244820833555
7.97879791666685,5.59596383351891
7.97913125000019,5.59296904169605
7.97946458333352,5.59518258347816
7.97979791666686,5.59531279181829
7.98013125000019,5.59401070841705
7.98046458333352,5.5932294583763
7.98079791666686,5.59427112509729
7.98113125000019,5.59843779198127
7.98146458333352,5.60260445886525
7.98179791666686,5.6055992506881
7.98213125000019,5.60065133376338
7.98246458333353,5.5932294583763
7.98279791666686,5.581380499425
7.98313125000019,5.58059924938425
7.98346458333353,5.58606799966947
7.98379791666686,5.59583362517878
7.98413125000019,5.60390654226649
7.98446458333353,5.60273466720537
7.98479791666686,5.60039091708313
7.9851312500002,5.59296904169605
7.98546458333353,5.58697945805034
7.98579791666686,5.58750029141083
7.9861312500002,5.59231799999543
7.98646458333353,5.59101591659419
7.98679791666686,5.59049508323369
7.9871312500002,5.59296904169605
7.98746458333353,5.60338570890599
7.98779791666687,5.60390654226649
7.9881312500002,5.60208362550475
7.98846458333353,5.59453154177754
7.98879791666687,5.59518258347816
7.9891312500002,5.59127633327444
7.98946458333353,5.59882841700164
7.98979791666687,5.60260445886525
7.9901312500002,5.60703154242947
7.99046458333354,5.60585966736835
7.99079791666687,5.60794300081034
7.9911312500002,5.61289091773506
7.99146458333354,5.61119820931344
7.99179791666687,5.61158883433382
7.9921312500002,5.60781279247021
7.99246458333354,5.61132841765357
7.99279791666687,5.60690133408934
7.99313125000021,5.60690133408934
7.99346458333354,5.60846383417084
7.99379791666687,5.61015654259245
7.99413125000021,5.6066409174091
7.99446458333354,5.60455758396711
7.99479791666687,5.60950550089183
7.99513125000021,5.6184898763604
7.99546458333354,5.61966175142152
7.99579791666688,5.61875029304065
7.99613125000021,5.61953154308139
7.99646458333354,5.62473987668636
7.99679791666688,5.6270836268086
7.99713125000021,5.62734404348885
7.99746458333333,5.62591175174748
7.99779791666667,5.63151071037282
7.99813125,5.6270836268086
7.99846458333334,5.62786487684935
7.99879791666667,5.62877633523021
7.99913125,5.63411487717531
7.99946458333334,5.63906279410003
7.99979791666667,5.62981800195121
8.00013125,5.62786487684935
8.00046458333334,5.61888050138077
8.00079791666667,5.62018258478202
8.00113125000001,5.62473987668636
8.00146458333334,5.63255237709382
8.00179791666667,5.63333362713456
8.00213125000001,5.62565133506723
8.00246458333334,5.61679716793879
8.00279791666668,5.61731800129928
8.00313125000001,5.61862008470052
8.00346458333334,5.6227867515845
8.00379791666668,5.622265918224
8.00413125000001,5.63424508551543
8.00446458333335,5.64088571086177
8.00479791666668,5.64830758624885
8.00513125000001,5.64544300276612
8.00546458333334,5.64648466948711
8.00579791666668,5.64531279442599
8.00613125000001,5.64492216940562
8.00646458333335,5.64830758624885
8.00679791666668,5.65598987831618
8.00713125000001,5.65989612851991
8.00746458333335,5.6604169618804
8.00779791666668,5.65273466981307
8.00813125000001,5.64921904462972
8.00846458333335,5.64882841960935
8.00879791666668,5.65872425345879
8.00913125000002,5.66744821224711
8.00946458333335,5.66888050398848
8.00979791666668,5.66770862892736
8.01013125000002,5.66458362876438
8.01046458333335,5.66132842026127
8.01079791666668,5.664193003744
8.01113125000002,5.6684898789681
8.01146458333335,5.67500029597431
8.01179791666669,5.67265654585208
8.01213125000002,5.67434925427369
8.01246458333335,5.67487008763419
8.01279791666669,5.67890654617804
8.01313125000002,5.67747425443668
8.01346458333335,5.67265654585208
8.01379791666669,5.66718779556686
8.01413125000002,5.66223987864214
8.01446458333336,5.65950550349953
8.01479791666669,5.65742217005754
8.01513125000002,5.6555992532958
8.01546458333336,5.65455758657481
8.01579791666669,5.65208362811245
8.01613125000003,5.64934925296984
8.01646458333336,5.65169300309208
8.01679791666669,5.64817737790872
8.01713125000003,5.64348987766425
8.01746458333336,5.63658883563767
8.01779791666669,5.63255237709382
8.01813125000003,5.62877633523021
8.01846458333336,5.62916696025059
8.01879791666669,5.6346357105358
8.01913125000003,5.64609404446674
8.01946458333336,5.64661487782723
8.0197979166667,5.64362008600438
8.02013125000003,5.63424508551543
8.02046458333336,5.63554716891667
8.0207979166667,5.62903675191046
8.02113125000003,5.62747425182897
8.02146458333336,5.61835966802028
8.0217979166667,5.61445341781655
8.02213125000003,5.61328154275543
8.02246458333337,5.61718779295916
8.0227979166667,5.62565133506723
8.02313125000003,5.6265627934481
8.02346458333337,5.62044300146226
8.0237979166667,5.61406279279618
8.02413125000003,5.6093752925517
8.02446458333337,5.6093752925517
8.0247979166667,5.61263050105481
8.02513125000004,5.61770862631965
8.02546458333337,5.61497425117705
8.0257979166667,5.60872425085108
8.02613125000004,5.60781279247021
8.02646458333337,5.6109377926332
8.0267979166667,5.60833362583071
8.02713125000004,5.60299508388562
8.02746458333337,5.60716175076959
8.02779791666671,5.61015654259245
8.02813125000004,5.60885445919121
8.02846458333337,5.59908883368189
8.02879791666671,5.59296904169605
8.02913125000004,5.58723987473059
8.02946458333338,5.58684924971021
8.02979791666671,5.5932294583763
8.03013125000004,5.60364612558624
8.03046458333338,5.60794300081034
8.03079791666671,5.60351591724611
8.03113125000004,5.5970055002399
8.03146458333338,5.59635445853928
8.03179791666671,5.60000029206276
8.03213125000004,5.60000029206276
8.03246458333338,5.60143258380413
8.03279791666671,5.59778675028065
8.03313125000005,5.60195341716462
8.03346458333338,5.60247425052512
8.03379791666671,5.60533883400785
8.03413125000005,5.59987008372264
8.03446458333338,5.601302375464
8.03479791666671,5.60260445886525
8.03513125000005,5.6055992506881
8.03546458333338,5.60195341716462
8.03579791666671,5.6018232088245
8.03613125000005,5.60117216712388
8.03646458333338,5.6104169592727
8.03679791666672,5.61757841797953
8.03713125000005,5.61992216810177
8.03746458333338,5.6147138344968
8.03779791666672,5.61302112607518
8.03813125000005,5.61393258445605
8.03846458333338,5.61393258445605
8.03879791666672,5.61210966769431
8.03913125000005,5.61328154275543
8.03946458333339,5.61302112607518
8.03979791666672,5.61679716793879
8.04013125000005,5.61731800129928
8.04046458333339,5.622265918224
8.04079791666672,5.62447946000611
8.04113125000006,5.62929716859071
8.04146458333339,5.62369820996537
8.04179791666672,5.61862008470052
8.04213125000006,5.6184898763604
8.04246458333339,5.62734404348885
8.04279791666673,5.63125029369258
8.04313125000006,5.63359404381481
8.04346458333339,5.63059925199195
8.04379791666672,5.63294300211419
8.04413125000006,5.62552112672711
8.04446458333339,5.6227867515845
8.04479791666673,5.62018258478202
8.04513125000006,5.62473987668636
8.04546458333339,5.62721383514872
8.04579791666673,5.62877633523021
8.04613125000006,5.63372425215494
8.04646458333339,5.63815133571916
8.04679791666673,5.63437529385556
8.04713125000006,5.62591175174748
8.0474645833334,5.6184898763604
8.04779791666673,5.62044300146226
8.04813125000006,5.61835966802028
8.0484645833334,5.62239612656413
8.04879791666673,5.61979195976164
8.04913125000006,5.62200550154375
8.0494645833334,5.61809925134003
8.04979791666673,5.62070341814251
8.05013125000007,5.61940133474127
8.0504645833334,5.62083362648264
8.05079791666673,5.61627633457829
8.05113125000007,5.61484404283692
8.0514645833334,5.6136721677758
8.05179791666673,5.61263050105481
8.05213125000007,5.60924508421158
8.0524645833334,5.602344042185
8.05279791666674,5.60416695894673
8.05313125000007,5.60260445886525
8.0534645833334,5.60377633392636
8.05379791666674,5.60000029206276
8.05413125000007,5.60572945902823
8.05446458333341,5.60703154242947
8.05479791666674,5.60885445919121
8.05513125000007,5.60742216744984
8.05546458333341,5.60690133408934
8.05579791666674,5.6018232088245
8.05613125000007,5.59739612526028
8.05646458333341,5.59830758364114
8.05679791666674,5.60286487554549
8.05713125000007,5.60325550056587
8.05746458333341,5.59947945870226
8.05779791666674,5.59908883368189
8.05813125000008,5.60299508388562
8.05846458333341,5.61158883433382
8.05879791666674,5.61028675093257
8.05913125000008,5.60924508421158
8.05946458333341,5.60299508388562
8.05979791666674,5.60638050072885
8.06013125000008,5.60442737562698
8.06046458333341,5.60429716728686
8.06079791666675,5.60572945902823
8.06113125000008,5.61263050105481
8.06146458333341,5.61106800097332
8.06179791666675,5.6066409174091
8.06213125000008,5.59726591692015
8.06246458333341,5.59921904202202
8.06279791666675,5.59427112509729
8.06313125000008,5.60013050040288
8.06346458333342,5.59960966704239
8.06379791666675,5.60325550056587
8.06413125000008,5.60455758396711
8.06446458333342,5.61341175109556
8.06479791666675,5.61523466785729
8.06513125000008,5.61458362615667
8.06546458333342,5.60859404251096
8.06579791666675,5.6147138344968
8.06613125000009,5.61484404283692
8.06646458333342,5.6147138344968
8.06679791666675,5.61536487619742
8.06713125000009,5.62460966834624
8.06746458333342,5.6313805020327
8.06779791666676,5.63203154373332
8.06813125000009,5.6308596686722
8.06846458333342,5.63632841895742
8.06879791666676,5.63828154405928
8.06913125000009,5.63750029401854
8.06946458333342,5.63229196041357
8.06979791666676,5.62825550186972
8.07013125000009,5.63268258543394
8.07046458333342,5.63958362746053
8.07079791666676,5.65091175305133
8.07113125000009,5.6485680029291
8.07146458333343,5.64700550284761
8.07179791666676,5.64309925264388
8.07213125000009,5.64609404446674
8.07246458333343,5.64492216940562
8.07279791666676,5.64778675288835
8.07313125000009,5.64973987799021
8.07346458333343,5.65364612819394
8.07379791666676,5.65742217005754
8.0741312500001,5.65794300341804
8.07446458333343,5.65833362843841
8.07479791666676,5.65481800325506
8.0751312500001,5.65416696155444
8.07546458333343,5.65781279507792
8.07579791666676,5.66315133702301
8.0761312500001,5.66549508714525
8.07646458333343,5.66367217038351
8.07679791666677,5.66875029564835
8.0771312500001,5.67239612917183
8.07746458333343,5.6770836294163
8.07779791666677,5.67408883759345
8.0781312500001,5.6733075875527
8.07846458333343,5.67174508747121
8.07879791666677,5.67135446245084
8.0791312500001,5.68059925459966
8.07946458333344,5.6808596712799
8.07979791666677,5.67916696285829
8.0801312500001,5.66796904560761
8.08046458333344,5.66862008730823
8.08079791666677,5.66757842058723
8.08113125000011,5.67447946261382
8.08146458333344,5.68072946293978
8.08179791666677,5.67786487945705
8.0821312500001,5.66627633718599
8.08246458333344,5.65195341977233
8.08279791666677,5.65104196139146
8.08313125000011,5.65195341977233
8.08346458333344,5.64921904462972
8.08379791666677,5.64466175272537
8.08413125000011,5.64583362778649
8.08446458333344,5.64817737790872
8.08479791666677,5.64661487782723
8.08513125000011,5.6399742524809
8.08546458333344,5.64023466916115
8.08579791666678,5.64023466916115
8.08613125000011,5.63528675223643
8.08646458333344,5.63125029369258
8.08679791666678,5.62838571020984
8.08713125000011,5.62786487684935
8.08746458333344,5.62513050170674
8.08779791666678,5.62955758527096
8.08813125000011,5.62565133506723
8.08846458333345,5.62031279312214
8.08879791666678,5.60716175076959
8.08913125000011,5.60833362583071
8.08946458333345,5.60794300081034
8.08979791666678,5.61289091773506
8.09013125000011,5.61119820931344
8.09046458333345,5.6104169592727
8.09079791666678,5.61432320947643
8.09113125000012,5.61484404283692
8.09146458333345,5.61210966769431
8.09179791666678,5.60598987570847
8.09213125000012,5.60768258413009
8.09246458333345,5.60755237578996
8.09279791666679,5.60481800064736
8.09313125000012,5.60403675060661
8.09346458333345,5.60716175076959
8.09379791666679,5.60768258413009
8.09413125000012,5.60807320915046
8.09446458333346,5.60924508421158
8.09479791666679,5.61080758429307
8.09513125000012,5.60416695894673
8.09546458333345,5.59908883368189
8.09579791666679,5.60377633392636
8.09613125000012,5.61484404283692
8.09646458333346,5.61744820963941
8.09679791666679,5.61263050105481
8.09713125000012,5.60703154242947
8.09746458333346,5.60351591724611
8.09779791666679,5.602344042185
8.09813125000012,5.60260445886525
8.09846458333346,5.61028675093257
8.09879791666679,5.61614612623816
8.09913125000013,5.61862008470052
8.09946458333346,5.6190107097209
8.09979791666679,5.62487008502649
8.10013125000013,5.63112008535245
8.10046458333346,5.63112008535245
8.10079791666679,5.62799508518947
8.10113125000013,5.62864612689009
8.10146458333346,5.63046904365183
8.1017979166668,5.6356773772568
8.10213125000013,5.64010446082102
8.10246458333346,5.65156279475195
8.1027979166668,5.65312529483344
8.10313125000013,5.65260446147295
8.10346458333346,5.65026071135071
8.1037979166668,5.65442737823469
8.10413125000013,5.65859404511866
8.10446458333347,5.66614612884587
8.1047979166668,5.66888050398848
8.10513125000013,5.67825550447742
8.10546458333347,5.68294300472189
8.1057979166668,5.68697946326574
8.10613125000014,5.68476592148363
8.10646458333347,5.68255237970152
8.1067979166668,5.68880238002748
8.10713125000014,5.69322946359171
8.10746458333347,5.69830758885655
8.1077979166668,5.70091175565904
8.10813125000014,5.70156279735966
8.10846458333347,5.7066409226245
8.1087979166668,5.71289092295046
8.10913125000014,5.72539092360239
8.10946458333347,5.72994821550674
8.10979791666681,5.73007842384686
8.11013125000014,5.72890654878575
8.11046458333347,5.73255238230922
8.11079791666681,5.73554717413208
8.11113125000014,5.73059925720736
8.11146458333347,5.7238284235209
8.11179791666681,5.71640654813382
8.11213125000014,5.71979196497705
8.11246458333348,5.72500029858202
8.11279791666681,5.73125029890798
8.11313125000014,5.72500029858202
8.11346458333348,5.72057321501779
8.11379791666681,5.72031279833755
8.11413125000014,5.72148467339866
8.11446458333348,5.71276071461034
8.11479791666681,5.70625029760413
8.11513125000015,5.70677113096463
8.11546458333348,5.7109377978486
8.11579791666681,5.71315133963071
8.11613125000015,5.71419300635171
8.11646458333348,5.71640654813382
8.11679791666681,5.71276071461034
8.11713125000015,5.70221383906028
8.11746458333348,5.69518258869357
8.11779791666682,5.69283883857133
8.11813125000015,5.6980471721763
8.11846458333348,5.6947919636732
8.11879791666682,5.6942711303127
8.11913125000015,5.69296904691146
8.11946458333349,5.70104196399916
8.11979791666682,5.6947919636732
8.12013125000015,5.69179717185034
8.12046458333349,5.68450550480338
8.12079791666682,5.6856773798645
8.12113125000015,5.686198213225
8.12146458333349,5.68984404674848
8.12179791666682,5.68737008828612
8.12213125000015,5.68255237970152
8.12246458333349,5.66966175402922
8.12279791666682,5.66979196236935
8.12313125000016,5.67213571249158
8.12346458333349,5.68177112966077
8.12379791666682,5.67968779621879
8.12413125000016,5.67526071265456
8.12446458333349,5.67070342075022
8.12479791666682,5.66940133734897
8.12513125000016,5.67174508747121
8.12546458333349,5.67903675451817
8.12579791666682,5.67838571281754
8.12613125000016,5.67369821257307
8.12646458333349,5.66289092034276
8.12679791666683,5.66679717054649
8.12713125000016,5.66940133734897
8.12746458333349,5.67942737953854
8.12779791666683,5.67786487945705
8.12813125000016,5.67942737953854
8.12846458333349,5.67734404609655
8.12879791666683,5.68151071298053
8.12913125000016,5.68033883791941
8.1294645833335,5.67799508779717
8.12979791666683,5.66862008730823
8.13013125000016,5.66796904560761
8.1304645833335,5.6690107123286
8.13079791666683,5.67356800423295
8.13113125000017,5.66914092066872
8.1314645833335,5.66458362876438
8.13179791666683,5.665234670465
8.13213125000017,5.67109404577059
8.1324645833335,5.66979196236935
8.13279791666684,5.6695315456891
8.13313125000017,5.66705758722674
8.1334645833335,5.67057321241009
8.13379791666683,5.66744821224711
8.13413125000017,5.66914092066872
8.1344645833335,5.66562529548537
8.13479791666684,5.66614612884587
8.13513125000017,5.66562529548537
8.1354645833335,5.66184925362177
8.13579791666684,5.66119821192115
8.13613125000017,5.65481800325506
8.1364645833335,5.65598987831618
8.13679791666684,5.65846383677854
8.13713125000017,5.66197946196189
8.13746458333351,5.65950550349953
8.13779791666684,5.65429716989456
8.13813125000017,5.65299508649332
8.13846458333351,5.65820342009829
8.13879791666684,5.65247425313282
8.13913125000017,5.64960966965009
8.13946458333351,5.64960966965009
8.13979791666684,5.65950550349953
8.14013125000018,5.65651071167668
8.14046458333351,5.6523440447927
8.14079791666684,5.6475263362081
8.14113125000018,5.65546904495568
8.14146458333351,5.65247425313282
8.14179791666684,5.64583362778649
8.14213125000018,5.63554716891667
8.14246458333351,5.63867216907966
8.14279791666685,5.64036487750127
8.14313125000018,5.63854196073953
8.14346458333351,5.63203154373332
8.14379791666685,5.63541696057655
8.14413125000018,5.63710966899817
8.14446458333352,5.63619821061729
8.14479791666685,5.62916696025059
8.14513125000018,5.63359404381481
8.14546458333352,5.63789091903891
8.14579791666685,5.64166696090251
8.14613125000018,5.64088571086177
8.14646458333352,5.63710966899817
8.14679791666685,5.63112008535245
8.14713125000018,5.62968779361108
8.14746458333352,5.64127633588214
8.14779791666685,5.64960966965009
8.14813125000019,5.64596383612661
8.14846458333352,5.64023466916115
8.14879791666685,5.63789091903891
8.14913125000019,5.63476591887593
8.14946458333352,5.63658883563767
8.14979791666685,5.64270862762351
8.15013125000019,5.64908883628959
8.15046458333352,5.64479196106549
8.15079791666686,5.64296904430376
8.15113125000019,5.64921904462972
8.15146458333352,5.65351591985382
8.15179791666686,5.64973987799021
8.15213125000019,5.64531279442599
8.15246458333352,5.64114612754202
8.15279791666686,5.64583362778649
8.15313125000019,5.64362008600438
8.15346458333353,5.64674508616736
8.15379791666686,5.64557321110624
8.15413125000019,5.64687529450748
8.15446458333353,5.64231800260313
8.15479791666686,5.643229460984
8.15513125000019,5.6485680029291
8.15546458333353,5.65117216973158
8.15579791666686,5.64244821094326
8.1561312500002,5.63437529385556
8.15646458333353,5.63333362713456
8.15679791666686,5.63710966899817
8.1571312500002,5.64179716924264
8.15746458333353,5.64440133604512
8.15779791666687,5.64088571086177
8.1581312500002,5.63398466883518
8.15846458333353,5.62968779361108
8.15879791666687,5.63203154373332
8.1591312500002,5.64101591920189
8.15946458333353,5.63906279410003
8.15979791666687,5.63932321078028
8.1601312500002,5.63125029369258
8.16046458333353,5.63554716891667
8.16079791666687,5.62981800195121
8.1611312500002,5.62890654357034
8.16146458333354,5.62643258510798
8.16179791666687,5.63255237709382
8.1621312500002,5.63177112705307
8.16246458333354,5.63346383547469
8.16279791666687,5.63255237709382
8.1631312500002,5.63815133571916
8.16346458333354,5.63684925231792
8.16379791666687,5.64049508584139
8.16413125000021,5.6389325857599
8.16446458333354,5.64296904430376
8.16479791666687,5.63658883563767
8.16513125000021,5.63971383580065
8.16546458333354,5.63776071069879
8.16579791666687,5.65104196139146
8.16613125000021,5.64908883628959
8.16646458333354,5.65026071135071
8.16679791666688,5.64075550252164
8.16713125000021,5.64166696090251
8.16746458333354,5.63932321078028
8.16779791666688,5.64921904462972
8.16813125,5.6523440447927
8.16846458333334,5.66080758690077
8.16879791666667,5.66145862860139
8.16913125,5.66263050366251
8.16946458333334,5.65937529515941
8.16979791666667,5.65859404511866
8.17013125,5.66601592050574
8.17046458333334,5.66718779556686
8.17079791666667,5.66432321208413
8.17113125000001,5.66054717022053
8.17146458333334,5.6647138371045
8.17179791666667,5.6647138371045
8.17213125000001,5.6604169618804
8.17246458333334,5.65885446179891
8.17279791666667,5.66289092034276
8.17313125000001,5.66927112900885
8.17346458333334,5.67591175435518
8.17379791666668,5.67942737953854
8.17413125000001,5.68437529646326
8.17446458333334,5.68919300504786
8.17479791666668,5.69791696383618
8.17513125000001,5.70156279735966
8.17546458333335,5.6985680055368
8.17579791666668,5.69466175533307
8.17613125000001,5.69440133865283
8.17646458333335,5.70651071428438
8.17679791666668,5.71614613145357
8.17713125000001,5.72721384036413
8.17746458333335,5.72825550708512
8.17779791666668,5.73554717413208
8.17813125000002,5.73854196595494
8.17846458333335,5.74283884117904
8.17879791666668,5.74648467470252
8.17913125000002,5.75052113324637
8.17946458333335,5.75494821681059
8.17979791666668,5.76080759211618
8.18013125000002,5.77148467600637
8.18046458333335,5.7791669680737
8.18079791666668,5.78216175989655
8.18113125000002,5.78059925981506
8.18146458333335,5.78007842645457
8.18179791666669,5.78333363495767
8.18213125000002,5.79010446864413
8.18246458333335,5.80416696937755
8.18279791666669,5.81536488662823
8.18313125000002,5.82786488728016
8.18346458333335,5.83281280420488
8.18379791666669,5.83580759602774
8.18413125000002,5.83971384623146
8.18446458333336,5.84479197149631
8.18479791666669,5.84947947174078
8.18513125000002,5.85104197182227
8.18546458333336,5.86145863903221
8.18579791666669,5.86901072275941
8.18613125000002,5.86653676429705
8.18646458333336,5.85755238882848
8.18679791666669,5.85794301384885
8.18713125000003,5.86601593093656
8.18746458333336,5.86718780599767
8.18779791666669,5.86380238915444
8.18813125000003,5.85781280550873
8.18846458333336,5.85846384720935
8.1887979166667,5.86093780567171
8.18913125000003,5.86484405587544
8.18946458333336,5.8630211391137
8.1897979166667,5.85729197214823
8.19013125000003,5.85182322186302
8.19046458333336,5.84427113813581
8.1907979166667,5.8382815544901
8.19113125000003,5.83268259586475
8.19146458333337,5.83046905408264
8.1917979166667,5.82656280387892
8.19213125000003,5.81875030347146
8.19246458333337,5.81028676136339
8.1927979166667,5.80364613601705
8.19313125000003,5.80130238589481
8.19346458333337,5.79296905212686
8.1937979166667,5.78151071819593
8.19413125000003,5.77070342596562
8.19446458333337,5.76718780078227
8.1947979166667,5.76158884215693
8.19513125000004,5.75494821681059
8.19546458333337,5.74674509138276
8.1957979166667,5.73945342433581
8.19613125000004,5.7276044653845
8.19646458333337,5.72187529841904
8.1967979166667,5.71744821485481
8.19713125000004,5.71770863153506
8.19746458333337,5.70807321436587
8.19779791666671,5.69843779719668
8.19813125000004,5.68958363006823
8.19846458333337,5.68867217168736
8.19879791666671,5.68645862990525
8.19913125000004,5.68958363006823
8.19946458333337,5.69440133865283
8.19979791666671,5.69583363039419
8.20013125000004,5.69166696351022
8.20046458333338,5.6856773798645
8.20079791666671,5.68815133832686
8.20113125000004,5.68632842156512
8.20146458333338,5.68255237970152
8.20179791666671,5.67682321273605
8.20213125000005,5.68125029630028
8.20246458333338,5.68476592148363
8.20279791666671,5.68307321306202
8.20313125000005,5.6781252961373
8.20346458333338,5.68164092132065
8.20379791666671,5.68671904658549
8.20413125000005,5.68658883824537
8.20446458333338,5.68411487978301
8.20479791666672,5.68476592148363
8.20513125000005,5.68554717152438
8.20546458333338,5.67825550447742
8.20579791666671,5.67799508779717
8.20613125000005,5.68177112966077
8.20646458333338,5.68398467144289
8.20679791666672,5.68411487978301
8.20713125000005,5.67916696285829
8.20746458333338,5.6819013380009
8.20779791666672,5.68307321306202
8.20813125000005,5.68424508812313
8.20846458333338,5.67682321273605
8.20879791666672,5.67408883759345
8.20913125000005,5.67565133767494
8.20946458333339,5.6819013380009
8.20979791666672,5.67916696285829
8.21013125000005,5.67539092099469
8.21046458333339,5.66432321208413
8.21079791666672,5.66237008698227
8.21113125000005,5.66588571216562
8.21146458333339,5.67604196269531
8.21179791666672,5.67044300406997
8.21213125000006,5.66263050366251
8.21246458333339,5.65638050333655
8.21279791666672,5.65937529515941
8.21313125000006,5.65208362811245
8.21346458333339,5.64960966965009
8.21379791666673,5.64401071102475
8.21413125000006,5.64596383612661
8.21446458333339,5.64882841960935
8.21479791666673,5.65364612819394
8.21513125000006,5.65442737823469
8.2154645833334,5.64583362778649
8.21579791666673,5.64466175272537
8.21613125000006,5.64192737758276
8.2164645833334,5.64283883596363
8.21679791666673,5.63984404414077
8.21713125000006,5.63828154405928
8.2174645833334,5.63697946065804
8.21779791666673,5.63385446049506
8.21813125000007,5.63880237741978
8.2184645833334,5.63958362746053
8.21879791666673,5.63763050235866
8.21913125000006,5.63020862697158
8.2194645833334,5.63007841863146
8.21979791666673,5.63177112705307
8.22013125000007,5.64166696090251
8.2204645833334,5.64166696090251
8.22079791666673,5.63880237741978
8.22113125000007,5.63098987701233
8.2214645833334,5.64049508584139
8.22179791666673,5.64882841960935
8.22213125000007,5.65247425313282
8.2224645833334,5.644271127705
8.22279791666674,5.64283883596363
8.22313125000007,5.64127633588214
8.2234645833334,5.64205758592289
8.22379791666674,5.63776071069879
8.22413125000007,5.63763050235866
8.2244645833334,5.63971383580065
8.22479791666674,5.643229460984
8.22513125000007,5.64713571118773
8.22546458333341,5.65091175305133
8.22579791666674,5.65677112835692
8.22613125000007,5.65572946163593
8.22646458333341,5.6609377952409
8.22679791666674,5.66445342042425
8.22713125000008,5.66862008730823
8.22746458333341,5.66744821224711
8.22779791666674,5.6657555038255
8.22813125000008,5.66588571216562
8.22846458333341,5.66367217038351
8.22879791666674,5.6684898789681
8.22913125000008,5.67500029597431
8.22946458333341,5.67447946261382
8.22979791666675,5.67487008763419
8.23013125000008,5.68632842156512
8.23046458333341,5.70156279735966
8.23079791666675,5.71171904788935
8.23113125000008,5.71367217299121
8.23146458333341,5.7152346730727
8.23179791666675,5.71432321469183
8.23213125000008,5.7147138397122
8.23246458333341,5.72044300667767
8.23279791666675,5.72487009024189
8.23313125000008,5.72369821518078
8.23346458333342,5.72135446505854
8.23379791666675,5.71757842319494
8.23413125000008,5.72044300667767
8.23446458333342,5.71992217331717
8.23479791666675,5.72356800684065
8.23513125000008,5.73020863218699
8.23546458333342,5.73906279931543
8.23579791666675,5.7410159244173
8.23613125000009,5.73776071591419
8.23646458333342,5.74023467437655
8.23679791666675,5.7485680081445
8.23713125000009,5.76380238393904
8.23746458333342,5.77096384264587
8.23779791666675,5.77135446766624
8.23813125000009,5.76223988385755
8.23846458333342,5.76289092555817
8.23879791666676,5.7705732176255
8.23913125000009,5.77786488467245
8.23946458333342,5.77773467633233
8.23979791666676,5.77890655139345
8.24013125000009,5.77903675973357
8.24046458333343,5.77773467633233
8.24079791666676,5.77526071786997
8.24113125000009,5.78333363495767
8.24146458333343,5.78567738507991
8.24179791666676,5.79244821876637
8.24213125000009,5.79296905212686
8.24246458333343,5.79739613569109
8.24279791666676,5.79739613569109
8.2431312500001,5.8001305108337
8.24346458333343,5.80286488597631
8.24379791666676,5.80247426095593
8.2441312500001,5.80273467763618
8.24446458333343,5.79830759407196
8.24479791666676,5.79309926046699
8.2451312500001,5.79179717706575
8.24546458333343,5.8039065526973
8.24579791666676,5.81184926144488
8.2461312500001,5.80638051115966
8.24646458333343,5.79778676071146
8.24679791666676,5.80481801107817
8.2471312500001,5.80937530298252
8.24746458333343,5.81080759472388
8.24779791666677,5.80039092751395
8.2481312500001,5.79570342726947
8.24846458333343,5.79348988548736
8.24879791666677,5.79322946880711
8.2491312500001,5.7953128022491
8.24946458333343,5.79362009382749
8.24979791666677,5.79401071884786
8.2501312500001,5.79856801075221
8.25046458333344,5.79895863577258
8.25079791666677,5.79362009382749
8.2511312500001,5.78710967682127
8.25146458333344,5.78658884346078
8.25179791666677,5.78880238524289
8.25213125000011,5.77890655139345
8.25246458333344,5.77044300928537
8.25279791666677,5.76835967584339
8.25313125000011,5.77460967616935
8.25346458333344,5.77135446766624
8.25379791666678,5.7662763424014
8.25413125000011,5.76419300895941
8.25446458333344,5.76302113389829
8.25479791666678,5.75950550871494
8.25513125000011,5.75156279996736
8.25546458333344,5.74804717478401
8.25579791666678,5.74010446603643
8.25613125000011,5.74309925785929
8.25646458333345,5.74075550773705
8.25679791666678,5.74388050790003
8.25713125000011,5.7329430073296
8.25746458333344,5.7233075901604
8.25779791666678,5.71562529809307
8.25813125000011,5.71445342303196
8.25846458333345,5.71354196465109
8.25879791666678,5.71406279801158
8.25913125000011,5.71445342303196
8.25946458333345,5.71796904821531
8.25979791666678,5.7152346730727
8.26013125000011,5.71080758950848
8.26046458333345,5.70794300602574
8.26079791666678,5.70885446440661
8.26113125000012,5.71028675614798
8.26146458333345,5.70872425606649
8.26179791666678,5.70833363104612
8.26213125000012,5.71679717315419
8.26246458333345,5.72460967356165
8.26279791666678,5.72747425704438
8.26313125000012,5.72695342368388
8.26346458333345,5.73463571575121
8.26379791666679,5.74309925785929
8.26413125000012,5.74335967453953
8.26446458333345,5.74752634142351
8.26479791666679,5.75429717510997
8.26513125000012,5.76744821746252
8.26546458333346,5.77773467633233
8.26579791666679,5.79609405228985
8.26613125000012,5.81588571998873
8.26646458333346,5.83320342922525
8.26679791666679,5.8458336382173
8.26713125000012,5.86041697231121
8.26746458333346,5.88177114009159
8.26779791666679,5.90247426617134
8.26813125000013,5.91927114204736
8.26846458333346,5.9296878092573
8.26879791666679,5.94127635152836
8.26913125000013,5.95273468545929
8.26946458333346,5.97369822821929
8.26979791666679,6.00260447972687
8.27013125000013,6.03971385666227
8.27046458333346,6.07057323327172
8.27079791666679,6.09700552631693
8.27113125000013,6.12760448624613
8.27146458333346,6.16093782131793
8.2717979166668,6.19765657323296
8.27213125000013,6.22617219972017
8.27246458333346,6.25598990960862
8.2727979166668,6.27812532742973
8.27313125000013,6.3053388705157
8.27346458333346,6.33554720542452
8.2737979166668,6.36888054049632
8.27413125000013,6.40351595896937
8.27446458333347,6.43515658561955
8.2747979166668,6.47161492085434
8.27513125000013,6.50612013098726
8.27546458333347,6.53177117399173
8.2757979166668,6.54622429974552
8.27613125000013,6.55768263367645
8.27646458333347,6.56783888420614
8.2767979166668,6.57382846785186
8.27713125000014,6.57148471772962
8.27746458333347,6.57200555109012
8.2777979166668,6.5746097178926
8.27813125000014,6.57695346801484
8.27846458333347,6.58684930186428
8.27879791666681,6.58854201028589
8.27913125000014,6.58828159360564
8.27946458333347,6.57526075959322
8.27979791666681,6.56966180096788
8.28013125000014,6.55638055027521
8.28046458333347,6.54544304970477
8.28079791666681,6.53776075763744
8.28113125000014,6.52864617382875
8.28146458333348,6.51523471479595
8.28179791666681,6.49362013033533
8.28213125000014,6.47057325413334
8.28246458333348,6.43880241914303
8.28279791666681,6.40598991743173
8.28313125000014,6.37460970746179
8.28346458333348,6.35130241457955
8.28379791666681,6.32122428801085
8.28413125000014,6.2886722029798
8.28446458333348,6.25286490944564
8.28479791666681,6.21992219939421
8.28513125000015,6.19492219809035
8.28546458333348,6.16770865500439
8.28579791666681,6.13841177847644
8.28613125000015,6.10351594332315
8.28646458333348,6.07304719173408
8.28679791666681,6.04218781512464
8.28713125000015,6.01223989689606
8.28746458333348,5.98138052028662
8.28779791666682,5.95690135234327
8.28813125000015,5.93606801792339
8.28846458333348,5.916797183585
8.28879791666682,5.90234405783122
8.28913125000015,5.89023468219966
8.28946458333348,5.87942738996935
8.28979791666682,5.86666697263718
8.29013125000015,5.84908884672041
8.29046458333349,5.83619822104811
8.29079791666682,5.81992217853258
8.29113125000015,5.81237009480537
8.29146458333349,5.80481801107817
8.29179791666682,5.79934926079295
8.29213125000016,5.79739613569109
8.29246458333349,5.79570342726947
8.29279791666682,5.79244821876637
8.29313125000016,5.78476592669904
8.29346458333349,5.7791669680737
8.29379791666682,5.78151071819593
8.29413125000016,5.77968780143419
8.29446458333349,5.77565134289034
8.29479791666683,5.77408884280885
8.29513125000016,5.77968780143419
8.29546458333349,5.78085967649531
8.29579791666682,5.77630238459096
8.29613125000016,5.76822946750326
8.29646458333349,5.77226592604711
8.29679791666683,5.78398467665829
8.29713125000016,5.79557321892935
8.29746458333349,5.80260446929606
8.29779791666683,5.80520863609854
8.29813125000016,5.81028676136339
8.29846458333349,5.80989613634301
8.29879791666683,5.80716176120041
8.29913125000016,5.81132842808438
8.2994645833335,5.81692738670972
8.29979791666683,5.82838572064065
8.30013125000016,5.83385447092587
8.3004645833335,5.84427113813581
8.30079791666683,5.85429718032538
8.30113125000016,5.8721357229224
8.3014645833335,5.87552113976562
8.30179791666683,5.87877634826873
8.30213125000017,5.86966176446003
8.3024645833335,5.87513051474525
8.30279791666683,5.87695343150699
8.30313125000017,5.88541697361507
8.3034645833335,5.89401072406326
8.30379791666684,5.90000030770898
8.30413125000017,5.90781280811643
8.3044645833335,5.90950551653805
8.30479791666684,5.91653676690476
8.30513125000017,5.9216148921696
8.30546458333351,5.92890655921656
8.30579791666684,5.93112010099867
8.30613125000017,5.93112010099867
8.30646458333351,5.93671905962401
8.30679791666684,5.94036489314749
8.30713125000017,5.94388051833084
8.30746458333351,5.94335968497035
8.30779791666684,5.94908885193581
8.30813125000018,5.95312531047966
8.30846458333351,5.9549482272414
8.30879791666684,5.96276072764886
8.30913125000017,5.96679718619271
8.30946458333351,5.9678388529137
8.30979791666684,5.96341176934948
8.31013125000018,5.96601593615196
8.31046458333351,5.96927114465507
8.31079791666684,5.9678388529137
8.31113125000018,5.96822947793407
8.31146458333351,5.96953156133532
8.31179791666684,5.97617218668165
8.31213125000018,5.97864614514401
8.31246458333351,5.9850263538101
8.31279791666685,5.98255239534774
8.31313125000018,5.97617218668165
8.31346458333351,5.96653676951246
8.31379791666685,5.96588572781184
8.31413125000018,5.97252635315817
8.31446458333351,5.97187531145755
8.31479791666685,5.96653676951246
8.31513125000018,5.95716176902351
8.31546458333352,5.96054718586675
8.31579791666685,5.95585968562227
8.31613125000018,5.95182322707842
8.31646458333352,5.9436201016506
8.31679791666685,5.94505239339196
8.31713125000019,5.94140655986848
8.31746458333352,5.93776072634501
8.31779791666685,5.93489614286227
8.31813125000019,5.93476593452215
8.31846458333352,5.93723989298451
8.31879791666685,5.93151072601904
8.31913125000019,5.9264326007542
8.31946458333352,5.92330760059122
8.31979791666686,5.9259117673937
8.32013125000019,5.9259117673937
8.32046458333352,5.92057322544861
8.32079791666686,5.91588572520413
8.32113125000019,5.91380239176215
8.32146458333352,5.90625030803494
8.32179791666686,5.89882843264786
8.32213125000019,5.89505239078426
8.32246458333352,5.89427114074351
8.32279791666686,5.8920575989614
8.32313125000019,5.88151072341134
8.32346458333353,5.8796878066496
8.32379791666686,5.87356801466376
8.32413125000019,5.87317738964339
8.32446458333353,5.86562530591618
8.32479791666686,5.85989613895072
8.32513125000019,5.854948222026
8.32546458333353,5.84700551327842
8.32579791666686,5.84726592995867
8.3261312500002,5.84713572161854
8.32646458333353,5.85104197182227
8.32679791666686,5.84869822170003
8.3271312500002,5.85234405522351
8.32746458333353,5.85364613862475
8.32779791666686,5.85234405522351
8.3281312500002,5.84283884639444
8.32846458333353,5.8415367629932
8.32879791666687,5.84596384655743
8.3291312500002,5.84869822170003
8.32946458333353,5.85260447190376
8.32979791666687,5.86132843069208
8.3301312500002,5.87460968138476
8.33046458333354,5.87799509822799
8.33079791666687,5.88046905669035
8.3311312500002,5.87981801498972
8.33146458333354,5.88867218211817
8.33179791666687,5.89791697426699
8.3321312500002,5.91015655823867
8.33246458333354,5.91497426682327
8.33279791666687,5.92031280876836
8.33313125000021,5.92682322577457
8.33346458333354,5.93684926796414
8.33379791666687,5.94140655986848
8.33413125000021,5.9511721853778
8.33446458333354,5.95794301906426
8.33479791666687,5.96601593615196
8.33513125000021,5.97291697817855
8.33546458333354,5.98059927024588
8.33579791666687,5.99427114595892
8.33613125000021,5.99388052093855
8.33646458333354,5.99505239599967
8.33679791666687,5.99049510409532
8.33713125000021,5.99869822952314
8.33746458333354,6.00507843818923
8.33779791666688,6.01015656345408
8.33813125000021,6.01132843851519
8.33846458333354,6.01328156361706
8.33879791666667,6.00664093827072
8.33913125,5.99700552110153
8.33946458333334,5.99192739583668
8.33979791666667,5.99375031259842
8.34013125,5.99244822919718
8.34046458333334,5.98528677049035
8.34079791666667,5.98190135364712
8.34113125000001,5.97929718684463
8.34146458333334,5.97617218668165
8.34179791666667,5.96289093598898
8.34213125000001,5.95312531047966
8.34246458333334,5.95234406043892
8.34279791666667,5.95403676886053
8.34313125000001,5.95429718554078
8.34346458333334,5.95026072699693
8.34379791666668,5.95260447711917
8.34413125000001,5.94427114335122
8.34446458333334,5.93906280974625
8.34479791666668,5.92747426747519
8.34513125000001,5.93164093435917
8.34546458333334,5.92929718423693
8.34579791666668,5.93046905929805
8.34613125000001,5.93476593452215
8.34646458333334,5.92877635087643
8.34679791666668,5.92356801727146
8.34713125000001,5.91132843329979
8.34746458333335,5.91041697491892
8.34779791666668,5.90286489119171
8.34813125000001,5.90039093272935
8.34846458333335,5.89882843264786
8.34879791666668,5.89726593256637
8.34913125000001,5.89036489053979
8.34946458333335,5.87851593158848
8.34979791666668,5.87838572324836
8.35013125000001,5.88489614025457
8.35046458333335,5.88593780697556
8.35079791666668,5.87122426454152
8.35113125000002,5.85247426356364
8.35146458333335,5.84140655465308
8.35179791666668,5.84127634631295
8.35213125000002,5.83880238785059
8.35246458333335,5.83307322088513
8.35279791666669,5.82669301221904
8.35313125000002,5.8167971783696
8.35346458333335,5.8076825945609
8.35379791666669,5.79739613569109
8.35413125000002,5.79114613536513
8.35446458333336,5.79192738540587
8.35479791666669,5.79348988548736
8.35513125000002,5.78880238524289
8.35546458333336,5.77903675973357
8.35579791666669,5.77135446766624
8.35613125000002,5.76757842580264
8.35646458333336,5.7619794671773
8.35679791666669,5.75794300863345
8.35713125000003,5.75442738345009
8.35746458333336,5.75026071656612
8.35779791666669,5.73763050757407
8.35813125000002,5.72473988190177
8.35846458333336,5.72109404837829
8.35879791666669,5.71862008991593
8.35913125000003,5.72044300667767
8.35946458333336,5.71692738149432
8.35979791666669,5.71718779817457
8.36013125000003,5.7114586312091
8.36046458333336,5.70598988092388
8.36079791666669,5.69869821387692
8.36113125000003,5.69518258869357
8.36146458333336,5.68958363006823
8.3617979166667,5.69296904691146
8.36213125000003,5.69739613047568
8.36246458333336,5.7066409226245
8.3627979166667,5.70091175565904
8.36313125000003,5.69570342205407
8.36346458333336,5.6904950884491
8.3637979166667,5.6899742550886
8.36413125000003,5.69036488010897
8.36446458333337,5.68515654650401
8.3647979166667,5.68893258836761
8.36513125000003,5.69179717185034
8.36546458333337,5.6990888388973
8.3657979166667,5.70130238067941
8.36613125000004,5.70312529744115
8.36646458333337,5.70130238067941
8.3667979166667,5.69322946359171
8.36713125000004,5.69296904691146
8.36746458333337,5.69505238035345
8.36779791666671,5.70156279735966
8.36813125000004,5.70052113063866
8.36846458333337,5.70117217233928
8.36879791666671,5.70221383906028
8.36913125000004,5.70455758918251
8.36946458333337,5.70351592246152
8.36979791666671,5.70963571444736
8.37013125000004,5.7076825893455
8.37046458333337,5.70898467274674
8.37079791666671,5.70039092229854
8.37113125000004,5.69778675549605
8.37146458333337,5.70052113063866
8.37179791666671,5.70598988092388
8.37213125000004,5.70312529744115
8.37246458333338,5.69414092197258
8.37279791666671,5.68932321338798
8.37313125000004,5.6947919636732
8.37346458333338,5.70104196399916
8.37379791666671,5.70546904756338
8.37413125000004,5.70325550578127
8.37446458333338,5.70299508910102
8.37479791666671,5.6942711303127
8.37513125000005,5.69205758853059
8.37546458333338,5.69388050529233
8.37579791666671,5.70299508910102
8.37613125000005,5.70429717250227
8.37646458333338,5.69895863055717
8.37679791666671,5.69817738051643
8.37713125000005,5.70390654748189
8.37746458333338,5.70598988092388
8.37779791666672,5.70351592246152
8.37813125000005,5.70169300569978
8.37846458333338,5.70091175565904
8.37879791666672,5.6910159218096
8.37913125000005,5.67526071265456
8.37946458333339,5.67018258738972
8.37979791666672,5.67929717119841
8.38013125000005,5.68645862990525
8.38046458333339,5.68515654650401
8.38079791666672,5.68059925459966
8.38113125000005,5.6813805046404
8.38146458333339,5.68072946293978
8.38179791666672,5.67786487945705
8.38213125000006,5.67968779621879
8.38246458333339,5.68411487978301
8.38279791666672,5.67773467111692
8.38313125000006,5.66497425378475
8.38346458333339,5.65703154503717
8.38379791666672,5.66341175370326
8.38413125000006,5.66718779556686
8.38446458333339,5.66744821224711
8.38479791666672,5.66250029532239
8.38513125000006,5.66158883694152
8.38546458333339,5.66484404544462
8.38579791666673,5.67005237904959
8.38613125000006,5.67799508779717
8.38646458333339,5.67994821289904
8.38679791666673,5.67473987929407
8.38713125000006,5.6695315456891
8.38746458333339,5.66770862892736
8.38779791666673,5.66862008730823
8.38813125000006,5.66718779556686
8.3884645833334,5.66640654552612
8.38879791666673,5.66796904560761
8.38913125000006,5.67109404577059
8.3894645833334,5.6657555038255
8.38979791666673,5.66080758690077
8.39013125000006,5.65781279507792
8.3904645833334,5.66458362876438
8.39079791666673,5.67083362909034
8.39113125000007,5.67578154601506
8.3914645833334,5.6684898789681
8.39179791666673,5.6695315456891
8.39213125000007,5.66588571216562
8.3924645833334,5.66979196236935
8.39279791666674,5.66106800358102
8.39313125000007,5.66328154536313
8.3934645833334,5.66718779556686
8.39379791666674,5.67877633783792
8.39413125000007,5.68059925459966
8.3944645833334,5.67747425443668
8.39479791666674,5.6695315456891
8.39513125000007,5.66067737856065
8.39546458333341,5.65872425345879
8.39579791666674,5.66315133702301
8.39613125000007,5.67122425411071
8.3964645833334,5.67395862925332
8.39679791666674,5.67213571249158
8.39713125000007,5.67356800423295
8.39746458333341,5.67109404577059
8.39779791666674,5.66822946228786
8.39813125000007,5.66914092066872
8.39846458333341,5.66809925394773
8.39879791666674,5.66614612884587
8.39913125000007,5.66406279540388
8.39946458333341,5.67226592083171
8.39979791666674,5.67942737953854
8.40013125000008,5.68307321306202
8.40046458333341,5.67851592115767
8.40079791666674,5.68007842123916
8.40113125000008,5.67487008763419
8.40146458333341,5.67851592115767
8.40179791666674,5.68372425476264
8.40213125000008,5.68697946326574
8.40246458333341,5.68112008796015
8.40279791666675,5.67721383775643
8.40313125000008,5.67447946261382
8.40346458333341,5.6770836294163
8.40379791666675,5.67083362909034
8.40413125000008,5.67057321241009
8.40446458333342,5.66705758722674
8.40479791666675,5.66731800390699
8.40513125000008,5.67174508747121
8.40546458333342,5.6781252961373
8.40579791666675,5.68229196302127
8.40613125000009,5.68268258804164
8.40646458333342,5.6808596712799
8.40679791666675,5.68098987962003
8.40713125000009,5.6781252961373
8.40746458333342,5.68151071298053
8.40779791666675,5.68684925492562
8.40813125000009,5.69114613014972
8.40846458333342,5.68984404674848
8.40879791666676,5.69153675517009
8.40913125000009,5.69557321371394
8.40946458333342,5.69843779719668
8.40979791666675,5.70065133897879
8.41013125000009,5.70221383906028
8.41046458333342,5.70429717250227
8.41079791666676,5.7033857141214
8.41113125000009,5.70677113096463
8.41146458333342,5.70638050594425
8.41179791666676,5.70572946424363
8.41213125000009,5.70390654748189
8.41246458333342,5.70989613112761
8.41279791666676,5.71341175631096
8.41313125000009,5.71653675647394
8.41346458333343,5.71783883987519
8.41379791666676,5.72070342335792
8.41413125000009,5.72018258999742
8.41446458333343,5.71731800651469
8.41479791666676,5.71445342303196
8.41513125000009,5.71328154797084
8.41546458333343,5.7157555064332
8.41579791666676,5.71796904821531
8.4161312500001,5.72083363169804
8.41646458333343,5.72656279866351
8.41679791666676,5.73098988222773
8.4171312500001,5.72604196530301
8.41746458333343,5.71888050659618
8.41779791666677,5.71862008991593
8.4181312500001,5.72565134028264
8.41846458333343,5.73177113226848
8.41879791666677,5.7319013406086
8.4191312500001,5.73007842384686
8.41946458333343,5.72877634044562
8.41979791666677,5.72591175696289
8.4201312500001,5.72565134028264
8.42046458333344,5.73203154894873
8.42079791666677,5.73789092425432
8.4211312500001,5.74127634109755
8.42146458333344,5.7372398825537
8.42179791666677,5.73710967421357
8.4221312500001,5.73437529907096
8.42246458333344,5.73437529907096
8.42279791666677,5.73763050757407
8.4231312500001,5.74492217462102
8.42346458333344,5.7410159244173
8.42379791666677,5.73893259097531
8.42413125000011,5.7372398825537
8.42446458333344,5.7404950910568
8.42479791666677,5.73385446571047
8.42513125000011,5.728125298745
8.42546458333344,5.72460967356165
8.42579791666677,5.72734404870425
8.42613125000011,5.73255238230922
8.42646458333344,5.7356773824722
8.42679791666678,5.7329430073296
8.42713125000011,5.72552113194252
8.42746458333344,5.72851592376537
8.42779791666678,5.72942738214624
8.42813125000011,5.73020863218699
8.42846458333344,5.72239613177953
8.42879791666678,5.72226592343941
8.42913125000011,5.72083363169804
8.42946458333345,5.71341175631096
8.42979791666678,5.70312529744115
8.43013125000011,5.70208363072015
8.43046458333345,5.70481800586276
8.43079791666678,5.70898467274674
8.43113125000012,5.70429717250227
8.43146458333345,5.70117217233928
8.43179791666678,5.69674508877506
8.43213125000012,5.69075550512935
8.43246458333345,5.68294300472189
8.43279791666678,5.68020862957928
8.43313125000012,5.68671904658549
8.43346458333345,5.69218779687071
8.43379791666679,5.6942711303127
8.43413125000012,5.69687529711519
8.43446458333345,5.70065133897879
8.43479791666679,5.69518258869357
8.43513125000012,5.68984404674848
8.43546458333345,5.69453154699295
8.43579791666679,5.70039092229854
8.43613125000012,5.69934925557755
8.43646458333345,5.69440133865283
8.43679791666679,5.69505238035345
8.43713125000012,5.69296904691146
8.43746458333346,5.69244821355096
8.43779791666679,5.6910159218096
8.43813125000012,5.69648467209481
8.43846458333346,5.69791696383618
8.43879791666679,5.70026071395842
8.43913125000012,5.70195342238003
8.43946458333346,5.71106800618873
8.43979791666679,5.70963571444736
8.44013125000012,5.70481800586276
8.44046458333346,5.69687529711519
8.44079791666679,5.70703154764487
8.44113125000013,5.71380238133134
8.44146458333346,5.71510446473258
8.44179791666679,5.70807321436587
8.44213125000013,5.70859404772637
8.44246458333346,5.71015654780786
8.4427979166668,5.71028675614798
8.44313125000013,5.71028675614798
8.44346458333346,5.71263050627022
8.4437979166668,5.71263050627022
8.44413125000013,5.71783883987519
8.44446458333347,5.72747425704438
8.4447979166668,5.73580759081233
8.44513125000013,5.73658884085307
8.44546458333347,5.73776071591419
8.4457979166668,5.74544300798152
8.44613125000013,5.75247425834823
8.44646458333347,5.74973988320562
8.4467979166668,5.74739613308338
8.44713125000014,5.75429717510997
8.44746458333347,5.76015655041556
8.4477979166668,5.76966175924463
8.44813125000013,5.77226592604711
8.44846458333347,5.78372425997804
8.4487979166668,5.78984405196388
8.44913125000014,5.79726592735096
8.44946458333347,5.7990888441127
8.4497979166668,5.80677113618003
8.45013125000014,5.81562530330848
8.45046458333347,5.83007842906227
8.4507979166668,5.84036488793208
8.45113125000014,5.854948222026
8.45146458333347,5.86862009773904
8.45179791666681,5.8882815570978
8.45213125000014,5.9006513494096
8.45246458333347,5.90937530819792
8.45279791666681,5.91145864163991
8.45313125000014,5.92096385046898
8.45346458333347,5.93710968464438
8.45379791666681,5.95429718554078
8.45413125000014,5.96666697785258
8.45446458333348,5.97903677016438
8.45479791666681,5.99348989591817
8.45513125000014,6.00507843818923
8.45546458333348,6.00638052159047
8.45579791666681,6.01575552207942
8.45613125000015,6.01927114726277
8.45646458333348,6.03085968953383
8.45679791666681,6.03580760645855
8.45713125000015,6.05403677407594
8.45746458333348,6.06783885812911
8.45779791666682,6.0731774000742
8.45813125000015,6.06601594136737
8.45846458333348,6.06041698274203
8.45879791666682,6.05976594104141
8.45913125000015,6.06497427464638
8.45946458333348,6.06979198323097
8.45979791666682,6.07213573335321
8.46013125000015,6.07460969181557
8.46046458333348,6.07513052517607
8.46079791666682,6.08138052550203
8.46113125000015,6.08424510898476
8.46146458333348,6.08437531732489
8.46179791666682,6.08138052550203
8.46213125000015,6.07760448363842
8.46246458333349,6.07447948347544
8.46279791666682,6.06119823278277
8.46313125000015,6.05052114889259
8.46346458333349,6.03815135658078
8.46379791666682,6.03164093957457
8.46413125000015,6.0188805222424
8.46446458333349,6.0097659384337
8.46479791666682,5.99778677114227
8.46513125000016,5.99114614579594
8.46546458333349,5.9812503119465
8.46579791666682,5.98059927024588
8.46613125000016,5.97539093664091
8.46646458333349,5.9678388529137
8.46679791666682,5.95859406076488
8.46713125000016,5.9549482272414
8.46746458333349,5.94987010197656
8.46779791666683,5.93841176804563
8.46813125000016,5.92747426747519
8.46846458333349,5.92096385046898
8.46879791666683,5.91575551686401
8.46913125000016,5.90455759961333
8.4694645833335,5.89505239078426
8.46979791666683,5.89140655726078
8.47013125000016,5.89153676560091
8.4704645833335,5.89466176576389
8.47079791666683,5.89023468219966
8.47113125000016,5.8872398903768
8.4714645833335,5.87799509822799
8.47179791666683,5.87500030640513
8.47213125000017,5.87226593126252
8.4724645833335,5.87278676462302
8.47279791666683,5.87343780632364
8.47313125000017,5.87408884802426
8.4734645833335,5.87239613960264
8.47379791666683,5.86380238915444
8.47413125000017,5.8582034305291
8.4744645833335,5.85651072210749
8.47479791666683,5.85377634696488
8.47513125000017,5.84479197149631
8.4754645833335,5.83945342955121
8.47579791666684,5.83893259619072
8.47613125000017,5.84244822137407
8.4764645833335,5.84622426323767
8.47679791666684,5.84830759667966
8.47713125000017,5.84765655497904
8.4774645833335,5.84036488793208
8.47779791666684,5.83476592930674
8.47813125000017,5.8243492620968
8.47846458333351,5.81848988679121
8.47879791666684,5.81210967812513
8.47913125000017,5.81223988646525
8.47946458333351,5.81367217820662
8.47979791666684,5.8157555116486
8.48013125000017,5.81549509496836
8.48046458333351,5.80755238622078
8.48079791666684,5.79934926079295
8.48113125000018,5.79127634370525
8.48146458333351,5.78815134354227
8.48179791666684,5.78750030184165
8.48213125000018,5.78710967682127
8.48246458333351,5.78815134354227
8.48279791666685,5.78841176022252
8.48313125000018,5.78385446831817
8.48346458333351,5.77552113455022
8.48379791666685,5.76992217592488
8.48413125000018,5.76809925916314
8.48446458333351,5.76210967551742
8.48479791666685,5.7576825919532
8.48513125000018,5.7539065500896
8.48546458333352,5.75130238328711
8.48579791666685,5.74596384134202
8.48613125000018,5.74609404968214
8.48646458333351,5.75273467502848
8.48679791666685,5.75013050822599
8.48713125000018,5.74518259130127
8.48746458333352,5.73763050757407
8.48779791666685,5.73684925753332
8.48813125000018,5.72890654878575
8.48846458333352,5.72578154862276
8.48879791666685,5.72174509007891
8.48913125000018,5.73489613243146
8.48946458333352,5.73684925753332
8.48979791666685,5.73554717413208
8.49013125000019,5.72630238198326
8.49046458333352,5.72500029858202
8.49079791666685,5.72304717348016
8.49113125000019,5.71914092327643
8.49146458333352,5.7147138397122
8.49179791666685,5.71705758983444
8.49213125000019,5.72044300667767
8.49246458333352,5.71653675647394
8.49279791666686,5.71002633946773
8.49313125000019,5.70911488108686
8.49346458333352,5.71536488141282
8.49379791666686,5.7190107149363
8.49413125000019,5.71966175663693
8.49446458333353,5.71835967323568
8.49479791666686,5.71276071461034
8.49513125000019,5.71054717282823
8.49546458333353,5.71223988124984
8.49579791666686,5.71940133995668
8.4961312500002,5.72109404837829
8.49646458333353,5.71705758983444
8.49679791666686,5.71497425639245
8.4971312500002,5.71080758950848
8.49746458333353,5.70598988092388
8.49779791666686,5.69987008893804
8.4981312500002,5.7033857141214
8.49846458333353,5.71028675614798
8.49879791666687,5.71679717315419
8.4991312500002,5.7119794645696
8.49946458333353,5.71419300635171
8.49979791666686,5.70976592278748
8.5001312500002,5.70963571444736
8.50046458333353,5.70585967258376
8.50079791666687,5.71067738116835
8.5011312500002,5.70885446440661
8.50146458333353,5.70559925590351
8.50179791666687,5.70677113096463
8.5021312500002,5.71640654813382
8.50246458333353,5.72044300667767
8.50279791666687,5.71770863153506
8.5031312500002,5.70989613112761
8.50346458333354,5.707161755985
8.50379791666687,5.71080758950848
8.5041312500002,5.71601592311345
8.50446458333354,5.72200550675916
8.50479791666687,5.72513050692214
8.5051312500002,5.72109404837829
8.50546458333354,5.71445342303196
8.50579791666687,5.71015654780786
8.50613125000021,5.71328154797084
8.50646458333354,5.71497425639245
8.50679791666687,5.70976592278748
8.50713125000021,5.70221383906028
8.50746458333354,5.70651071428438
8.50779791666688,5.70585967258376
8.50813125000021,5.7076825893455
8.50846458333354,5.70351592246152
8.50879791666688,5.70455758918251
8.50913125000021,5.70638050594425
8.50946458333334,5.70156279735966
8.50979791666667,5.69830758885655
8.51013125,5.69869821387692
8.51046458333334,5.70130238067941
8.51079791666667,5.70481800586276
8.51113125,5.70625029760413
8.51146458333334,5.70937529776711
8.51179791666667,5.71640654813382
8.51213125000001,5.71614613145357
8.51246458333334,5.71679717315419
8.51279791666667,5.71458363137208
8.51313125000001,5.71132842286897
8.51346458333334,5.71536488141282
8.51379791666668,5.71614613145357
8.51413125000001,5.71731800651469
8.51446458333334,5.71263050627022
8.51479791666668,5.71263050627022
8.51513125000001,5.71458363137208
8.51546458333334,5.71770863153506
8.51579791666668,5.71744821485481
8.51613125000001,5.71809925655543
8.51646458333334,5.71354196465109
8.51679791666668,5.71406279801158
8.51713125000001,5.7157555064332
8.51746458333334,5.71419300635171
8.51779791666668,5.71380238133134
8.51813125000001,5.71562529809307
8.51846458333335,5.72395863186102
8.51879791666668,5.72044300667767
8.51913125000001,5.71393258967146
8.51946458333335,5.71328154797084
8.51979791666668,5.72487009024189
8.52013125000001,5.73281279898947
8.52046458333335,5.73333363234997
8.52079791666668,5.73658884085307
8.52113125000002,5.7533857167291
8.52146458333335,5.76393259227916
8.52179791666668,5.76393259227916
8.52213125000002,5.75859405033407
8.52246458333335,5.76875030086376
8.52279791666668,5.7829430099373
8.52313125000002,5.79440134386823
8.52346458333335,5.80104196921457
8.52379791666669,5.81393259488686
8.52413125000002,5.82812530396041
8.52446458333335,5.84192738801357
8.52479791666669,5.85026072178152
8.52513125000002,5.86497426421556
8.52546458333336,5.87877634826873
8.52579791666669,5.89401072406326
8.52613125000002,5.90898468317755
8.52646458333336,5.92942739257706
8.52679791666669,5.94609406011296
8.52713125000003,5.96315135266923
8.52746458333336,5.97682322838227
8.52779791666669,5.99609406272066
8.52813125000002,6.00898468839296
8.52846458333336,6.02473989754799
8.52879791666669,6.03645864815917
8.52913125000003,6.05078156557283
8.52946458333336,6.06809927480936
8.52979791666669,6.0951826095552
8.53013125000003,6.12109406923992
8.53046458333336,6.14179719531967
8.53079791666669,6.14960969572712
8.53113125000003,6.16445344650129
8.53146458333336,6.17487011371122
8.5317979166667,6.18841178108414
8.53213125000003,6.19205761460762
8.53246458333336,6.20416699023917
8.5327979166667,6.2166669908911
8.53313125000003,6.23216178336588
8.53346458333336,6.24270865891595
8.5337979166667,6.25898470143147
8.53413125000003,6.26393261835619
8.53446458333337,6.26705761851918
8.5347979166667,6.27057324370253
8.53513125000003,6.27929720249085
8.53546458333337,6.28125032759272
8.5357979166667,6.26757845187967
8.53613125000003,6.25950553479197
8.53646458333337,6.2419274088752
8.5367979166667,6.2252607413393
8.53713125000004,6.20781282376265
8.53746458333337,6.20078157339594
8.5377979166667,6.19739615655271
8.53813125000004,6.18385448917979
8.53846458333337,6.17265657192911
8.53879791666671,6.15494823767222
8.53913125000004,6.14609407054377
8.53946458333337,6.13619823669433
8.53979791666671,6.12265656932141
8.54013125000004,6.10156281822128
8.54046458333337,6.07500031683594
8.54079791666671,6.05664094087842
8.54113125000004,6.03750031488016
8.54146458333337,6.02447948086774
8.54179791666671,6.00481802150898
8.54213125000004,5.99296906255768
8.54246458333338,5.97252635315817
8.54279791666671,5.96197947760811
8.54313125000004,5.94427114335122
8.54346458333338,5.93554718456289
8.54379791666671,5.91953155872761
8.54413125000004,5.90468780795345
8.54446458333338,5.88684926535643
8.54479791666671,5.87656280648662
8.54513125000005,5.86862009773904
8.54546458333338,5.86237009741308
8.54579791666671,5.85117218016239
8.54613125000005,5.83385447092587
8.54646458333338,5.81289092816587
8.54679791666671,5.80481801107817
8.54713125000005,5.80351592767693
8.54746458333338,5.80651071949978
8.54779791666672,5.7990888441127
8.54813125000005,5.79414092718798
8.54846458333338,5.78619821844041
8.54879791666672,5.78333363495767
8.54913125000005,5.78424509333854
8.54946458333338,5.79244821876637
8.54979791666672,5.79544301058922
8.55013125000005,5.79244821876637
8.55046458333339,5.78268259325705
8.55079791666672,5.78333363495767
8.55113125000005,5.7915367603855
8.55146458333339,5.79414092718798
8.55179791666672,5.79296905212686
8.55213125000006,5.79596384394972
8.55246458333339,5.80273467763618
8.55279791666672,5.8033857193368
8.55313125000006,5.79765655237134
8.55346458333339,5.79987009415345
8.55379791666672,5.80091176087444
8.55413125000006,5.79635446897009
8.55446458333339,5.79414092718798
8.55479791666672,5.79401071884786
8.55513125000006,5.79492217722873
8.55546458333339,5.79218780208612
8.55579791666673,5.79127634370525
8.55613125000006,5.79036488532438
8.55646458333339,5.7872398851614
8.55679791666673,5.78697946848115
8.55713125000006,5.79218780208612
8.55746458333339,5.80065134419419
8.55779791666673,5.80494821941829
8.55813125000006,5.80221384427568
8.5584645833334,5.7904950936645
8.55879791666673,5.78125030151568
8.55913125000006,5.77565134289034
8.5594645833334,5.7743492594891
8.55979791666673,5.77447946782922
8.56013125000006,5.77734405131196
8.5604645833334,5.78151071819593
8.56079791666673,5.77994821811444
8.56113125000007,5.7781253013527
8.5614645833334,5.77994821811444
8.56179791666673,5.77617217625084
8.56213125000007,5.77161488434649
8.5624645833334,5.76393259227916
8.56279791666673,5.76458363397978
8.56313125000007,5.7652346756804
8.5634645833334,5.76406280061929
8.56379791666674,5.76705759244214
8.56413125000007,5.77760446799221
8.5644645833334,5.77890655139345
8.56479791666674,5.77291696774773
8.56513125000007,5.75585967519146
8.56546458333341,5.75520863349084
8.56579791666674,5.75638050855196
8.56613125000007,5.75742217527295
8.5664645833334,5.75091175826674
8.56679791666674,5.75195342498773
8.56713125000007,5.75143259162724
8.56746458333341,5.75807321697357
8.56779791666674,5.75612009187171
8.56813125000007,5.75794300863345
8.56846458333341,5.75703155025258
8.56879791666674,5.76041696709581
8.56913125000007,5.75937530037481
8.56946458333341,5.75546905017109
8.56979791666674,5.75156279996736
8.57013125000008,5.75520863349084
8.57046458333341,5.76132842547668
8.57079791666674,5.76718780078227
8.57113125000008,5.76445342563966
8.57146458333341,5.76106800879643
8.57179791666674,5.7582034253137
8.57213125000008,5.75950550871494
8.57246458333341,5.75208363332786
8.57279791666675,5.74752634142351
8.57313125000008,5.74687529972289
8.57346458333341,5.75182321664761
8.57379791666675,5.74843779980438
8.57413125000008,5.75026071656612
8.57446458333341,5.74921904984512
8.57479791666675,5.75455759179022
8.57513125000008,5.75455759179022
8.57546458333342,5.75651071689208
8.57579791666675,5.7533857167291
8.57613125000008,5.74687529972289
8.57646458333342,5.73984404935618
8.57679791666675,5.74010446603643
8.57713125000009,5.74362009121978
8.57746458333342,5.75299509170873
8.57779791666675,5.75325550838898
8.57813125000009,5.74674509138276
8.57846458333342,5.73932321599568
8.57879791666676,5.73307321566972
8.57913125000009,5.73229196562897
8.57946458333342,5.7361982158327
8.57979791666675,5.74296904951916
8.58013125000009,5.74817738312413
8.58046458333342,5.74505238296115
8.58079791666676,5.74075550773705
8.58113125000009,5.74088571607717
8.58146458333342,5.74231800781854
8.58179791666676,5.74570342466177
8.58213125000009,5.7442711329204
8.58246458333342,5.74674509138276
8.58279791666676,5.75065134158649
8.58313125000009,5.75638050855196
8.58346458333343,5.75546905017109
8.58379791666676,5.75312530004885
8.58413125000009,5.74622425802227
8.58446458333343,5.74088571607717
8.58479791666676,5.74296904951916
8.58513125000009,5.75000029988587
8.58546458333343,5.75677113357233
8.58579791666676,5.75585967519146
8.5861312500001,5.75677113357233
8.58646458333343,5.75898467535444
8.58679791666676,5.76757842580264
8.5871312500001,5.76966175924463
8.58746458333343,5.77252634272736
8.58779791666676,5.77213571770699
8.5881312500001,5.78046905147494
8.58846458333343,5.78867217690277
8.58879791666677,5.79596384394972
8.5891312500001,5.80911488630227
8.58946458333343,5.8205732202332
8.58979791666677,5.82773467894003
8.5901312500001,5.83268259586475
8.59046458333344,5.84348988809507
8.59079791666677,5.85195343020314
8.5911312500001,5.85312530526426
8.59146458333344,5.85638051376736
8.59179791666677,5.86966176446003
8.5921312500001,5.88307322349283
8.59246458333344,5.89544301580463
8.59279791666677,5.9087242664973
8.5931312500001,5.92265655889059
8.59346458333344,5.93854197638575
8.59379791666677,5.95208364375867
8.59413125000011,5.96809926959395
8.59446458333344,5.98151072862675
8.59479791666677,5.99453156263917
8.59513125000011,6.00755239665159
8.59546458333344,6.02135448070476
8.59579791666677,6.0403648983629
8.59613125000011,6.05950552436116
8.59646458333344,6.08098990048166
8.59679791666678,6.09700552631693
8.59713125000011,6.10638052680588
8.59746458333344,6.10911490194849
8.59779791666678,6.11536490227445
8.59813125000011,6.12057323587942
8.59846458333344,6.13242219483073
8.59879791666678,6.13763052843569
8.59913125000011,6.1489586540265
8.59946458333345,6.14869823734625
8.59979791666678,6.15104198746849
8.60013125000011,6.15208365418948
8.60046458333345,6.15429719597159
8.60079791666678,6.15442740431172
8.60113125000011,6.15559927937284
8.60146458333345,6.1580732378352
8.60179791666678,6.15898469621607
8.60213125000012,6.15794302949507
8.60246458333345,6.15286490423023
8.60279791666678,6.15208365418948
8.60313125000012,6.14023469523818
8.60346458333345,6.13437531993259
8.60379791666679,6.12070344421954
8.60413125000012,6.11705761069607
8.60446458333345,6.10156281822128
8.60479791666679,6.09023469263048
8.60513125000012,6.07265656671371
8.60546458333345,6.065625316347
8.60579791666679,6.05390656573582
8.60613125000012,6.04882844047097
8.60646458333345,6.0403648983629
8.60679791666679,6.02734406435047
8.60713125000012,6.00937531341333
8.60746458333345,5.99270864587743
8.60779791666679,5.97890656182426
8.60813125000012,5.96875031129457
8.60846458333346,5.95768260238401
8.60879791666679,5.94466176837159
8.60913125000012,5.92760447581532
8.60946458333346,5.91627635022451
8.60979791666679,5.90794301645656
8.61013125000012,5.90416697459295
8.61046458333346,5.89453155742376
8.61079791666679,5.8888023904583
8.61113125000013,5.87460968138476
8.61146458333346,5.8625003057532
8.61179791666679,5.85612009708711
8.61213125000013,5.85664093044761
8.61246458333346,5.84934926340066
8.61279791666679,5.83619822104811
8.61313125000013,5.83320342922525
8.61346458333346,5.8377607211296
8.6137979166668,5.83789092946972
8.61413125000013,5.8291669706814
8.61446458333346,5.82369822039618
8.6147979166668,5.82447947043693
8.61513125000013,5.82851592898078
8.61546458333347,5.83020863740239
8.6157979166668,5.83893259619072
8.61613125000013,5.8420575963537
8.61646458333347,5.84830759667966
8.6167979166668,5.84257842971419
8.61713125000014,5.84062530461233
8.61746458333347,5.83606801270798
8.6177979166668,5.84231801303395
8.61813125000013,5.84973988842103
8.61846458333347,5.86210968073283
8.6187979166668,5.86809926437854
8.61913125000014,5.87070343118103
8.61946458333347,5.86835968105879
8.6197979166668,5.87812530656811
8.62013125000014,5.8839846818737
8.62046458333347,5.88893259879842
8.6207979166668,5.88528676527494
8.62113125000014,5.89505239078426
8.62146458333347,5.90208364115097
8.62179791666681,5.90208364115097
8.62213125000014,5.90507843297382
8.62246458333347,5.91588572520413
8.62279791666681,5.92903676755668
8.62313125000014,5.93294301776041
8.62346458333347,5.93007843427768
8.62379791666681,5.93424510116165
8.62413125000014,5.93945343476662
8.62446458333348,5.94778676853457
8.62479791666681,5.95390656052041
8.62513125000014,5.96471385275072
8.62546458333348,5.9759117700014
8.62579791666681,5.9769534367224
8.62613125000014,5.97135447809706
8.62646458333348,5.97330760319892
8.62679791666681,5.98320343704836
8.62713125000015,5.99231802085706
8.62746458333348,5.99596385438053
8.62779791666681,5.99453156263917
8.62813125000015,5.98945343737432
8.62846458333348,5.98710968725209
8.62879791666682,5.98945343737432
8.62913125000015,5.99661489608116
8.62946458333348,5.99778677114227
8.62979791666682,5.99348989591817
8.63013125000015,5.99127635413606
8.63046458333348,5.98919302069408
8.63079791666682,5.99179718749656
8.63113125000015,5.99375031259842
8.63146458333348,5.99348989591817
8.63179791666682,5.98619822887122
8.63213125000015,5.97421906157979
8.63246458333349,5.96289093598898
8.63279791666682,5.959765935826
8.63313125000015,5.96158885258774
8.63346458333349,5.96237010262848
8.63379791666682,5.95585968562227
8.63413125000015,5.94674510181358
8.63446458333349,5.93333364278078
8.63479791666682,5.92864614253631
8.63513125000016,5.92148468382948
8.63546458333349,5.91992218374799
8.63579791666682,5.91080759993929
8.63613125000016,5.89908884932811
8.63646458333349,5.88320343183295
8.63679791666682,5.8705732228409
8.63713125000016,5.8710940562014
8.63746458333349,5.87526072308538
8.63779791666683,5.8721357229224
8.63813125000016,5.85690134712786
8.63846458333349,5.84283884639444
8.63879791666683,5.84466176315618
8.63913125000016,5.84661488825805
8.63946458333349,5.84427113813581
8.63979791666683,5.83684926274873
8.64013125000016,5.82760447059991
8.6404645833335,5.81901072015171
8.64079791666683,5.80781280290103
8.64113125000016,5.8082034279214
8.6414645833335,5.81041696970351
8.64179791666683,5.81002634468314
8.64213125000017,5.7990888441127
8.6424645833335,5.79778676071146
8.64279791666683,5.79947946913308
8.64313125000017,5.80585967779916
8.6434645833335,5.79622426062997
8.64379791666683,5.79674509399047
8.64413125000017,5.79934926079295
8.6444645833335,5.80794301124115
8.64479791666683,5.80989613634301
8.64513125000017,5.82070342857333
8.6454645833335,5.83190134582401
8.64579791666684,5.83411488760612
8.64613125000017,5.83007842906227
8.6464645833335,5.8296878040419
8.64679791666684,5.83984405457159
8.64713125000017,5.8463544715778
8.6474645833335,5.84765655497904
8.64779791666684,5.84830759667966
8.64813125000017,5.85273468024388
8.64846458333351,5.86184926405258
8.64879791666684,5.86575551425631
8.64913125000017,5.86901072275941
8.64946458333351,5.87018259782053
8.64979791666684,5.87265655628289
8.65013125000017,5.87252634794277
8.65046458333351,5.87200551458227
8.65079791666684,5.87643259814649
8.65113125000018,5.88177114009159
8.65146458333351,5.88763051539718
8.65179791666684,5.88658884867618
8.65213125000018,5.89049509887991
8.65246458333351,5.89518259912438
8.65279791666684,5.90000030770898
8.65313125000018,5.89622426584538
8.65346458333351,5.896875307546
8.65379791666685,5.89778676592687
8.65413125000018,5.89661489086575
8.65446458333351,5.88320343183295
8.65479791666685,5.87395863968413
8.65513125000018,5.87643259814649
8.65546458333352,5.88098989005084
8.65579791666685,5.88372426519345
8.65613125000018,5.88216176511196
8.65646458333351,5.87825551490823
8.65679791666685,5.86875030607917
8.65713125000018,5.85585968040687
8.65746458333352,5.85429718032538
8.65779791666685,5.86106801401184
8.65813125000018,5.85989613895072
8.65846458333352,5.8587242638896
8.65879791666685,5.85572947206674
8.65913125000018,5.85768259716861
8.65946458333352,5.85416697198525
8.65979791666685,5.85468780534575
8.66013125000019,5.85052113846177
8.66046458333352,5.84973988842103
8.66079791666685,5.84375030477531
8.66113125000019,5.8506513468019
8.66146458333352,5.85703155546798
8.66179791666685,5.86940134777979
8.66213125000019,5.87122426454152
8.66246458333352,5.875911764786
8.66279791666686,5.87747426486749
8.66313125000019,5.8796878066496
8.66346458333352,5.87682322316687
8.66379791666686,5.87526072308538
8.66413125000019,5.87890655660885
8.66446458333352,5.88606801531569
8.66479791666686,5.88971384883917
8.66513125000019,5.89752634924662
8.66546458333353,5.90612009969482
8.66579791666686,5.917838850306
8.66613125000019,5.92812530917581
8.66646458333353,5.93763051800488
8.66679791666686,5.94830760189507
8.6671312500002,5.95729197736364
8.66746458333353,5.96471385275072
8.66779791666686,5.97083364473656
8.6681312500002,5.98229197866749
8.66846458333353,5.99270864587743
8.66879791666687,6.00052114628488
8.6691312500002,6.00690135495097
8.66946458333353,6.02239614742575
8.66979791666686,6.03085968953383
8.6701312500002,6.03710968985979
8.67046458333353,6.03515656475793
8.67079791666687,6.03763052322029
8.6711312500002,6.03645864815917
8.67146458333353,6.03346385633631
8.67179791666687,6.03619823147892
8.6721312500002,6.04062531504315
8.67246458333353,6.05195344063395
8.67279791666687,6.05729198257905
8.6731312500002,6.06497427464638
8.67346458333354,6.06549510800687
8.67379791666687,6.07083364995197
8.6741312500002,6.06927114987048
8.67446458333354,6.06966177489085
8.67479791666687,6.07005239991122
8.6751312500002,6.07903677537979
8.67546458333354,6.08020865044091
8.67579791666687,6.07552115019644
8.67613125000021,6.0699221915711
8.67646458333354,6.06822948314948
8.67679791666687,6.06328156622476
8.67713125000021,6.05911489934079
8.67746458333354,6.05807323261979
8.67779791666687,6.06354198290501
8.67813125000021,6.05794302427967
8.67846458333354,6.05364614905557
8.67879791666688,6.05585969083768
8.67913125000021,6.05872427432041
8.67946458333354,6.04987010719197
8.67979791666688,6.02903677277209
8.68013125,6.01627635543991
8.68046458333333,6.01210968855594
8.68079791666667,6.01054718847445
8.68113125,6.00247427138675
8.68146458333334,6.00351593810774
8.68179791666667,5.99531281267991
8.68213125,5.98671906223172
8.68246458333334,5.97291697817855
8.68279791666667,5.96901072797482
8.68313125,5.96640656117234
8.68346458333334,5.95143260205805
8.68379791666667,5.93151072601904
8.68413125000001,5.91289093338128
8.68446458333334,5.90325551621209
8.68479791666667,5.89140655726078
8.68513125000001,5.87669301482674
8.68546458333334,5.86835968105879
8.68579791666667,5.86276072243345
8.68613125000001,5.85520863870625
8.68646458333334,5.84856801335991
8.68679791666668,5.8506513468019
8.68713125000001,5.85364613862475
8.68746458333334,5.83867217951047
8.68779791666668,5.82148467861407
8.68813125000001,5.80963571966277
8.68846458333334,5.80911488630227
8.68879791666668,5.80325551099668
8.68913125000001,5.79856801075221
8.68946458333335,5.7904950936645
8.68979791666668,5.78580759342003
8.69013125000001,5.78085967649531
8.69046458333335,5.77877634305332
8.69079791666668,5.77252634272736
8.69113125000002,5.770052384265
8.69146458333335,5.76510446734028
8.69179791666668,5.76054717543593
8.69213125000002,5.7539065500896
8.69246458333335,5.75052113324637
8.69279791666668,5.75078154992661
8.69313125000002,5.74674509138276
8.69346458333335,5.7404950910568
8.69379791666668,5.73359404903022
8.69413125000002,5.72981800716661
8.69446458333335,5.72578154862276
8.69479791666669,5.72617217364314
8.69513125000002,5.72591175696289
8.69546458333335,5.7233075901604
8.69579791666669,5.71705758983444
8.69613125000002,5.7157555064332
8.69646458333335,5.71627633979369
8.69679791666669,5.72057321501779
8.69713125000002,5.72148467339866
8.69746458333336,5.72643259032338
8.69779791666669,5.73112009056786
8.69813125000002,5.72578154862276
8.69846458333336,5.72083363169804
8.69879791666669,5.71979196497705
8.69913125000002,5.72656279866351
8.69946458333336,5.72578154862276
8.69979791666669,5.71744821485481
8.70013125000003,5.71601592311345
8.70046458333336,5.71731800651469
8.70079791666669,5.71757842319494
8.70113125000003,5.71406279801158
8.70146458333336,5.71627633979369
8.70179791666669,5.72200550675916
8.70213125000003,5.72591175696289
8.70246458333336,5.72447946522152
8.7027979166667,5.72070342335792
8.70313125000003,5.71731800651469
8.70346458333336,5.71588571477332
8.7037979166667,5.71510446473258
8.70413125000003,5.71158883954922
8.70446458333337,5.71380238133134
8.7047979166667,5.7119794645696
8.70513125000003,5.71119821452885
8.70546458333337,5.71015654780786
8.7057979166667,5.7152346730727
8.70613125000003,5.71770863153506
8.70646458333337,5.71458363137208
8.7067979166667,5.71966175663693
8.70713125000003,5.72421904854127
8.70746458333337,5.72226592343941
8.7077979166667,5.70651071428438
8.70813125000004,5.70442738084239
8.70846458333337,5.71015654780786
8.7087979166667,5.72109404837829
8.70913125000004,5.71927113161655
8.70946458333337,5.71705758983444
8.7097979166667,5.71614613145357
8.71013125000004,5.71705758983444
8.71046458333337,5.71705758983444
8.7107979166667,5.72278675679991
8.71113125000004,5.73203154894873
8.71146458333337,5.73359404903022
8.71179791666671,5.72539092360239
8.71213125000004,5.72252634011966
8.71246458333337,5.7238284235209
8.71279791666671,5.72526071526227
8.71313125000004,5.72226592343941
8.71346458333337,5.72565134028264
8.71379791666671,5.73203154894873
8.71413125000004,5.73098988222773
8.71446458333338,5.72825550708512
8.71479791666671,5.73072946554748
8.71513125000004,5.73255238230922
8.71546458333338,5.73268259064935
8.71579791666671,5.7233075901604
8.71613125000005,5.72070342335792
8.71646458333338,5.71822946489556
8.71679791666671,5.72213571509928
8.71713125000005,5.72994821550674
8.71746458333338,5.73789092425432
8.71779791666672,5.74023467437655
8.71813125000005,5.7324221739691
8.71846458333338,5.72643259032338
8.71879791666671,5.73072946554748
8.71913125000005,5.73541696579196
8.71946458333338,5.73645863251295
8.71979791666672,5.73059925720736
8.72013125000005,5.73320342400984
8.72046458333338,5.73750029923394
8.72079791666672,5.7399742576963
8.72113125000005,5.73450550741109
8.72146458333338,5.73450550741109
8.72179791666672,5.73112009056786
8.72213125000005,5.73450550741109
8.72246458333339,5.73476592409134
8.72279791666672,5.74205759113829
8.72313125000005,5.74218779947842
8.72346458333339,5.74375029955991
8.72379791666672,5.73580759081233
8.72413125000005,5.73398467405059
8.72446458333339,5.7319013406086
8.72479791666672,5.74270863283891
8.72513125000006,5.74830759146426
8.72546458333339,5.74921904984512
8.72579791666672,5.74036488271668
8.72613125000006,5.73906279931543
8.72646458333339,5.7410159244173
8.72679791666672,5.74804717478401
8.72713125000006,5.75234405000811
8.72746458333339,5.75312530004885
8.72779791666673,5.7410159244173
8.72813125000006,5.73424509073084
8.72846458333339,5.73151071558823
8.72879791666673,5.73984404935618
8.72913125000006,5.73958363267593
8.7294645833334,5.74257842449879
8.72979791666673,5.74622425802227
8.73013125000006,5.75351592506922
8.7304645833334,5.75234405000811
8.73079791666673,5.75742217527295
8.73113125000006,5.7576825919532
8.7314645833334,5.76184925883717
8.73179791666673,5.76497425900016
8.73213125000006,5.77200550936686
8.7324645833334,5.77708363463171
8.73279791666673,5.77317738442798
8.73313125000007,5.76901071754401
8.7334645833334,5.771094050986
8.73379791666673,5.78164092653606
8.73413125000007,5.78255238491693
8.7344645833334,5.78059925981506
8.73479791666673,5.78046905147494
8.73513125000007,5.78815134354227
8.7354645833334,5.79375030216761
8.73579791666674,5.79023467698426
8.73613125000007,5.79648467731022
8.7364645833334,5.80143259423494
8.73679791666674,5.81132842808438
8.73713125000007,5.81341176152637
8.7374645833334,5.82161488695419
8.73779791666674,5.82395863707643
8.73813125000007,5.8248700954573
8.73846458333341,5.81953155351221
8.73879791666674,5.82291697035544
8.73913125000007,5.83580759602774
8.73946458333341,5.84218780469382
8.73979791666674,5.84453155481606
8.74013125000007,5.84218780469382
8.74046458333341,5.85208363854326
8.74079791666674,5.86054718065134
8.74113125000008,5.86796905603842
8.74146458333341,5.87369822300389
8.74179791666674,5.88242218179221
8.74213125000008,5.89010447385954
8.74246458333341,5.89453155742376
8.74279791666675,5.90299509953184
8.74313125000008,5.9135419750819
8.74346458333341,5.92460968399246
8.74379791666675,5.92526072569308
8.74413125000008,5.92942739257706
8.74446458333341,5.93346385112091
8.74479791666675,5.94296905994997
8.74513125000008,5.94348989331047
8.74546458333341,5.95481801890128
8.74579791666675,5.959765935826
8.74613125000008,5.96992218635569
8.74646458333342,5.97539093664091
8.74679791666675,5.98372427040886
8.74713125000008,5.98697947891196
8.74746458333342,5.98203156198724
8.74779791666675,5.97877635348414
8.74813125000008,5.97812531178352
8.74846458333342,5.98242218700761
8.74879791666675,5.98945343737432
8.74913125000009,5.99088572911569
8.74946458333342,5.99609406272066
8.74979791666675,6.00234406304662
8.75013125000009,6.00989614677383
8.75046458333342,6.01119823017507
8.75079791666675,6.00286489640712
8.75113125000009,5.99661489608116
8.75146458333342,5.99270864587743
8.75179791666676,5.98906281235395
8.75213125000009,5.98945343737432
8.75246458333342,5.99062531243544
8.75279791666676,5.98971385405457
8.75313125000009,5.98411489542923
8.75346458333342,5.97929718684463
8.75379791666676,5.97773468676314
8.75413125000009,5.97955760352488
8.75446458333343,5.9721357281378
8.75479791666676,5.96927114465507
8.75513125000009,5.9630211443291
8.75546458333343,5.95794301906426
8.75579791666676,5.95208364375867
8.7561312500001,5.94375030999072
8.75646458333343,5.94023468480737
8.75679791666676,5.94062530982774
8.75713125000009,5.938802393066
8.75746458333343,5.9350263512024
8.75779791666676,5.92408885063196
8.7581312500001,5.91601593354426
8.75846458333343,5.91041697491892
8.75879791666676,5.91015655823867
8.7591312500001,5.91510447516339
8.75946458333343,5.91315135006153
8.75979791666676,5.90690134973556
8.7601312500001,5.90143259945035
8.76046458333343,5.90742218309606
8.76079791666677,5.91315135006153
8.7611312500001,5.90794301645656
8.76146458333343,5.89713572422625
8.76179791666677,5.89101593224041
8.7621312500001,5.89166697394103
8.76246458333343,5.88932322381879
8.76279791666677,5.88919301547867
8.7631312500001,5.89322947402252
8.76346458333344,5.90195343281084
8.76379791666677,5.9049482246337
8.7641312500001,5.90507843297382
8.76446458333344,5.90338572455221
8.76479791666677,5.90091176608985
8.7651312500001,5.895833640825
8.76546458333344,5.88932322381879
8.76579791666677,5.88567739029531
8.76613125000011,5.88697947369656
8.76646458333344,5.8882815570978
8.76679791666677,5.88320343183295
8.76713125000011,5.87994822332985
8.76746458333344,5.87981801498972
8.76779791666678,5.88554718195519
8.76813125000011,5.88502634859469
8.76846458333344,5.88580759863544
8.76879791666678,5.88333364017308
8.76913125000011,5.87851593158848
8.76946458333345,5.86835968105879
8.76979791666678,5.8667971809773
8.77013125000011,5.86718780599767
8.77046458333344,5.86692738931743
8.77079791666678,5.86119822235196
8.77113125000011,5.86601593093656
8.77146458333345,5.86953155611991
8.77179791666678,5.87174509790202
8.77213125000011,5.87005238948041
8.77246458333345,5.87135447288165
8.77279791666678,5.87578155644587
8.77313125000011,5.87434926470451
8.77346458333345,5.87083363952115
8.77379791666678,5.8705732228409
8.77413125000012,5.86835968105879
8.77446458333345,5.86914093109954
8.77479791666678,5.86783884769829
8.77513125000012,5.87382843134401
8.77546458333345,5.87890655660885
8.77579791666678,5.87825551490823
8.77613125000012,5.87356801466376
8.77646458333345,5.8721357229224
8.77679791666679,5.87708363984712
8.77713125000012,5.88033884835022
8.77746458333345,5.88515655693482
8.77779791666679,5.88854197377805
8.77813125000012,5.89296905734227
8.77846458333345,5.88906280713854
8.77879791666679,5.88710968203668
8.77913125000012,5.89622426584538
8.77946458333346,5.90598989135469
8.77979791666679,5.91145864163991
8.78013125000012,5.90338572455221
8.78046458333346,5.9049482246337
8.78079791666679,5.90390655791271
8.78113125000013,5.91341176674177
8.78146458333346,5.91966176706774
8.78179791666679,5.92382843395171
8.78213125000013,5.92057322544861
8.78246458333346,5.92226593387022
8.78279791666679,5.92408885063196
8.78313125000013,5.92473989233258
8.78346458333346,5.92434926731221
8.78379791666679,5.92460968399246
8.78413125000013,5.92890655921656
8.78446458333346,5.9296878092573
8.7847979166668,5.93593780958327
8.78513125000013,5.93541697622277
8.78546458333346,5.93294301776041
8.7857979166668,5.92682322577457
8.78613125000013,5.92382843395171
8.78646458333346,5.92460968399246
8.7867979166668,5.93098989265855
8.78713125000013,5.93763051800488
8.78746458333347,5.94283885160985
8.7877979166668,5.9436201016506
8.78813125000013,5.94270864326973
8.78846458333347,5.93893260140612
8.7887979166668,5.93737010132463
8.78913125000013,5.93580760124314
8.78946458333347,5.92786489249556
8.7897979166668,5.92096385046898
8.79013125000014,5.92382843395171
8.79046458333347,5.93424510116165
8.7907979166668,5.93489614286227
8.79113125000014,5.92487010067271
8.79146458333347,5.91132843329979
8.7917979166668,5.90585968301457
8.79213125000014,5.90585968301457
8.79246458333347,5.90703155807569
8.79279791666681,5.90208364115097
8.79313125000014,5.9001305160491
8.79346458333347,5.89674509920587
8.79379791666681,5.89609405750525
8.79413125000014,5.89348989070277
8.79446458333348,5.89544301580463
8.79479791666681,5.89362009904289
8.79513125000014,5.88502634859469
8.79546458333348,5.87903676494898
8.79579791666681,5.87343780632364
8.79613125000014,5.87252634794277
8.79646458333348,5.86184926405258
8.79679791666681,5.85638051376736
8.79713125000014,5.85520863870625
8.79746458333348,5.86041697231121
8.79779791666681,5.86549509757606
8.79813125000015,5.85533884704637
8.79846458333348,5.84856801335991
8.79879791666681,5.83971384623146
8.79913125000015,5.83919301287096
8.79946458333348,5.83606801270798
8.79979791666681,5.8410159296327
8.80013125000015,5.84648467991792
8.80046458333348,5.85104197182227
8.80079791666681,5.85156280518277
8.80113125000015,5.85169301352289
8.80146458333348,5.85755238882848
8.80179791666682,5.86015655563097
8.80213125000015,5.86614613927668
8.80246458333348,5.86783884769829
8.80279791666682,5.88085968171072
8.80313125000015,5.88281280681258
8.80346458333348,5.88138051507121
8.80379791666682,5.87526072308538
8.80413125000015,5.88385447353358
8.80446458333349,5.89062530722003
8.80479791666682,5.89544301580463
8.80513125000015,5.90091176608985
8.80546458333349,5.91132843329979
8.80579791666682,5.92291697557084
8.80613125000016,5.93372426780115
8.80646458333349,5.94427114335122
8.80679791666682,5.95078156035743
8.80713125000016,5.95651072732289
8.80746458333349,5.96276072764886
8.80779791666683,5.96770864457358
8.80813125000016,5.97382843655942
8.80846458333349,5.98750031227246
8.80879791666682,5.99921906288364
8.80913125000016,6.01210968855594
8.80946458333349,6.01302114693681
8.80979791666683,6.02591177260911
8.81013125000016,6.03346385633631
8.81046458333349,6.04505239860737
8.81079791666683,6.05078156557283
8.81113125000016,6.05546906581731
8.81146458333349,6.06289094120439
8.81179791666683,6.06953156655072
8.81213125000016,6.08424510898476
8.8124645833335,6.10143260988116
8.81279791666683,6.11627636065532
8.81313125000016,6.12734406956588
8.8134645833335,6.14192740365979
8.81379791666683,6.15651073775371
8.81413125000016,6.16302115475992
8.8144645833335,6.1656253215624
8.81479791666683,6.1709638635075
8.81513125000017,6.17968782229582
8.8154645833335,6.1790367805952
8.81579791666683,6.18190136407793
8.81613125000017,6.18489615590079
8.8164645833335,6.19414094804961
8.81679791666683,6.19609407315147
8.81713125000017,6.19739615655271
8.8174645833335,6.20312532351818
8.81779791666684,6.20625032368116
8.81813125000017,6.21119824060588
8.8184645833335,6.20989615720464
8.81879791666684,6.21210969898675
8.81913125000017,6.21119824060588
8.81946458333351,6.21901074101334
8.81979791666684,6.22395865793806
8.82013125000017,6.22552115801955
8.82046458333351,6.21979199105408
8.82079791666684,6.21901074101334
8.82113125000017,6.22226594951644
8.82146458333351,6.21575553251023
8.82179791666684,6.21276074068737
8.82213125000017,6.20989615720464
8.82246458333351,6.21445344910899
8.82279791666684,6.21432324076886
8.82313125000018,6.21210969898675
8.82346458333351,6.20507844862004
8.82379791666684,6.19895865663421
8.82413125000018,6.19127636456688
8.82446458333351,6.19427115638973
8.82479791666684,6.19348990634899
8.82513125000018,6.19166698958725
8.82546458333351,6.1785159472347
8.82579791666685,6.16966178010625
8.82613125000018,6.16770865500439
8.82646458333351,6.16809928002476
8.82679791666685,6.16054719629756
8.82713125000018,6.14335969540116
8.82746458333351,6.13385448657209
8.82779791666685,6.12343781936215
8.82813125000018,6.11875031911768
8.82846458333352,6.10716177684663
8.82879791666685,6.10625031846575
8.82913125000018,6.09791698469781
8.82946458333352,6.08776073416812
8.82979791666685,6.07343781675445
8.83013125000018,6.06640656638774
8.83046458333352,6.05468781577656
8.83079791666685,6.04335969018575
8.83113125000019,6.03033885617333
8.83146458333352,6.02682323098998
8.83179791666685,6.02031281398376
8.83213125000019,6.01184927187569
8.83246458333352,6.00468781316886
8.83279791666686,6.00234406304662
8.83313125000019,5.99921906288364
8.83346458333352,5.99088572911569
8.83379791666686,5.97929718684463
8.83413125000019,5.97239614481805
8.83446458333352,5.96614614449209
8.83479791666686,5.96119822756737
8.83513125000019,5.95859406076488
8.83546458333352,5.95651072732289
8.83579791666686,5.95533885226178
8.83613125000019,5.94453156003146
8.83646458333353,5.93190135103942
8.83679791666686,5.92291697557084
8.83713125000019,5.9264326007542
8.83746458333353,5.92695343411469
8.83779791666686,5.92135447548935
8.83813125000019,5.91692739192513
8.83846458333353,5.91966176706774
8.83879791666686,5.92148468382948
8.8391312500002,5.92304718391097
8.83946458333353,5.9253909340332
8.83979791666686,5.93229197605979
8.8401312500002,5.93046905929805
8.84046458333353,5.92786489249556
8.84079791666686,5.92200551718997
8.8411312500002,5.92395864229184
8.84146458333353,5.92656280909432
8.84179791666687,5.92903676755668
8.8421312500002,5.92747426747519
8.84246458333353,5.92877635087643
8.84279791666687,5.92786489249556
8.8431312500002,5.92734405913507
8.84346458333353,5.9259117673937
8.84379791666687,5.93346385112091
8.8441312500002,5.93242218439991
8.84446458333354,5.92812530917581
8.84479791666687,5.91770864196587
8.8451312500002,5.91888051702699
8.84546458333354,5.91822947532637
8.84579791666687,5.91627635022451
8.84613125000021,5.91536489184364
8.84646458333354,5.91862010034674
8.84679791666687,5.92343780893134
8.8471312500002,5.92057322544861
8.84746458333354,5.91328155840165
8.84779791666687,5.90651072471519
8.84813125000021,5.90612009969482
8.84846458333354,5.90000030770898
8.84879791666687,5.89544301580463
8.84913125000021,5.8839846818737
8.84946458333354,5.88307322349283
8.84979791666687,5.87903676494898
8.85013125000021,5.87890655660885
8.85046458333354,5.87278676462302
8.85079791666667,5.8630211391137
8.85113125,5.853906555305
8.85146458333334,5.8458336382173
8.85179791666667,5.84427113813581
8.85213125,5.8415367629932
8.85246458333334,5.83919301287096
8.85279791666667,5.83645863772836
8.85313125000001,5.82708363723941
8.85346458333334,5.8210940535937
8.85379791666667,5.81406280322699
8.85413125000001,5.82031280355295
8.85446458333334,5.82460967877705
8.85479791666667,5.82682322055916
8.85513125000001,5.82643259553879
8.85546458333334,5.82643259553879
8.85579791666667,5.82278676201531
8.85613125000001,5.81341176152637
8.85646458333334,5.80677113618003
8.85679791666668,5.80677113618003
8.85713125000001,5.81796905343072
8.85746458333334,5.82122426193382
8.85779791666668,5.81848988679121
8.85813125000001,5.81380238654674
8.85846458333334,5.80989613634301
8.85879791666668,5.81328155318624
8.85913125000001,5.8157555116486
8.85946458333335,5.81588571998873
8.85979791666668,5.81132842808438
8.86013125000001,5.80429717771767
8.86046458333335,5.80677113618003
8.86079791666668,5.81276071982575
8.86113125000001,5.80742217788065
8.86146458333335,5.79882842743245
8.86179791666668,5.7947919688886
8.86213125000002,5.80364613601705
8.86246458333335,5.8076825945609
8.86279791666668,5.80481801107817
8.86313125000002,5.79869821909233
8.86346458333335,5.80559926111892
8.86379791666669,5.8076825945609
8.86413125000002,5.8082034279214
8.86446458333335,5.80104196921457
8.86479791666669,5.80286488597631
8.86513125000002,5.80416696937755
8.86546458333335,5.8076825945609
8.86579791666669,5.80377634435718
8.86613125000002,5.80312530265655
8.86646458333336,5.80104196921457
8.86679791666669,5.80703155286028
8.86713125000002,5.8039065526973
8.86746458333336,5.80885446962202
8.86779791666669,5.80742217788065
8.86813125000002,5.80963571966277
8.86846458333336,5.80729196954053
8.86879791666669,5.81263051148562
8.86913125000002,5.81653676168935
8.86946458333336,5.81549509496836
8.86979791666669,5.80989613634301
8.87013125000003,5.81054717804363
8.87046458333336,5.81028676136339
8.87079791666669,5.81132842808438
8.87113125000003,5.81848988679121
8.87146458333336,5.82591176217829
8.87179791666669,5.83437530428637
8.87213125000003,5.83945342955121
8.87246458333336,5.84596384655743
8.8727979166667,5.84427113813581
8.87313125000003,5.84505238817656
8.87346458333336,5.83867217951047
8.8737979166667,5.84088572129258
8.87413125000003,5.84231801303395
8.87446458333336,5.84804717999941
8.8747979166667,5.85156280518277
8.87513125000003,5.84739613829879
8.87546458333337,5.8458336382173
8.8757979166667,5.84817738833954
8.87613125000003,5.85052113846177
8.87646458333337,5.85039093012165
8.8767979166667,5.85351593028463
8.87713125000004,5.85716176380811
8.87746458333337,5.85677113878774
8.8777979166667,5.84843780501979
8.87813125000004,5.84791697165929
8.87846458333337,5.85208363854326
8.8787979166667,5.85716176380811
8.87913125000004,5.85781280550873
8.87946458333337,5.86210968073283
8.87979791666671,5.8710940562014
8.88013125000004,5.87812530656811
8.88046458333337,5.87864613992861
8.8807979166667,5.87473988972488
8.88113125000004,5.86770863935817
8.88146458333337,5.86549509757606
8.88179791666671,5.86835968105879
8.88213125000004,5.86862009773904
8.88246458333337,5.8721357229224
8.88279791666671,5.86848988939892
8.88313125000004,5.87369822300389
8.88346458333337,5.86901072275941
8.88379791666671,5.86862009773904
8.88413125000004,5.86796905603842
8.88446458333338,5.87174509790202
8.88479791666671,5.86393259749457
8.88513125000004,5.85612009708711
8.88546458333338,5.85833363886923
8.88579791666671,5.86914093109954
8.88613125000004,5.86523468089581
8.88646458333338,5.85937530559022
8.88679791666671,5.85846384720935
8.88713125000005,5.86523468089581
8.88746458333338,5.86640655595693
8.88779791666671,5.86145863903221
8.88813125000005,5.8673180143378
8.88846458333338,5.87278676462302
8.88879791666672,5.87825551490823
8.88913125000005,5.87799509822799
8.88946458333338,5.87500030640513
8.88979791666672,5.88098989005084
8.89013125000005,5.88593780697556
8.89046458333339,5.88841176543792
8.89079791666672,5.88528676527494
8.89113125000005,5.88789093207743
8.89146458333339,5.90039093272935
8.89179791666672,5.91223989168066
8.89213125000005,5.92473989233258
8.89246458333339,5.93593780958327
8.89279791666672,5.94765656019445
8.89313125000006,5.95416697720066
8.89346458333339,5.95755239404389
8.89379791666672,5.96562531113159
8.89413125000005,5.97968781186501
8.89446458333339,5.99648468774103
8.89479791666672,6.00625031325035
8.89513125000006,6.00950552175345
8.89546458333339,6.02044302232389
8.89579791666672,6.03268260629557
8.89613125000006,6.0479169820901
8.89646458333339,6.05507844079693
8.89679791666672,6.07187531667296
8.89713125000006,6.08723990080762
8.89746458333339,6.10351594332315
8.89779791666673,6.11328156883246
8.89813125000006,6.12434927774302
8.89846458333339,6.13411490325234
8.89879791666673,6.14492219548265
8.89913125000006,6.1618492796988
8.89946458333339,6.17630240545259
8.89979791666673,6.18554719760141
8.90013125000006,6.191406572907
8.9004645833334,6.1994794899947
8.90079791666673,6.21054719890526
8.90113125000006,6.21992219939421
8.9014645833334,6.23072949162452
8.90179791666673,6.23645865858998
8.90213125000007,6.23919303373259
8.9024645833334,6.23984407543321
8.90279791666673,6.24479199235793
8.90313125000007,6.2457034507388
8.9034645833334,6.24453157567768
8.90379791666673,6.24388053397706
8.90413125000007,6.24440136733756
8.9044645833334,6.24987011762278
8.90479791666674,6.24479199235793
8.90513125000007,6.23684928361036
8.9054645833334,6.22278678287694
8.90579791666674,6.22278678287694
8.90613125000007,6.22239615785657
8.9064645833334,6.21393261574849
8.90679791666674,6.19817740659346
8.90713125000007,6.18684928100265
8.9074645833334,6.17942740561557
8.90779791666674,6.1699221967865
8.90813125000007,6.15585969605309
8.90846458333341,6.14661490390427
8.90879791666674,6.13997427855793
8.90913125000007,6.13033886138874
8.90946458333341,6.11171906875097
8.90979791666674,6.09544302623544
8.91013125000007,6.0898440676101
8.91046458333341,6.0860680257465
8.91079791666674,6.0736982334347
8.91113125000008,6.05572948249756
8.91146458333341,6.04635448200861
8.91179791666674,6.03489614807768
8.91213125000008,6.02812531439122
8.91246458333341,6.01158885519544
8.91279791666674,6.0059898965701
8.91313125000008,5.9968753127614
8.91346458333341,5.99440135429904
8.91379791666675,5.99049510409532
8.91413125000008,5.98411489542923
8.91446458333341,5.97278676983842
8.91479791666675,5.95872426910501
8.91513125000008,5.94973989363643
8.91546458333342,5.94661489347345
8.91579791666675,5.95104197703768
8.91613125000008,5.94843781023519
8.91646458333342,5.95273468545929
8.91679791666675,5.95403676886053
8.91713125000008,5.95625031064265
8.91746458333342,5.95260447711917
8.91779791666675,5.95182322707842
8.91813125000009,5.95000031031668
8.91846458333342,5.94947947695619
8.91879791666675,5.95403676886053
8.91913125000009,5.95859406076488
8.91946458333342,5.96263051930873
8.91979791666675,5.95794301906426
8.92013125000009,5.96562531113159
8.92046458333342,5.97148468643718
8.92079791666675,5.97239614481805
8.92113125000009,5.97057322805631
8.92146458333342,5.97473989494029
8.92179791666676,5.97942739518476
8.92213125000009,5.98138052028662
8.92246458333342,5.97760447842302
8.92279791666676,5.98229197866749
8.92313125000009,5.9893232290342
8.92346458333342,6.0011721879855
8.92379791666676,6.00833364669234
8.92413125000009,6.01145864685532
8.92446458333342,6.0145836470183
8.92479791666676,6.02252635576588
8.92513125000009,6.0312503145542
8.92546458333343,6.04192739844439
8.92579791666676,6.04492219026724
8.92613125000009,6.04661489868886
8.92646458333343,6.03632843981905
8.92679791666676,6.03164093957457
8.9271312500001,6.03385448135668
8.92746458333343,6.04674510702898
8.92779791666676,6.05898469100066
8.9281312500001,6.07096385829209
8.92846458333343,6.08151073384215
8.92879791666677,6.09062531765085
8.9291312500001,6.09218781773234
8.92946458333343,6.09010448429035
8.92979791666677,6.08997427595023
8.9301312500001,6.09934927643917
8.93046458333343,6.1070315685065
8.93079791666677,6.1027346932824
8.9311312500001,6.09609406793607
8.93146458333344,6.09440135951445
8.93179791666677,6.10117219320091
8.9321312500001,6.10742219352687
8.93246458333343,6.11250031879172
8.93279791666677,6.11653677733557
8.9331312500001,6.11835969409731
8.93346458333344,6.11862011077756
8.93379791666677,6.11380240219296
8.9341312500001,6.11393261053308
8.93446458333344,6.11210969377134
8.93479791666677,6.11289094381209
8.9351312500001,6.10612011012563
8.93546458333344,6.10768261020712
8.93579791666677,6.11067740202998
8.93613125000011,6.11158886041085
8.93646458333344,6.11302115215222
8.93679791666677,6.12083365255967
8.93713125000011,6.12265656932141
8.93746458333344,6.11210969377134
8.93779791666677,6.10533886008489
8.93813125000011,6.11093781871023
8.93846458333344,6.12304719434178
8.93879791666678,6.12786490292638
8.93913125000011,6.13541698665358
8.93946458333344,6.13763052843569
8.93979791666678,6.1403649035783
8.94013125000011,6.13307323653135
8.94046458333345,6.12981802802824
8.94079791666678,6.12994823636836
8.94113125000011,6.13841177847644
8.94146458333345,6.14661490390427
8.94179791666678,6.15520865435246
8.94213125000011,6.15911490455619
8.94246458333345,6.1656253215624
8.94279791666678,6.16731802998402
8.94313125000012,6.16953157176613
8.94346458333345,6.1785159472347
8.94379791666678,6.1951826147706
8.94413125000012,6.20781282376265
8.94446458333345,6.22447949129855
8.94479791666678,6.23867220037209
8.94513125000012,6.25794303471048
8.94546458333345,6.27161491042352
8.94579791666678,6.28307324435446
8.94613125000012,6.30234407869284
8.94646458333345,6.31979199626949
8.94679791666679,6.34609408097458
8.94713125000012,6.36588574867346
8.94746458333345,6.3854169996921
8.94779791666679,6.40481804237061
8.94813125000012,6.43072950205533
8.94846458333345,6.45898471186229
8.94879791666679,6.48737013000937
8.94913125000012,6.51888054831943
8.94946458333346,6.55208367505111
8.94979791666679,6.57734409303521
8.95013125000012,6.60403680276068
8.95046458333346,6.62812534568366
8.95079791666679,6.66432326423819
8.95113125000012,6.70130243283347
8.95146458333346,6.74375035171397
8.95179791666679,6.78606806225435
8.95213125000013,6.82565139765211
8.95246458333346,6.86380244130851
8.95279791666679,6.90273473500565
8.95313125000013,6.94466182052565
8.95346458333346,6.99244828135125
8.9537979166668,7.03710974201385
8.95413125000013,7.0803389109351
8.95446458333346,7.12786495508044
8.9547979166668,7.18020870781038
8.95513125000013,7.23710975244467
8.95546458333346,7.28841183845361
8.9557979166668,7.34674517482927
8.95613125000013,7.39765663581784
8.95646458333347,7.46080768077809
8.9567979166668,7.51757851707225
8.95713125000013,7.58580768729735
8.95746458333347,7.64114623185014
8.9577979166668,7.69609415138257
8.95813125000013,7.75950561302307
8.95846458333347,7.83750040875748
8.9587979166668,7.91888062133512
8.95913125000013,7.99283895852568
8.95946458333347,8.06445354559401
8.9597979166668,8.15013063339575
8.96013125000014,8.23346397107525
8.96046458333347,8.32695355928445
8.9607979166668,8.41380252214731
8.96113125000014,8.51315148566209
8.96146458333347,8.61171919913613
8.9617979166668,8.71393274613365
8.96213125000014,8.82031296001514
8.96246458333347,8.91953171518981
8.96279791666681,9.01484422016074
8.96313125000014,9.09974005792174
8.96346458333347,9.1946619378723
8.96379791666681,9.28671923434013
8.96413125000014,9.39114632311976
8.96446458333347,9.49335987011728
8.96479791666681,9.60833383444697
8.96513125000014,9.71614634006983
8.96546458333348,9.82474009573343
8.96579791666681,9.93007864289393
8.96613125000014,10.0295578147488
8.96646458333348,10.133464070168
8.96679791666681,10.2500005345792
8.96713125000015,10.3786463746219
8.96746458333348,10.4934901306115
8.96779791666681,10.5776047183317
8.96813125000015,10.6450526385161
8.96846458333348,10.6986984746472
8.96879791666681,10.7565109776624
8.96913125000015,10.8108078554942
8.96946458333348,10.8625005665235
8.96979791666682,10.8992193184386
8.97013125000015,10.943750570761
8.97046458333348,10.9902349481854
8.97079791666681,11.0218755748356
8.97113125000015,11.029688075243
8.97146458333348,11.0330734920863
8.97179791666682,11.0377609923307
8.97213125000015,11.0351568255282
8.97246458333348,11.0023443238169
8.97279791666682,10.9639328634803
8.97313125000015,10.9119797357707
8.97346458333348,10.8654953583464
8.97379791666682,10.8145838973578
8.97413125000015,10.773958895239
8.97446458333349,10.7281255595153
8.97479791666682,10.6734380566631
8.97513125000015,10.5940109691874
8.97546458333349,10.5177088818746
8.97579791666682,10.4445317947248
8.97613125000015,10.3747401244182
8.97646458333349,10.2860682447936
8.97679791666682,10.2027349071141
8.97713125000016,10.0973963599536
8.97746458333349,9.99674531303754
8.97779791666682,9.88750051567331
8.97813125000016,9.79843801102834
8.97846458333349,9.71289113156672
8.97879791666683,9.61263070967107
8.97913125000016,9.50820362089144
8.97946458333349,9.40807340733591
8.97979791666683,9.30729215207975
8.98013125000016,9.21067756370758
8.9804645833335,9.11718797549838
8.98079791666683,9.04179734656645
8.98113125000016,8.96992234281788
8.9814645833335,8.88554733841738
8.98179791666683,8.79960983393539
8.98213125000016,8.70481816232496
8.9824645833335,8.61406294925837
8.98279791666683,8.507812943717
8.98313125000017,8.40312543825712
8.9834645833335,8.30039105789911
8.98379791666683,8.21536501179799
8.98413125000016,8.13580771598208
8.9844645833335,8.06210979547177
8.98479791666683,7.99036500006332
8.98513125000017,7.92656291340245
8.9854645833335,7.85091186779027
8.98579791666683,7.7833337392658
8.98613125000017,7.72200561106729
8.9864645833335,7.67278685850033
8.98679791666683,7.62187539751176
8.98713125000017,7.57421914502629
8.9874645833335,7.52291705901735
8.98779791666684,7.46067747243797
8.98813125000017,7.39375038561411
8.9884645833335,7.3377607993607
8.98879791666684,7.28632850501163
8.98913125000017,7.24179725268914
8.9894645833335,7.19947954214877
8.98979791666684,7.16484412367572
8.99013125000017,7.12799516342057
8.99046458333351,7.09505245336914
8.99079791666684,7.06080765991646
8.99113125000017,7.03437536687125
8.99146458333351,7.00612015706429
8.99179791666684,6.98177119746106
8.99213125000018,6.95768265453808
8.99246458333351,6.9250003611669
8.99279791666684,6.88984410933335
8.99313125000018,6.85768264932267
8.99346458333351,6.82903681449534
8.99379791666684,6.80559931327298
8.99413125000018,6.77851597852714
8.99446458333351,6.75872431082826
8.99479791666685,6.73489618458552
8.99513125000018,6.70612014141807
8.99546458333351,6.67682326489012
8.99579791666685,6.65507847208937
8.99613125000018,6.63893263791397
8.99646458333351,6.63489617937012
8.99679791666685,6.62708367896266
8.99713125000018,6.61783888681384
8.99746458333351,6.59674513571372
8.99779791666685,6.58007846817782
8.99813125000018,6.55820346703695
8.99846458333352,6.53919304937881
8.99879791666685,6.52200554848241
8.99913125000018,6.51054721455148
8.99946458333352,6.50117221406254
8.99979791666685,6.4940107553557
9.00013125000018,6.48723992166924
9.00046458333352,6.47578158773831
9.00079791666685,6.46210971202527
9.00113125000019,6.45403679493757
9.00146458333352,6.44283887768688
9.00179791666685,6.43502637727943
9.00213125000019,6.42096387654601
9.00246458333352,6.42083366820589
9.00279791666685,6.41237012609781
9.00313125000019,6.41002637597558
9.00346458333352,6.39908887540514
9.00379791666686,6.39270866673905
9.00413125000019,6.38372429127048
9.00446458333352,6.3816409578285
9.00479791666686,6.37890658268589
9.00513125000019,6.3773440826044
9.00546458333353,6.36692741539446
9.00579791666686,6.35299512300117
9.00613125000019,6.338151372227
9.00646458333353,6.32916699675843
9.00679791666686,6.32734407999669
9.00713125000019,6.32005241294974
9.00746458333353,6.31171907918179
9.00779791666686,6.30494824549533
9.0081312500002,6.30364616209408
9.00846458333353,6.30143262031197
9.00879791666686,6.29713574508787
9.0091312500002,6.29218782816315
9.00946458333353,6.28580761949706
9.00979791666686,6.28112011925259
9.0101312500002,6.27174511876365
9.01046458333353,6.26484407673706
9.01079791666686,6.25559928458824
9.0111312500002,6.25416699284688
9.01146458333353,6.25820345139073
9.01179791666687,6.25716178466973
9.0121312500002,6.25169303438452
9.01246458333353,6.24179720053508
9.01279791666687,6.24088574215421
9.0131312500002,6.23945345041284
9.01346458333353,6.23580761688936
9.01379791666687,6.22942740822327
9.0141312500002,6.22382844959793
9.01446458333353,6.2118492823065
9.01479791666687,6.20351594853855
9.0151312500002,6.19804719825333
9.01546458333354,6.19713573987247
9.01579791666687,6.19531282311073
9.0161312500002,6.19309928132862
9.01646458333354,6.19440136472986
9.01679791666687,6.19205761460762
9.01713125000021,6.19713573987247
9.01746458333354,6.19635448983172
9.01779791666687,6.19882844829408
9.01813125000021,6.19075553120638
9.01846458333354,6.18606803096191
9.01879791666688,6.17721386383346
9.01913125000021,6.17565136375197
9.01946458333354,6.17786490553408
9.01979791666688,6.1795576139557
9.02013125000021,6.17968782229582
9.02046458333354,6.17252636358899
9.02079791666688,6.1623701130593
9.02113125000021,6.1532555292506
9.02146458333334,6.1532555292506
9.02179791666667,6.1489586540265
9.02213125,6.14401073710178
9.02246458333334,6.13671907005482
9.02279791666667,6.13554719499371
9.02313125000001,6.13255240317085
9.02346458333334,6.13476594495296
9.02379791666667,6.13763052843569
9.02413125000001,6.14101594527892
9.02446458333334,6.14635448722402
9.02479791666667,6.15091177912837
9.02513125000001,6.15039094576787
9.02546458333334,6.14192740365979
9.02579791666667,6.13489615329308
9.02613125000001,6.13320344487147
9.02646458333334,6.12669302786526
9.02679791666668,6.12408886106277
9.02713125000001,6.11744823571644
9.02746458333334,6.12005240251892
9.02779791666668,6.11822948575718
9.02813125000001,6.12265656932141
9.02846458333334,6.12005240251892
9.02879791666668,6.12031281919917
9.02913125000001,6.1118492770911
9.02946458333335,6.11015656866948
9.02979791666668,6.10247427660215
9.03013125000001,6.10572948510526
9.03046458333335,6.106510735146
9.03079791666668,6.10950552696886
9.03113125000001,6.10104198486079
9.03146458333335,6.09388052615395
9.03179791666668,6.09296906777308
9.03213125000002,6.0941409428342
9.03246458333335,6.09192740105209
9.03279791666668,6.09023469263048
9.03313125000002,6.0951826095552
9.03346458333335,6.09726594299718
9.03379791666668,6.08997427595023
9.03413125000002,6.07890656703967
9.03446458333335,6.07708365027793
9.03479791666669,6.08307323392364
9.03513125000002,6.08697948412737
9.03546458333335,6.08007844210079
9.03579791666669,6.07656281691743
9.03613125000002,6.0822919838829
9.03646458333336,6.08372427562426
9.03679791666669,6.07330760841433
9.03713125000002,6.05794302427967
9.03746458333336,6.05807323261979
9.03779791666669,6.06354198290501
9.03813125000002,6.06549510800687
9.03846458333336,6.064583649626
9.03879791666669,6.06575552468712
9.03913125000002,6.05859406598029
9.03946458333336,6.05039094055246
9.03979791666669,6.04531281528762
9.04013125000003,6.05039094055246
9.04046458333336,6.05208364897408
9.04079791666669,6.04817739877035
9.04113125000003,6.04114614840364
9.04146458333336,6.04127635674377
9.04179791666669,6.04179719010426
9.04213125000003,6.04088573172339
9.04246458333336,6.03385448135668
9.0427979166667,6.03320343965606
9.04313125000003,6.03958364832215
9.04346458333336,6.03710968985979
9.0437979166667,6.0307294811937
9.04413125000003,6.02539093924861
9.04446458333336,6.03059927285358
9.0447979166667,6.02682323098998
9.04513125000003,6.02500031422824
9.04546458333337,6.02851593941159
9.0457979166667,6.03333364799619
9.04613125000003,6.02864614775172
9.04646458333337,6.01979198062327
9.0467979166667,6.0221357307455
9.04713125000003,6.02708364767023
9.04746458333337,6.03268260629557
9.0477979166667,6.03020864783321
9.04813125000004,6.0312503145542
9.04846458333337,6.03033885617333
9.0487979166667,6.02473989754799
9.04913125000004,6.02239614742575
9.04946458333337,6.02174510572513
9.04979791666671,6.01705760548066
9.05013125000004,6.01549510539917
9.05046458333337,6.01848989722203
9.0507979166667,6.02669302264985
9.05113125000004,6.02669302264985
9.05146458333337,6.0188805222424
9.05179791666671,6.01822948054178
9.05213125000004,6.01770864718128
9.05246458333337,6.02109406402451
9.05279791666671,6.02135448070476
9.05313125000004,6.02031281398376
9.05346458333337,6.02200552240538
9.05379791666671,6.02929718945234
9.05413125000004,6.03867218994128
9.05446458333338,6.03671906483942
9.05479791666671,6.02994823115296
9.05513125000004,6.0269534393301
9.05546458333338,6.02487010588811
9.05579791666671,6.03059927285358
9.05613125000004,6.02929718945234
9.05646458333338,6.03255239795544
9.05679791666671,6.02565135592886
9.05713125000005,6.02578156426898
9.05746458333338,6.02669302264985
9.05779791666671,6.02903677277209
9.05813125000005,6.02408885584737
9.05846458333338,6.02343781414675
9.05879791666671,6.02200552240538
9.05913125000005,6.02552114758873
9.05946458333338,6.022656564106
9.05979791666672,6.02630239762948
9.06013125000005,6.02304718912637
9.06046458333338,6.01627635543991
9.06079791666672,6.0097659384337
9.06113125000005,6.00403677146824
9.06146458333339,6.00625031325035
9.06179791666672,6.01002635511395
9.06213125000005,6.01302114693681
9.06246458333339,6.01067739681457
9.06279791666672,6.00065135462501
9.06313125000006,5.99661489608116
9.06346458333339,5.99752635446203
9.06379791666672,6.00481802150898
9.06413125000005,6.00312531308737
9.06446458333339,5.99987010458426
9.06479791666672,5.99375031259842
9.06513125000006,5.99348989591817
9.06546458333339,5.99674510442128
9.06579791666672,6.00000031292439
9.06613125000006,6.00247427138675
9.06646458333339,6.0011721879855
9.06679791666672,6.00377635478799
9.06713125000006,6.00664093827072
9.06746458333339,6.00625031325035
9.06779791666673,6.00065135462501
9.06813125000006,6.00286489640712
9.06846458333339,6.00143260466575
9.06879791666673,5.99869822952314
9.06913125000006,5.98567739551072
9.06946458333339,5.98750031227246
9.06979791666673,5.98841177065333
9.07013125000006,5.99218781251693
9.0704645833334,5.98437531210948
9.07079791666673,5.97864614514401
9.07113125000006,5.97864614514401
9.0714645833334,5.97604197834153
9.07179791666673,5.98033885356563
9.07213125000006,5.98697947891196
9.0724645833334,5.99570343770029
9.07279791666673,5.9941409376188
9.07313125000007,5.98398468708911
9.0734645833334,5.98164093696687
9.07379791666673,5.980729478586
9.07413125000007,5.98750031227246
9.0744645833334,5.99062531243544
9.07479791666674,6.00013052126451
9.07513125000007,6.00273468806699
9.0754645833334,6.00494822984911
9.07579791666674,6.00325552142749
9.07613125000007,6.00742218831147
9.0764645833334,6.01302114693681
9.07679791666674,6.01744823050103
9.07713125000007,6.01549510539917
9.0774645833334,6.01601593875967
9.07779791666674,6.02513052256836
9.07813125000007,6.03307323131594
9.07846458333341,6.03841177326103
9.07879791666674,6.0473961487296
9.07913125000007,6.05572948249756
9.07946458333341,6.06289094120439
9.07979791666674,6.0602867744019
9.08013125000007,6.06575552468712
9.08046458333341,6.07487010849582
9.08079791666674,6.08294302558352
9.08113125000008,6.09062531765085
9.08146458333341,6.09401073449408
9.08179791666674,6.10091177652066
9.08213125000008,6.10911490194849
9.08246458333341,6.1194013608183
9.08279791666674,6.13294302819122
9.08313125000008,6.13854198681656
9.08346458333341,6.14375032042153
9.08379791666675,6.14153677863942
9.08413125000008,6.13919302851719
9.08446458333341,6.14010448689805
9.08479791666675,6.14765657062526
9.08513125000008,6.15651073775371
9.08546458333341,6.15963573791669
9.08579791666675,6.16484407152166
9.08613125000008,6.16484407152166
9.08646458333342,6.16210969637905
9.08679791666675,6.15546907103271
9.08713125000008,6.16002636293706
9.08746458333342,6.16692740496365
9.08779791666675,6.16862011338526
9.08813125000009,6.16341177978029
9.08846458333342,6.15885448787594
9.08879791666675,6.15585969605309
9.08913125000009,6.15520865435246
9.08946458333342,6.15013052908762
9.08979791666675,6.14778677896538
9.09013125000009,6.14804719564563
9.09046458333342,6.149479487387
9.09079791666675,6.13763052843569
9.09113125000009,6.1247399027634
9.09146458333342,6.12070344421954
9.09179791666675,6.12434927774302
9.09213125000009,6.12174511094054
9.09246458333342,6.11380240219296
9.09279791666676,6.11250031879172
9.09313125000009,6.10989615198923
9.09346458333342,6.10156281822128
9.09379791666676,6.08463573400513
9.09413125000009,6.07278677505383
9.09446458333342,6.06653677472787
9.09479791666676,6.06718781642849
9.09513125000009,6.05989614938153
9.09546458333343,6.05729198257905
9.09579791666676,6.05612010751793
9.09613125000009,6.06432323294575
9.09646458333343,6.06119823278277
9.09679791666676,6.05312531569507
9.09713125000009,6.04479198192712
9.09746458333343,6.04166698176414
9.09779791666676,6.03528677309805
9.0981312500001,6.02734406435047
9.09846458333343,6.02565135592886
9.09879791666676,6.02487010588811
9.0991312500001,6.02109406402451
9.09946458333343,6.01575552207942
9.09979791666677,6.01640656378004
9.1001312500001,6.02473989754799
9.10046458333343,6.02669302264985
9.10079791666677,6.0231773974665
9.1011312500001,6.02330760580662
9.10146458333344,6.02916698111221
9.10179791666677,6.03411489803693
9.1021312500001,6.02656281430973
9.10246458333343,6.02382843916712
9.10279791666677,6.02929718945234
9.1031312500001,6.03112010621408
9.10346458333344,6.023698230827
9.10379791666677,6.02460968920787
9.1041312500001,6.0307294811937
9.10446458333344,6.03880239828141
9.10479791666677,6.03281281463569
9.1051312500001,6.03658885649929
9.10546458333344,6.03541698143818
9.10579791666677,6.04101594006352
9.10613125000011,6.03815135658078
9.10646458333344,6.04166698176414
9.10679791666677,6.04062531504315
9.10713125000011,6.04557323196786
9.10746458333344,6.04869823213085
9.10779791666677,6.05677114921855
9.10813125000011,6.06549510800687
9.10846458333344,6.07148469165259
9.10879791666678,6.07109406663221
9.10913125000011,6.06744823310874
9.10946458333344,6.07408885845507
9.10979791666678,6.08515656736563
9.11013125000011,6.09010448429035
9.11046458333344,6.0822919838829
9.11079791666678,6.07721385861805
9.11113125000011,6.07421906679519
9.11146458333345,6.07708365027793
9.11179791666678,6.07955760874029
9.11213125000011,6.09557323457557
9.11246458333345,6.10820344356762
9.11279791666678,6.11263052713184
9.11313125000012,6.10950552696886
9.11346458333345,6.1113284437306
9.11379791666678,6.11432323555346
9.11413125000012,6.11575552729482
9.11446458333345,6.11848990243743
9.11479791666678,6.11966177749855
9.11513125000012,6.11302115215222
9.11546458333345,6.10364615166327
9.11579791666678,6.10169302656141
9.11613125000012,6.10859406858799
9.11646458333345,6.11484406891395
9.11679791666679,6.11223990211147
9.11713125000012,6.106510735146
9.11746458333345,6.10208365158178
9.11779791666679,6.10143260988116
9.11813125000012,6.10143260988116
9.11846458333345,6.09544302623544
9.11879791666679,6.09140656769159
9.11913125000012,6.09492219287495
9.11946458333346,6.09687531797681
9.11979791666679,6.10442740170402
9.12013125000012,6.09856802639843
9.12046458333346,6.09804719303793
9.12079791666679,6.08632844242675
9.12113125000012,6.07942740040016
9.12146458333346,6.0769534419378
9.12179791666679,6.07734406695818
9.12213125000013,6.08072948380141
9.12246458333346,6.07734406695818
9.12279791666679,6.07760448363842
9.12313125000013,6.07786490031867
9.12346458333346,6.07838573367917
9.12379791666679,6.07773469197855
9.12413125000013,6.07408885845507
9.12446458333346,6.07265656671371
9.1247979166668,6.07109406663221
9.12513125000013,6.07304719173408
9.12546458333346,6.07070344161184
9.1257979166668,6.0683596914896
9.12613125000013,6.06223989950377
9.12646458333347,6.06757844144886
9.1267979166668,6.07135448331246
9.12713125000013,6.07031281659147
9.12746458333347,6.06432323294575
9.1277979166668,6.06341177456488
9.12813125000013,6.07226594169333
9.12846458333347,6.07434927513532
9.1287979166668,6.06848989982973
9.12913125000013,6.06067739942228
9.12946458333347,6.06276073286426
9.1297979166668,6.06549510800687
9.13013125000014,6.06549510800687
9.13046458333347,6.064583649626
9.1307979166668,6.06549510800687
9.13113125000014,6.06197948282352
9.13146458333347,6.05859406598029
9.1317979166668,6.05312531569507
9.13213125000014,6.05533885747718
9.13246458333347,6.05234406565433
9.13279791666681,6.05195344063395
9.13313125000014,6.04895864881109
9.13346458333347,6.04987010719197
9.13379791666681,6.05234406565433
9.13413125000014,6.06002635772165
9.13446458333347,6.06588573302724
9.13479791666681,6.07252635837358
9.13513125000014,6.07096385829209
9.13546458333347,6.07083364995197
9.13579791666681,6.07187531667296
9.13613125000014,6.07278677505383
9.13646458333348,6.0731774000742
9.13679791666681,6.06783885812911
9.13713125000014,6.06848989982973
9.13746458333348,6.06731802476861
9.13779791666681,6.07434927513532
9.13813125000015,6.07994823376066
9.13846458333348,6.08541698404588
9.13879791666681,6.08489615068538
9.13913125000015,6.07786490031867
9.13946458333348,6.07200552501308
9.13979791666682,6.06666698306799
9.14013125000015,6.06901073319023
9.14046458333348,6.07356802509457
9.14079791666681,6.07669302525756
9.14113125000015,6.08294302558352
9.14146458333348,6.08346385894401
9.14179791666682,6.08372427562426
9.14213125000015,6.08020865044091
9.14246458333348,6.07968781708041
9.14279791666682,6.08515656736563
9.14313125000015,6.09114615101134
9.14346458333348,6.09960969311942
9.14379791666682,6.09908885975892
9.14413125000015,6.0984378180583
9.14446458333349,6.09140656769159
9.14479791666682,6.09257844275271
9.14513125000015,6.09257844275271
9.14546458333349,6.09856802639843
9.14579791666682,6.09960969311942
9.14613125000015,6.10429719336389
9.14646458333349,6.10416698502377
9.14679791666682,6.10169302656141
9.14713125000016,6.09648469295644
9.14746458333349,6.09921906809905
9.14779791666682,6.10533886008489
9.14813125000016,6.10585969344538
9.14846458333349,6.1037763600034
9.14879791666682,6.10208365158178
9.14913125000016,6.09882844307867
9.14946458333349,6.0951826095552
9.14979791666683,6.09622427627619
9.15013125000016,6.10234406826203
9.15046458333349,6.10520865174476
9.15079791666683,6.09869823473855
9.15113125000016,6.09440135951445
9.1514645833335,6.0903649009706
9.15179791666683,6.09153677603172
9.15213125000016,6.08684927578725
9.1524645833335,6.08737010914774
9.15279791666683,6.0903649009706
9.15313125000017,6.09596385959594
9.1534645833335,6.09231802607246
9.15379791666683,6.09153677603172
9.15413125000016,6.09869823473855
9.1544645833335,6.10156281822128
9.15479791666683,6.0941409428342
9.15513125000017,6.08346385894401
9.1554645833335,6.08463573400513
9.15579791666683,6.08919302590948
9.15613125000017,6.09348990113358
9.1564645833335,6.08893260922923
9.15679791666683,6.0812503171619
9.15713125000017,6.07044302493159
9.1574645833335,6.06914094153035
9.15779791666684,6.06796906646923
9.15813125000017,6.07083364995197
9.1584645833335,6.07213573335321
9.15879791666684,6.07565135853656
9.15913125000017,6.07669302525756
9.1594645833335,6.07981802542054
9.15979791666684,6.0822919838829
9.16013125000017,6.08112010882178
9.16046458333351,6.07161489999271
9.16079791666684,6.07044302493159
9.16113125000017,6.06380239958526
9.16146458333351,6.06184927448339
9.16179791666684,6.05742219091917
9.16213125000017,6.06289094120439
9.16246458333351,6.06862010816985
9.16279791666684,6.06914094153035
9.16313125000018,6.06223989950377
9.16346458333351,6.05989614938153
9.16379791666684,6.06588573302724
9.16413125000018,6.07187531667296
9.16446458333351,6.06862010816985
9.16479791666685,6.05664094087842
9.16513125000018,6.05299510735495
9.16546458333351,6.05520864913706
9.16579791666685,6.0522138573142
9.16613125000018,6.04713573204936
9.16646458333351,6.05182323229383
9.16679791666685,6.05885448266054
9.16713125000018,6.06015656606178
9.16746458333351,6.05299510735495
9.16779791666685,6.05807323261979
9.16813125000018,6.05898469100066
9.16846458333352,6.05820344095992
9.16879791666685,6.04531281528762
9.16913125000018,6.04518260694749
9.16946458333352,6.04153677342401
9.16979791666685,6.04908885715122
9.17013125000018,6.05013052387221
9.17046458333352,6.05638052419818
9.17079791666685,6.05781281593954
9.17113125000019,6.06419302460563
9.17146458333352,6.06093781610252
9.17179791666685,6.05572948249756
9.17213125000019,6.05039094055246
9.17246458333352,6.04895864881109
9.17279791666685,6.05416698241606
9.17313125000019,6.05338573237532
9.17346458333352,6.05494823245681
9.17379791666686,6.05507844079693
9.17413125000019,6.06237010784389
9.17446458333352,6.05976594104141
9.17479791666686,6.05481802411669
9.17513125000019,6.04869823213085
9.17546458333352,6.04856802379072
9.17579791666686,6.04270864848513
9.17613125000019,6.04244823180488
9.17646458333353,6.04505239860737
9.17679791666686,6.04895864881109
9.17713125000019,6.04518260694749
9.17746458333353,6.04726594038948
9.17779791666686,6.0527346906747
9.1781312500002,6.05898469100066
9.17846458333353,6.06237010784389
9.17879791666686,6.05820344095992
9.1791312500002,6.05546906581731
9.17946458333353,6.05625031585805
9.17979791666686,6.05950552436116
9.1801312500002,6.05585969083768
9.18046458333353,6.04635448200861
9.18079791666686,6.04908885715122
9.1811312500002,6.05208364897408
9.18146458333353,6.05338573237532
9.18179791666686,6.0516930239537
9.1821312500002,6.06119823278277
9.18246458333353,6.07265656671371
9.18279791666687,6.07513052517607
9.1831312500002,6.07265656671371
9.18346458333353,6.07057323327172
9.18379791666687,6.07044302493159
9.1841312500002,6.06901073319023
9.18446458333353,6.07252635837358
9.18479791666687,6.07643260857731
9.1851312500002,6.07565135853656
9.18546458333354,6.06914094153035
9.18579791666687,6.07083364995197
9.1861312500002,6.07330760841433
9.18646458333354,6.07708365027793
9.18679791666687,6.07174510833283
9.1871312500002,6.07109406663221
9.18746458333354,6.06809927480936
9.18779791666687,6.07200552501308
9.18813125000021,6.07135448331246
9.18846458333354,6.07825552533905
9.18879791666687,6.07539094185631
9.18913125000021,6.08398469230451
9.18946458333354,6.07734406695818
9.18979791666688,6.08294302558352
9.19013125000021,6.08281281724339
9.19046458333354,6.0860680257465
9.19079791666688,6.08138052550203
9.19113125000021,6.08333365060389
9.19146458333355,6.08828156752861
9.19179791666688,6.09140656769159
9.19213125,6.0817711505224
9.19246458333334,6.07708365027793
9.19279791666667,6.07591177521681
9.19313125,6.07890656703967
9.19346458333334,6.07773469197855
9.19379791666667,6.07643260857731
9.19413125,6.07734406695818
9.19446458333334,6.07942740040016
9.19479791666667,6.08033885878103
9.19513125,6.07578156687669
9.19546458333334,6.07487010849582
9.19579791666667,6.07343781675445
9.19613125000001,6.0779951086588
9.19646458333334,6.07760448363842
9.19679791666667,6.07721385861805
9.19713125000001,6.07213573335321
9.19746458333334,6.07070344161184
9.19779791666667,6.06953156655072
9.19813125000001,6.07252635837358
9.19846458333334,6.07864615035942
9.19879791666668,6.08502635902551
9.19913125000001,6.08476594234526
9.19946458333334,6.07929719206004
9.19979791666668,6.07187531667296
9.20013125000001,6.07135448331246
9.20046458333335,6.06875031650998
9.20079791666668,6.07174510833283
9.20113125000001,6.0694013582106
9.20146458333335,6.07252635837358
9.20179791666668,6.06718781642849
9.20213125000002,6.0688805248501
9.20246458333335,6.06497427464638
9.20279791666668,6.06966177489085
9.20313125000001,6.07291698339395
9.20346458333335,6.07539094185631
9.20379791666668,6.07708365027793
9.20413125000002,6.07630240023718
9.20446458333335,6.07994823376066
9.20479791666668,6.07513052517607
9.20513125000002,6.06666698306799
9.20546458333335,6.06822948314948
9.20579791666668,6.07539094185631
9.20613125000002,6.07552115019644
9.20646458333335,6.06744823310874
9.20679791666669,6.06471385796613
9.20713125000002,6.07200552501308
9.20746458333335,6.07669302525756
9.20779791666669,6.07981802542054
9.20813125000002,6.08020865044091
9.20846458333335,6.07877635869954
9.20879791666669,6.07031281659147
9.20913125000002,6.07226594169333
9.20946458333336,6.07786490031867
9.20979791666669,6.07591177521681
9.21013125000002,6.06966177489085
9.21046458333336,6.06536489966675
9.21079791666669,6.07304719173408
9.21113125000002,6.07903677537979
9.21146458333336,6.08281281724339
9.21179791666669,6.08346385894401
9.21213125000003,6.08463573400513
9.21246458333336,6.08502635902551
9.21279791666669,6.08737010914774
9.21313125000003,6.08763052582799
9.21346458333336,6.08737010914774
9.2137979166667,6.08841177586874
9.21413125000003,6.08476594234526
9.21446458333336,6.085547192386
9.2147979166667,6.08906281756936
9.21513125000003,6.09479198453482
9.21546458333336,6.09153677603172
9.2157979166667,6.08841177586874
9.21613125000003,6.08997427595023
9.21646458333336,6.09075552599097
9.2167979166667,6.0908857343311
9.21713125000003,6.09179719271197
9.21746458333337,6.09934927643917
9.2177979166667,6.09817740137805
9.21813125000003,6.09869823473855
9.21846458333337,6.09973990145954
9.2187979166667,6.10572948510526
9.21913125000003,6.10846386024787
9.21946458333337,6.1032555266429
9.2197979166667,6.09765656801756
9.22013125000004,6.09075552599097
9.22046458333337,6.09127635935147
9.2207979166667,6.0941409428342
9.22113125000004,6.09453156785457
9.22146458333337,6.09622427627619
9.2217979166667,6.09817740137805
9.22213125000004,6.09804719303793
9.22246458333337,6.09778677635768
9.22279791666671,6.09713573465706
9.22313125000004,6.10182323490153
9.22346458333337,6.1070315685065
9.22379791666671,6.10598990178551
9.22413125000004,6.10299510996265
9.22446458333337,6.09674510963669
9.22479791666671,6.10000031813979
9.22513125000004,6.10585969344538
9.22546458333338,6.11093781871023
9.22579791666671,6.10625031846575
9.22613125000004,6.10091177652066
9.22646458333338,6.09596385959594
9.22679791666671,6.09804719303793
9.22713125000005,6.10299510996265
9.22746458333338,6.10742219352687
9.22779791666671,6.10937531862874
9.22813125000005,6.10416698502377
9.22846458333338,6.10208365158178
9.22879791666671,6.10065135984041
9.22913125000005,6.09869823473855
9.22946458333338,6.09492219287495
9.22979791666671,6.08841177586874
9.23013125000005,6.08723990080762
9.23046458333338,6.08880240088911
9.23079791666672,6.08906281756936
9.23113125000005,6.08541698404588
9.23146458333338,6.08476594234526
9.23179791666672,6.086588859107
9.23213125000005,6.08971385926998
9.23246458333338,6.08789094250824
9.23279791666672,6.08867219254898
9.23313125000005,6.08802115084836
9.23346458333339,6.08502635902551
9.23379791666672,6.08281281724339
9.23413125000005,6.08385448396439
9.23446458333339,6.08841177586874
9.23479791666672,6.08841177586874
9.23513125000005,6.08880240088911
9.23546458333339,6.08151073384215
9.23579791666672,6.07981802542054
9.23613125000006,6.0812503171619
9.23646458333339,6.09010448429035
9.23679791666672,6.09309927611321
9.23713125000006,6.09479198453482
9.23746458333339,6.09114615101134
9.23779791666672,6.08841177586874
9.23813125000006,6.08307323392364
9.23846458333339,6.08502635902551
9.23879791666673,6.08828156752861
9.23913125000006,6.0898440676101
9.23946458333339,6.08867219254898
9.23979791666673,6.08815135918849
9.24013125000006,6.09179719271197
9.2404645833334,6.08919302590948
9.24079791666673,6.09505240121507
9.24113125000006,6.09687531797681
9.24146458333339,6.1032555266429
9.24179791666673,6.10182323490153
9.24213125000006,6.1037763600034
9.2424645833334,6.10937531862874
9.24279791666673,6.11158886041085
9.24313125000006,6.11341177717259
9.2434645833334,6.11523469393433
9.24379791666673,6.11471386057383
9.24413125000006,6.11679719401582
9.2444645833334,6.12408886106277
9.24479791666673,6.13697948673507
9.24513125000007,6.14440136212215
9.2454645833334,6.14218782034004
9.24579791666673,6.14075552859867
9.24613125000007,6.13645865337458
9.2464645833334,6.13997427855793
9.24679791666673,6.13841177847644
9.24713125000007,6.14062532025855
9.2474645833334,6.14010448689805
9.24779791666674,6.1500003207475
9.24813125000007,6.15455761265184
9.2484645833334,6.15260448754998
9.24879791666674,6.15481802933209
9.24913125000007,6.16263052973955
9.2494645833334,6.17252636358899
9.24979791666674,6.17148469686799
9.25013125000007,6.17213573856861
9.25046458333341,6.17513053039147
9.25079791666674,6.18098990569706
9.25113125000007,6.18385448917979
9.25146458333341,6.1865888643224
9.25179791666674,6.18567740594153
9.25213125000008,6.18242219743843
9.25246458333341,6.17916698893532
9.25279791666674,6.1779951138742
9.25313125000008,6.18463573922054
9.25346458333341,6.18815136440389
9.25379791666675,6.19062532286625
9.25413125000008,6.18893261444464
9.25446458333341,6.19401073970948
9.25479791666674,6.19856803161383
9.25513125000008,6.20104199007619
9.25546458333341,6.20234407347744
9.25579791666675,6.20677115704166
9.25613125000008,6.20612011534104
9.25646458333341,6.19687532319222
9.25679791666675,6.19127636456688
9.25713125000008,6.19414094804961
9.25746458333341,6.19921907331445
9.25779791666675,6.20091178173607
9.25813125000008,6.19739615655271
9.25846458333342,6.20026074003545
9.25879791666675,6.20130240675644
9.25913125000008,6.20638053202129
9.25946458333342,6.20872428214352
9.25979791666675,6.21783886595222
9.26013125000008,6.22330761623743
9.26046458333342,6.22890657486278
9.26079791666675,6.22565136635967
9.26113125000009,6.22604199138004
9.26146458333342,6.22669303308066
9.26179791666675,6.22825553316216
9.26213125000009,6.22395865793806
9.26246458333342,6.22304719955719
9.26279791666675,6.23020865826402
9.26313125000009,6.2371097002906
9.26346458333342,6.23307324174675
9.26379791666676,6.22317740789731
9.26413125000009,6.21653678255098
9.26446458333342,6.21822949097259
9.26479791666676,6.22018261607445
9.26513125000009,6.22877636652265
9.26546458333343,6.23046907494427
9.26579791666676,6.2257815746998
9.26613125000009,6.21953157437383
9.26646458333343,6.22278678287694
9.26679791666676,6.22734407478129
9.26713125000009,6.23059928328439
9.26746458333343,6.23020865826402
9.26779791666676,6.2376305336511
9.26813125000009,6.23437532514799
9.26846458333343,6.2247399079788
9.26879791666676,6.20950553218427
9.2691312500001,6.20976594886452
9.26946458333343,6.21627636587073
9.26979791666676,6.22591178303992
9.2701312500001,6.22669303308066
9.27046458333343,6.22877636652265
9.27079791666676,6.22382844959793
9.2711312500001,6.22552115801955
9.27146458333343,6.21901074101334
9.27179791666677,6.21419303242874
9.2721312500001,6.20664094870153
9.27246458333343,6.20286490683793
9.27279791666677,6.20351594853855
9.2731312500001,6.20924511550402
9.27346458333343,6.21731803259172
9.27379791666677,6.22656282474054
9.2741312500001,6.22226594951644
9.27446458333344,6.21132844894601
9.27479791666677,6.19960969833483
9.2751312500001,6.19440136472986
9.27546458333344,6.19596386481135
9.27579791666677,6.19791698991321
9.2761312500001,6.19283886464837
9.27646458333344,6.18945344780514
9.27679791666677,6.18476594756066
9.27713125000011,6.18789094772365
9.27746458333344,6.18203157241806
9.27779791666677,6.18020865565632
9.27813125000011,6.17890657225507
9.27846458333344,6.18164094739768
9.27879791666678,6.17552115541184
9.27913125000011,6.16848990504514
9.27946458333344,6.17161490520812
9.27979791666678,6.18372428083967
9.28013125000011,6.19283886464837
9.28046458333344,6.19023469784588
9.28079791666678,6.18515657258104
9.28113125000011,6.17942740561557
9.28146458333344,6.18307323913905
9.28179791666678,6.1871096976829
9.28213125000011,6.19843782327371
9.28246458333345,6.19557323979098
9.28279791666678,6.1946617814101
9.28313125000011,6.1871096976829
9.28346458333345,6.18919303112489
9.28379791666678,6.18789094772365
9.28413125000011,6.18841178108414
9.28446458333345,6.18203157241806
9.28479791666678,6.18593782262178
9.28513125000011,6.18906282278476
9.28546458333345,6.19687532319222
9.28579791666678,6.19270865630824
9.28613125000012,6.19401073970948
9.28646458333345,6.19114615622675
9.28679791666678,6.19153678124712
9.28713125000012,6.19153678124712
9.28746458333345,6.19817740659346
9.28779791666678,6.19882844829408
9.28813125000012,6.20195344845706
9.28846458333345,6.20690136538178
9.28879791666679,6.21822949097259
9.28913125000012,6.22734407478129
9.28946458333345,6.22773469980166
9.28979791666679,6.22213574117632
9.29013125000012,6.21315136570775
9.29046458333346,6.21210969898675
9.29079791666679,6.21367219906824
9.29113125000012,6.21809928263247
9.29146458333346,6.22343782457756
9.29179791666679,6.22968782490352
9.29213125000013,6.23138053332514
9.29246458333346,6.23138053332514
9.29279791666679,6.23216178336588
9.29313125000012,6.23515657518874
9.29346458333346,6.24062532547396
9.29379791666679,6.24179720053508
9.29413125000013,6.24739615916042
9.29446458333346,6.24335970061657
9.29479791666679,6.24921907592216
9.29513125000013,6.24062532547396
9.29546458333346,6.23737011697085
9.29579791666679,6.23177115834551
9.29613125000013,6.23450553348812
9.29646458333346,6.23528678352886
9.2967979166668,6.2328128250665
9.29713125000013,6.23528678352886
9.29746458333346,6.23697949195048
9.2977979166668,6.23515657518874
9.29813125000013,6.22994824158377
9.29846458333346,6.22773469980166
9.2987979166668,6.22981803324365
9.29913125000013,6.2295576165634
9.29946458333347,6.23059928328439
9.2997979166668,6.23242220004613
9.30013125000013,6.23372428344737
9.30046458333347,6.23593782522949
9.3007979166668,6.2290367832029
9.30113125000013,6.22877636652265
9.30146458333347,6.22239615785657
9.3017979166668,6.22682324142079
9.30213125000014,6.21953157437383
9.30246458333347,6.22317740789731
9.3027979166668,6.22591178303992
9.30313125000014,6.23580761688936
9.30346458333347,6.23112011664489
9.30379791666681,6.23229199170601
9.30413125000014,6.22916699154303
9.30446458333347,6.22890657486278
9.30479791666681,6.21145865728613
9.30513125000014,6.20351594853855
9.30546458333347,6.2032555318583
9.30579791666681,6.2032555318583
9.30613125000014,6.19596386481135
9.30646458333347,6.18828157274402
9.30679791666681,6.19205761460762
9.30713125000014,6.19492219809035
9.30746458333348,6.1908857395465
9.30779791666681,6.17747428051371
9.30813125000014,6.16862011338526
9.30846458333348,6.16223990471917
9.30879791666681,6.15833365451545
9.30913125000014,6.15937532123644
9.30946458333348,6.16067740463768
9.30979791666681,6.16627636326302
9.31013125000015,6.16354198812041
9.31046458333348,6.15833365451545
9.31079791666681,6.1527346958901
9.31113125000015,6.15182323750923
9.31146458333348,6.14869823734625
9.31179791666681,6.14427115378203
9.31213125000015,6.14205761199992
9.31246458333348,6.14817740398576
9.31279791666682,6.14622427888389
9.31313125000015,6.13372427823197
9.31346458333348,6.12161490260041
9.31379791666682,6.1231774026819
9.31413125000015,6.12760448624613
9.31446458333348,6.1231774026819
9.31479791666682,6.11731802737631
9.31513125000015,6.11367219385284
9.31546458333349,6.11119823539048
9.31579791666682,6.1032555266429
9.31613125000015,6.1027346932824
9.31646458333349,6.106510735146
9.31679791666682,6.11367219385284
9.31713125000016,6.11627636065532
9.31746458333349,6.11627636065532
9.31779791666682,6.11835969409731
9.31813125000016,6.11770865239669
9.31846458333349,6.11276073547197
9.31879791666682,6.1027346932824
9.31913125000016,6.0989586514188
9.31946458333349,6.10156281822128
9.31979791666682,6.10429719336389
9.32013125000016,6.10416698502377
9.32046458333349,6.10937531862874
9.32079791666683,6.11393261053308
9.32113125000016,6.11380240219296
9.32146458333349,6.11432323555346
9.32179791666683,6.11250031879172
9.32213125000016,6.1151044855942
9.32246458333349,6.11588573563495
9.32279791666683,6.12682323620538
9.32313125000016,6.13268261151097
9.3234645833335,6.13906282017706
9.32379791666683,6.13320344487147
9.32413125000016,6.13632844503445
9.3244645833335,6.13450552827271
9.32479791666683,6.14101594527892
9.32513125000016,6.14231802868017
9.3254645833335,6.14882844568638
9.32579791666683,6.15364615427097
9.32613125000017,6.16119823799818
9.3264645833335,6.17083365516737
9.32679791666683,6.17708365549333
9.32713125000017,6.1828128224588
9.3274645833335,6.19023469784588
9.32779791666683,6.20156282343669
9.32813125000017,6.2128909490275
9.3284645833335,6.21640657421085
9.32879791666684,6.22070344943495
9.32913125000017,6.22174511615595
9.3294645833335,6.22799511648191
9.32979791666684,6.23125032498501
9.33013125000017,6.23632845024986
9.33046458333351,6.24114615883445
9.33079791666684,6.24973990928265
9.33113125000017,6.25755240969011
9.3314645833335,6.26731803519942
9.33179791666684,6.27825553576986
9.33213125000017,6.2919274114829
9.33246458333351,6.29817741180887
9.33279791666684,6.30182324533234
9.33313125000017,6.30442741213483
9.33346458333351,6.31666699610651
9.33379791666684,6.32916699675843
9.33413125000017,6.34088574736961
9.33446458333351,6.34192741409061
9.33479791666684,6.34179720575048
9.33513125000018,6.34114616404986
9.33546458333351,6.34830762275669
9.33579791666684,6.35455762308266
9.33613125000018,6.35455762308266
9.33646458333351,6.35442741474253
9.33679791666684,6.35664095652464
9.33713125000018,6.36354199855123
9.33746458333351,6.36497429029259
9.33779791666685,6.36588574867346
9.33813125000018,6.36237012349011
9.33846458333351,6.36041699838825
9.33879791666685,6.35364616470179
9.33913125000018,6.35182324794005
9.33946458333351,6.34192741409061
9.33979791666685,6.33203158024116
9.34013125000018,6.32005241294974
9.34046458333352,6.31627637108613
9.34079791666685,6.32174512137135
9.34113125000018,6.31940137124912
9.34146458333352,6.31432324598427
9.34179791666685,6.30247428703297
9.34213125000019,6.29661491172738
9.34246458333352,6.28476595277607
9.34279791666685,6.2800784525316
9.34313125000019,6.27330761884514
9.34346458333352,6.26953157698154
9.34379791666686,6.25768261803023
9.34413125000019,6.2494794926024
9.34446458333352,6.23750032531098
9.34479791666685,6.23033886660414
9.34513125000019,6.2209638661152
9.34546458333352,6.21588574085035
9.34579791666686,6.21093782392563
9.34613125000019,6.20703157372191
9.34646458333352,6.20065136505582
9.34679791666686,6.18984407282551
9.34713125000019,6.17617219711247
9.34746458333352,6.16653677994327
9.34779791666686,6.16067740463768
9.34813125000019,6.16328157144017
9.34846458333353,6.15950552957656
9.34879791666686,6.15494823767222
9.34913125000019,6.14700552892464
9.34946458333353,6.14544302884315
9.34979791666686,6.13854198681656
9.35013125000019,6.13007844470849
9.35046458333353,6.1247399027634
9.35079791666686,6.12304719434178
9.3511312500002,6.12786490292638
9.35146458333353,6.12291698600166
9.35179791666686,6.11197948543122
9.3521312500002,6.10234406826203
9.35246458333353,6.10533886008489
9.35279791666686,6.10507844340464
9.3531312500002,6.09479198453482
9.35346458333353,6.08281281724339
9.35379791666687,6.08059927546128
9.3541312500002,6.08841177586874
9.35446458333353,6.09557323457557
9.35479791666687,6.09661490129656
9.3551312500002,6.09049510931072
9.35546458333354,6.07890656703967
9.35579791666687,6.06848989982973
9.3561312500002,6.05807323261979
9.35646458333354,6.05416698241606
9.35679791666687,6.05950552436116
9.3571312500002,6.06341177456488
9.35746458333354,6.06210969116364
9.35779791666687,6.05690135755867
9.3581312500002,6.05195344063395
9.35846458333354,6.0516930239537
9.35879791666687,6.05143260727346
9.35913125000021,6.05013052387221
9.35946458333354,6.04596385698824
9.35979791666687,6.04270864848513
9.36013125000021,6.04283885682526
9.36046458333354,6.04205760678451
9.36079791666687,6.03945343998203
9.36113125000021,6.03255239795544
9.36146458333354,6.02473989754799
9.36179791666688,6.02070343900414
9.36213125000021,6.01601593875967
9.36246458333354,6.01341177195718
9.36279791666667,6.01796906386153
9.36313125,6.02487010588811
9.36346458333334,6.02721385601035
9.36379791666667,6.0221357307455
9.36413125000001,6.02200552240538
9.36446458333334,6.02773468937085
9.36479791666667,6.02617218928936
9.36513125,6.0221357307455
9.36546458333334,6.01523468871892
9.36579791666667,6.01484406369855
9.36613125000001,6.01809927220165
9.36646458333334,6.0221357307455
9.36679791666667,6.02708364767023
9.36713125000001,6.02421906418749
9.36746458333334,6.02500031422824
9.36779791666667,6.01966177228314
9.36813125000001,6.01588573041954
9.36846458333334,6.01054718847445
9.36879791666668,6.00820343835221
9.36913125000001,6.00833364669234
9.36946458333334,6.00533885486948
9.36979791666668,6.00950552175345
9.37013125000001,6.00989614677383
9.37046458333334,6.00924510507321
9.37079791666668,6.00065135462501
9.37113125000001,6.00182322968613
9.37146458333335,6.00664093827072
9.37179791666668,6.01171906353557
9.37213125000001,6.01223989689606
9.37246458333335,6.01445343867817
9.37279791666668,6.00950552175345
9.37313125000002,6.00403677146824
9.37346458333335,5.99192739583668
9.37379791666668,5.98697947891196
9.37413125000002,5.98815135397308
9.37446458333335,5.9973961461219
9.37479791666669,6.00468781316886
9.37513125000002,6.0011721879855
9.37546458333335,5.99192739583668
9.37579791666669,5.98776072895271
9.37613125000002,5.98593781219097
9.37646458333335,5.98893260401383
9.37679791666669,5.99023468741507
9.37713125000002,5.98906281235395
9.37746458333336,5.99023468741507
9.37779791666669,5.99101593745581
9.37813125000002,5.99427114595892
9.37846458333335,5.98893260401383
9.37879791666669,5.98372427040886
9.37913125000002,5.98567739551072
9.37946458333336,5.9882815623132
9.37979791666669,5.98789093729283
9.38013125000002,5.98346385372861
9.38046458333336,5.98059927024588
9.38079791666669,5.98619822887122
9.38113125000002,5.98606802053109
9.38146458333336,5.9845055204496
9.38179791666669,5.97552114498103
9.38213125000003,5.97513051996066
9.38246458333336,5.97955760352488
9.38279791666669,5.97851593680389
9.38313125000003,5.97252635315817
9.38346458333336,5.96627635283221
9.38379791666669,5.96419301939022
9.38413125000003,5.96119822756737
9.38446458333336,5.95963572748587
9.3847979166667,5.96484406109084
9.38513125000003,5.97083364473656
9.38546458333336,5.9721357281378
9.3857979166667,5.96940135299519
9.38613125000003,5.97174510311743
9.38646458333337,5.97447947826004
9.3867979166667,5.97812531178352
9.38713125000003,5.98098989526625
9.38746458333337,5.98463572878973
9.3877979166667,5.98619822887122
9.38813125000003,5.98203156198724
9.38846458333337,5.97773468676314
9.3887979166667,5.98515656215022
9.38913125000004,5.99348989591817
9.38946458333337,6.00065135462501
9.3897979166667,5.99531281267991
9.39013125000004,5.99505239599967
9.39046458333337,5.99453156263917
9.3907979166667,5.9888023956737
9.39113125000004,5.98684927057184
9.39146458333337,5.99101593745581
9.3917979166667,6.00052114628488
9.39213125000004,6.00455760482873
9.39246458333337,5.99934927122376
9.39279791666671,6.00065135462501
9.39313125000004,5.99765656280215
9.39346458333337,5.9979169794824
9.39379791666671,5.99583364604041
9.39413125000004,6.00104197964538
9.39446458333337,6.00729197997134
9.39479791666671,6.01041698013432
9.39513125000004,6.01445343867817
9.39546458333338,6.01263052191644
9.39579791666671,6.01145864685532
9.39613125000004,6.00052114628488
9.39646458333338,5.99466177097929
9.39679791666671,5.99661489608116
9.39713125000004,5.9979169794824
9.39746458333338,6.00377635478799
9.39779791666671,6.00052114628488
9.39813125000005,6.00247427138675
9.39846458333338,6.00325552142749
9.39879791666671,6.00729197997134
9.39913125000005,6.00468781316886
9.39946458333338,6.00403677146824
9.39979791666672,6.00481802150898
9.40013125000005,6.00807323001209
9.40046458333338,6.0022138547065
9.40079791666672,6.00625031325035
9.40113125000005,6.01015656345408
9.40146458333338,6.01302114693681
9.40179791666672,6.00781281333184
9.40213125000005,6.01132843851519
9.40246458333339,6.01862010556215
9.40279791666672,6.02278677244613
9.40313125000005,6.01875031390227
9.40346458333339,6.02291698078625
9.40379791666672,6.02291698078625
9.40413125000005,6.03203156459495
9.40446458333339,6.02877635609184
9.40479791666672,6.03372427301656
9.40513125000005,6.03658885649929
9.40546458333339,6.04648469034874
9.40579791666672,6.04257844014501
9.40613125000006,6.04101594006352
9.40646458333339,6.03789093990054
9.40679791666672,6.04283885682526
9.40713125000006,6.04062531504315
9.40746458333339,6.04114614840364
9.40779791666672,6.04127635674377
9.40813125000006,6.04570344030799
9.40846458333339,6.04492219026724
9.40879791666672,6.04596385698824
9.40913125000006,6.05039094055246
9.40946458333339,6.05247427399445
9.40979791666673,6.05429719075619
9.41013125000006,6.04713573204936
9.41046458333339,6.0479169820901
9.41079791666673,6.04492219026724
9.41113125000006,6.04570344030799
9.4114645833334,6.04557323196786
9.41179791666673,6.05559927415743
9.41213125000006,6.06393260792538
9.4124645833334,6.06497427464638
9.41279791666673,6.06119823278277
9.41313125000007,6.06093781610252
9.4134645833334,6.06862010816985
9.41379791666673,6.07083364995197
9.41413125000007,6.07239615003346
9.4144645833334,6.0769534419378
9.41479791666673,6.08320344226377
9.41513125000007,6.09179719271197
9.4154645833334,6.09869823473855
9.41579791666674,6.11197948543122
9.41613125000007,6.1247399027634
9.4164645833334,6.13450552827271
9.41679791666673,6.14179719531967
9.41713125000007,6.15638052941358
9.4174645833334,6.1747399053711
9.41779791666674,6.19804719825333
9.41813125000007,6.21367219906824
9.4184645833334,6.22942740822327
9.41879791666674,6.24205761721532
9.41913125000007,6.25559928458824
9.4194645833334,6.27291699382477
9.41979791666674,6.28880241131992
9.42013125000007,6.3101565791003
9.42046458333341,6.32695345497632
9.42079791666674,6.34987012283818
9.42113125000007,6.36536491531297
9.42146458333341,6.39023470827669
9.42179791666674,6.40885450091446
9.42213125000007,6.43242221047694
9.42246458333341,6.44947950303322
9.42279791666674,6.47343783761608
9.42313125000008,6.49570346377732
9.42346458333341,6.51718783989782
9.42379791666674,6.53710971593682
9.42413125000008,6.55598992525484
9.42446458333341,6.57044305100862
9.42479791666675,6.58567742680316
9.42513125000008,6.59335971887049
9.42546458333341,6.59544305231248
9.42579791666675,6.59244826048962
9.42613125000008,6.5960940940131
9.42646458333341,6.60182326097856
9.42679791666675,6.60338576106005
9.42713125000008,6.59661492737359
9.42746458333342,6.5923180521495
9.42779791666675,6.58164096825931
9.42813125000008,6.5783857597562
9.42846458333342,6.57148471772962
9.42879791666675,6.56835971756664
9.42913125000008,6.56067742549931
9.42946458333342,6.55156284169061
9.42979791666675,6.53854200767819
9.43013125000008,6.52226596516266
9.43046458333342,6.50572950596688
9.43079791666675,6.48854200507049
9.43113125000009,6.47265658757533
9.43146458333342,6.45546908667893
9.43179791666675,6.4445315861085
9.43213125000009,6.42460971006949
9.43246458333342,6.40377637564961
9.43279791666675,6.37447949912166
9.43313125000009,6.3548180397629
9.43346458333342,6.33750033052638
9.43379791666676,6.31744824614725
9.43413125000009,6.29505241164588
9.43446458333342,6.27500032726675
9.43479791666676,6.25651074296911
9.43513125000009,6.23932324207272
9.43546458333342,6.22018261607445
9.43579791666676,6.20312532351818
9.43613125000009,6.18359407249955
9.43646458333343,6.16497427986178
9.43679791666676,6.14973990406725
9.43713125000009,6.13737011175544
9.43746458333343,6.11914094413805
9.43779791666676,6.10481802672439
9.4381312500001,6.08945344258973
9.43846458333343,6.0779951086588
9.43879791666676,6.06770864978898
9.4391312500001,6.06523469132662
9.43946458333343,6.06432323294575
9.43979791666676,6.064583649626
9.4401312500001,6.05065135723271
9.44046458333343,6.03723989819991
9.44079791666677,6.02096385568439
9.4411312500001,6.01822948054178
9.44146458333343,6.00872427171271
9.44179791666677,6.00325552142749
9.4421312500001,5.99518260433979
9.44246458333343,6.00039093794476
9.44279791666677,5.99765656280215
9.4431312500001,5.99804718782252
9.44346458333343,5.99804718782252
9.44379791666677,6.00273468806699
9.4441312500001,5.99934927122376
9.44446458333344,5.98723989559221
9.44479791666677,5.98085968692612
9.4451312500001,5.97500031162053
9.44546458333344,5.97851593680389
9.44579791666677,5.97773468676314
9.4461312500001,5.98398468708911
9.44646458333344,5.98007843688538
9.44679791666677,5.97669302004215
9.44713125000011,5.97434926991991
9.44746458333344,5.9802086452255
9.44779791666677,5.98307322870824
9.44813125000011,5.98320343704836
9.44846458333344,5.98138052028662
9.44879791666677,5.98359406206873
9.44913125000011,5.97747427008289
9.44946458333344,5.97630239502178
9.44979791666678,5.97109406141681
9.45013125000011,5.96953156133532
9.45046458333344,5.96445343607047
9.45079791666678,5.96106801922724
9.45113125000011,5.96276072764886
9.45146458333345,5.96289093598898
9.45179791666678,5.9640628110501
9.45213125000011,5.96119822756737
9.45246458333345,5.95859406076488
9.45279791666678,5.9559898939624
9.45313125000011,5.95872426910501
9.45346458333345,5.96523468611122
9.45379791666678,5.97304718651867
9.45413125000012,5.9764326033619
9.45446458333345,5.97057322805631
9.45479791666678,5.9635419776896
9.45513125000011,5.96210968594824
9.45546458333345,5.96393260270998
9.45579791666678,5.9630211443291
9.45613125000012,5.95690135234327
9.45646458333345,5.95716176902351
9.45679791666678,5.95963572748587
9.45713125000012,5.959765935826
9.45746458333345,5.96145864424761
9.45779791666678,5.9678388529137
9.45813125000012,5.97226593647793
9.45846458333345,5.97395864489954
9.45879791666679,5.96692739453283
9.45913125000012,5.96549510279147
9.45946458333345,5.96627635283221
9.45979791666679,5.97109406141681
9.46013125000012,5.97187531145755
9.46046458333345,5.96393260270998
9.46079791666679,5.96054718586675
9.46113125000012,5.96432322773035
9.46146458333346,5.96653676951246
9.46179791666679,5.96979197801557
9.46213125000012,5.96653676951246
9.46246458333346,5.9678388529137
9.46279791666679,5.95872426910501
9.46313125000013,5.95885447744513
9.46346458333346,5.96367218602973
9.46379791666679,5.96705760287296
9.46413125000013,5.9635419776896
9.46446458333346,5.95716176902351
9.4647979166668,5.9630211443291
9.46513125000013,5.9678388529137
9.46546458333346,5.96627635283221
9.4657979166668,5.96237010262848
9.46613125000013,5.95898468578525
9.46646458333346,5.96276072764886
9.4667979166668,5.96132843590749
9.46713125000013,5.95520864392165
9.46746458333347,5.94596385177283
9.4677979166668,5.94231801824935
9.46813125000013,5.94453156003146
9.46846458333346,5.9473961435142
9.4687979166668,5.95377635218028
9.46913125000013,5.9602867691865
9.46946458333347,5.96523468611122
9.4697979166668,5.96119822756737
9.47013125000013,5.95820343574451
9.47046458333347,5.95403676886053
9.4707979166668,5.95572947728215
9.47113125000013,5.95833364408463
9.47146458333347,5.96692739453283
9.4717979166668,5.96627635283221
9.47213125000014,5.9678388529137
9.47246458333347,5.96393260270998
9.4727979166668,5.96250031096861
9.47313125000014,5.95833364408463
9.47346458333347,5.95690135234327
9.4737979166668,5.96041697752662
9.47413125000014,5.95885447744513
9.47446458333347,5.95937531080563
9.47479791666681,5.95677114400314
9.47513125000014,5.96106801922724
9.47546458333347,5.95820343574451
9.47579791666681,5.96132843590749
9.47613125000014,5.95807322740439
9.47646458333348,5.96145864424761
9.47679791666681,5.95859406076488
9.47713125000014,5.96328156100935
9.47746458333348,5.96562531113159
9.47779791666681,5.96822947793407
9.47813125000014,5.96848989461432
9.47846458333348,5.97447947826004
9.47879791666681,5.97395864489954
9.47913125000015,5.96718781121308
9.47946458333348,5.95690135234327
9.47979791666681,5.95690135234327
9.48013125000015,5.95807322740439
9.48046458333348,5.96171906092786
9.48079791666681,5.96328156100935
9.48113125000015,5.97135447809706
9.48146458333348,5.97434926991991
9.48179791666681,5.9726565614983
9.48213125000015,5.97317739485879
9.48246458333348,5.9688805196347
9.48279791666682,5.96184926926799
9.48313125000015,5.94765656019445
9.48346458333348,5.9463544767932
9.48379791666682,5.95390656052041
9.48413125000015,5.96705760287296
9.48446458333348,5.97447947826004
9.48479791666682,5.97812531178352
9.48513125000015,5.97343781153904
9.48546458333349,5.97044301971619
9.48579791666682,5.96210968594824
9.48613125000015,5.96471385275072
9.48646458333349,5.96718781121308
9.48679791666682,5.97447947826004
9.48713125000015,5.97252635315817
9.48746458333349,5.97434926991991
9.48779791666682,5.9769534367224
9.48813125000016,5.98320343704836
9.48846458333349,5.98216177032737
9.48879791666682,5.9850263538101
9.48913125000016,5.98776072895271
9.48946458333349,5.99166697915643
9.48979791666683,5.99531281267991
9.49013125000016,5.99765656280215
9.49046458333349,5.99882843786327
9.49079791666683,6.00065135462501
9.49113125000016,6.00364614644786
9.49146458333349,6.00494822984911
9.49179791666683,6.00247427138675
9.49213125000016,6.00260447972687
9.4924645833335,6.00078156296513
9.49279791666683,6.00325552142749
9.49313125000016,6.00377635478799
9.4934645833335,6.00416697980836
9.49379791666683,6.00143260466575
9.49413125000016,5.99713572944165
9.4944645833335,6.00078156296513
9.49479791666683,6.00429718814849
9.49513125000016,6.01106802183494
9.4954645833335,6.01575552207942
9.49579791666683,6.02005239730352
9.49613125000016,6.02200552240538
9.4964645833335,6.02044302232389
9.49679791666683,6.02031281398376
9.49713125000017,6.01354198029731
9.4974645833335,6.0108076051547
9.49779791666683,6.00833364669234
9.49813125000017,6.01119823017507
9.4984645833335,6.0059898965701
9.49879791666683,6.00351593810774
9.49913125000017,6.0059898965701
9.4994645833335,6.01158885519544
9.49979791666684,6.01302114693681
9.50013125000017,6.01432323033805
9.5004645833335,6.01809927220165
9.50079791666684,6.02135448070476
9.50113125000017,6.01575552207942
9.50146458333351,6.01054718847445
9.50179791666684,6.01132843851519
9.50213125000017,6.01744823050103
9.50246458333351,6.01848989722203
9.50279791666684,6.01653677212016
9.50313125000018,6.01744823050103
9.50346458333351,6.02200552240538
9.50379791666684,6.02122427236464
9.50413125000018,6.0221357307455
9.50446458333351,6.02630239762948
9.50479791666684,6.03333364799619
9.50513125000018,6.02929718945234
9.50546458333351,6.02630239762948
9.50579791666685,6.022656564106
9.50613125000018,6.03020864783321
9.50646458333351,6.03424510637706
9.50679791666684,6.03997427334252
9.50713125000018,6.03906281496165
9.50746458333351,6.03789093990054
9.50779791666685,6.02500031422824
9.50813125000018,6.01914093892265
9.50846458333351,6.0183596888819
9.50879791666685,6.03059927285358
9.50913125000018,6.0350263564178
9.50946458333351,6.03580760645855
9.50979791666685,6.03893260662153
9.51013125000018,6.03867218994128
9.51046458333352,6.03737010654004
9.51079791666685,6.02981802281283
9.51113125000018,6.0307294811937
9.51146458333352,6.03190135625482
9.51179791666685,6.03294302297582
9.51213125000018,6.03684927317954
9.51246458333352,6.0403648983629
9.51279791666685,6.04648469034874
9.51313125000019,6.04570344030799
9.51346458333352,6.04856802379072
9.51379791666685,6.05377635739569
9.51413125000019,6.05390656573582
9.51446458333352,6.05052114889259
9.51479791666686,6.04348989852588
9.51513125000019,6.04075552338327
9.51546458333352,6.03854198160116
9.51579791666686,6.03411489803693
9.51613125000019,6.03424510637706
9.51646458333352,6.02968781447271
9.51679791666686,6.02226593908563
9.51713125000019,6.01992218896339
9.51746458333353,6.01614614709979
9.51779791666686,6.02460968920787
9.51813125000019,6.01992218896339
9.51846458333353,6.02473989754799
9.51879791666686,6.01822948054178
9.51913125000019,6.02252635576588
9.51946458333353,6.02239614742575
9.51979791666686,6.02812531439122
9.52013125000019,6.02968781447271
9.52046458333353,6.02864614775172
9.52079791666686,6.02330760580662
9.5211312500002,6.02356802248687
9.52146458333353,6.02981802281283
9.52179791666686,6.03880239828141
9.5221312500002,6.03619823147892
9.52246458333353,6.03033885617333
9.52279791666686,6.02942739779246
9.5231312500002,6.02955760613259
9.52346458333353,6.03007843949308
9.52379791666687,6.03085968953383
9.5241312500002,6.03815135658078
9.52446458333353,6.04192739844439
9.52479791666687,6.03828156492091
9.5251312500002,6.03151073123445
9.52546458333353,6.02994823115296
9.52579791666687,6.03437531471718
9.5261312500002,6.03450552305731
9.52646458333354,6.02903677277209
9.52679791666687,6.02552114758873
9.5271312500002,6.03164093957457
9.52746458333354,6.04114614840364
9.52779791666687,6.04648469034874
9.52813125000021,6.05026073221234
9.52846458333354,6.05065135723271
9.52879791666687,6.04778677374998
9.52913125000021,6.03997427334252
9.52946458333354,6.04179719010426
9.52979791666687,6.04453156524687
9.53013125000021,6.04817739877035
9.53046458333354,6.04648469034874
9.53079791666688,6.04544302362774
9.53113125000021,6.05026073221234
9.53146458333354,6.04830760711047
9.53179791666688,6.044661773587
9.53213125000021,6.03750031488016
9.53246458333354,6.03710968985979
9.53279791666688,6.04205760678451
9.53313125000021,6.05078156557283
9.53346458333334,6.05429719075619
9.53379791666667,6.05143260727346
9.53413125000001,6.04778677374998
9.53446458333334,6.05039094055246
9.53479791666667,6.06106802444265
9.53513125,6.06406281626551
9.53546458333334,6.06875031650998
9.53579791666667,6.06588573302724
9.53613125000001,6.06914094153035
9.53646458333334,6.064583649626
9.53679791666667,6.06640656638774
9.53713125000001,6.06770864978898
9.53746458333334,6.07591177521681
9.53779791666667,6.0779951086588
9.53813125000001,6.08085969214153
9.53846458333334,6.08424510898476
9.53879791666668,6.08346385894401
9.53913125000001,6.07877635869954
9.53946458333334,6.07708365027793
9.53979791666668,6.08463573400513
9.54013125000001,6.09296906777308
9.54046458333334,6.09713573465706
9.54079791666668,6.10351594332315
9.54113125000001,6.10924511028861
9.54146458333335,6.11237011045159
9.54179791666668,6.11354198551271
9.54213125000001,6.11393261053308
9.54246458333335,6.1199221941788
9.54279791666668,6.12630240284489
9.54313125000001,6.12981802802824
9.54346458333335,6.1371096950752
9.54379791666668,6.14427115378203
9.54413125000002,6.15351594593085
9.54446458333335,6.15156282082899
9.54479791666668,6.15039094576787
9.54513125000002,6.15455761265184
9.54546458333335,6.15976594625681
9.54579791666669,6.15859407119569
9.54613125000002,6.15742219613458
9.54646458333335,6.16223990471917
9.54679791666669,6.1656253215624
9.54713125000002,6.16809928002476
9.54746458333336,6.16705761330377
9.54779791666669,6.17721386383346
9.54813125000002,6.18294303079892
9.54846458333335,6.18541698926129
9.54879791666669,6.18945344780514
9.54913125000002,6.19127636456688
9.54946458333336,6.19453157306998
9.54979791666669,6.18841178108414
9.55013125000002,6.18580761428166
9.55046458333336,6.18932323946501
9.55079791666669,6.19713573987247
9.55113125000002,6.20078157339594
9.55146458333336,6.19778678157309
9.55179791666669,6.19973990667495
9.55213125000003,6.19726594821259
9.55246458333336,6.20039094837557
9.55279791666669,6.19440136472986
9.55313125000003,6.1994794899947
9.55346458333336,6.19791698991321
9.55379791666669,6.2042971985793
9.55413125000003,6.20677115704166
9.55446458333336,6.21210969898675
9.5547979166667,6.20598990700091
9.55513125000003,6.19648469817184
9.55546458333336,6.18528678092116
9.5557979166667,6.18750032270327
9.55613125000003,6.19752636489284
9.55646458333336,6.2080732404429
9.5567979166667,6.20781282376265
9.55713125000003,6.21575553251023
9.55746458333337,6.2209638661152
9.5577979166667,6.22968782490352
9.55813125000003,6.22174511615595
9.55846458333337,6.22265657453681
9.5587979166667,6.22708365810104
9.55913125000004,6.2328128250665
9.55946458333337,6.23307324174675
9.5597979166667,6.23593782522949
9.56013125000004,6.24270865891595
9.56046458333337,6.24830761754129
9.5607979166667,6.24388053397706
9.56113125000004,6.24348990895669
9.56146458333337,6.24765657584067
9.5617979166667,6.25559928458824
9.56213125000004,6.25690136798949
9.56246458333337,6.26171907657408
9.56279791666671,6.2714847020834
9.56313125000004,6.2800784525316
9.56346458333337,6.28372428605508
9.56379791666671,6.28112011925259
9.56413125000004,6.28945345302054
9.56446458333337,6.29752637010824
9.56479791666671,6.3048180371552
9.56513125000004,6.30325553707371
9.56546458333338,6.30494824549533
9.56579791666671,6.31197949586203
9.56613125000004,6.31601595440589
9.56646458333338,6.31080762080092
9.56679791666671,6.30117220363172
9.56713125000004,6.30755241229781
9.56746458333338,6.31432324598427
9.56779791666671,6.31783887116762
9.56813125000005,6.31536491270526
9.56846458333338,6.31757845448738
9.56879791666671,6.31263053756265
9.56913125000005,6.30807324565831
9.56946458333338,6.30729199561756
9.56979791666671,6.3139326209639
9.57013125000005,6.3096357457398
9.57046458333338,6.30846387067868
9.57079791666672,6.30494824549533
9.57113125000005,6.30351595375396
9.57146458333338,6.29348991156439
9.57179791666672,6.29075553642179
9.57213125000005,6.29453157828539
9.57246458333339,6.30065137027123
9.57279791666672,6.30091178695147
9.57313125000005,6.29635449504713
9.57346458333339,6.29609407836688
9.57379791666672,6.29257845318352
9.57413125000005,6.28932324468042
9.57446458333339,6.28203157763346
9.57479791666672,6.27838574410998
9.57513125000005,6.27460970224638
9.57546458333339,6.26888053528091
9.57579791666672,6.27044303536241
9.57613125000005,6.2714847020834
9.57646458333339,6.2714847020834
9.57679791666672,6.27044303536241
9.57713125000006,6.2677086602198
9.57746458333339,6.26601595179818
9.57779791666672,6.26197949325433
9.57813125000006,6.2580732430506
9.57846458333339,6.25312532612588
9.57879791666672,6.24921907592216
9.57913125000006,6.24713574248017
9.57946458333339,6.24388053397706
9.57979791666673,6.24518261737831
9.58013125000006,6.24987011762278
9.58046458333339,6.25364615948638
9.58079791666673,6.25494824288762
9.58113125000006,6.25403678450675
9.58146458333339,6.25729199300986
9.58179791666673,6.25846386807098
9.58213125000006,6.26171907657408
9.5824645833334,6.26171907657408
9.58279791666673,6.26497428507719
9.58313125000006,6.26536491009756
9.5834645833334,6.26406282669632
9.58379791666673,6.2634117849957
9.58413125000007,6.26263053495495
9.5844645833334,6.27187532710377
9.58479791666673,6.27552116062725
9.58513125000007,6.27981803585135
9.5854645833334,6.2833336610347
9.58579791666674,6.28697949455818
9.58613125000007,6.28750032791868
9.5864645833334,6.27916699415073
9.58679791666673,6.27395866054576
9.58713125000007,6.27721386904887
9.5874645833334,6.28880241131992
9.58779791666674,6.30117220363172
9.58813125000007,6.30820345399843
9.5884645833334,6.31263053756265
9.58879791666674,6.31679720444663
9.58913125000007,6.31692741278676
9.5894645833334,6.31406282930402
9.58979791666674,6.31601595440589
9.59013125000007,6.32539095489483
9.59046458333341,6.33072949683992
9.59079791666674,6.33072949683992
9.59113125000007,6.33828158056713
9.59146458333341,6.35625033150427
9.59179791666674,6.37291699904017
9.59213125000007,6.38346387459023
9.59246458333341,6.39257845839893
9.59279791666674,6.40130241718725
9.59313125000008,6.41328158447868
9.59346458333341,6.42057325152564
9.59379791666674,6.43619825234055
9.59413125000008,6.44505241946899
9.59446458333341,6.46080762862403
9.59479791666674,6.47278679591545
9.59513125000008,6.48997429681185
9.59546458333341,6.50911492281011
9.59579791666675,6.52682325706701
9.59613125000008,6.55221388339123
9.59646458333341,6.57630242631421
9.59679791666675,6.59869826081558
9.59713125000008,6.61054721976689
9.59746458333342,6.61822951183422
9.59779791666675,6.6294274290849
9.59813125000008,6.63932326293434
9.59846458333342,6.65598993047024
9.59879791666675,6.66940138950304
9.59913125000008,6.68072951509385
9.59946458333342,6.68567743201857
9.59979791666675,6.68723993210006
9.60013125000008,6.69440139080689
9.60046458333342,6.69635451590875
9.60079791666675,6.7009118078131
9.60113125000009,6.69244826570503
9.60146458333342,6.69348993242602
9.60179791666675,6.69856805769086
9.60213125000009,6.70299514125509
9.60246458333342,6.70273472457484
9.60279791666675,6.69049514060316
9.60313125000009,6.68398472359695
9.60346458333342,6.67682326489012
9.60379791666676,6.67343784804689
9.60413125000009,6.67252638966602
9.60446458333342,6.66093784739496
9.60479791666676,6.65533888876962
9.60513125000009,6.64739618002204
9.60546458333342,6.64505242989981
9.60579791666676,6.63880242957384
9.60613125000009,6.63216180422751
9.60646458333343,6.62825555402378
9.60679791666676,6.62148472033732
9.60713125000009,6.60911492802552
9.60746458333343,6.59817742745509
9.60779791666676,6.57955763481732
9.60813125000009,6.570833676029
9.60846458333343,6.55559930023446
9.60879791666676,6.55247430007148
9.6091312500001,6.54179721618129
9.60946458333343,6.53151075731148
9.60979791666676,6.51731804823794
9.6101312500001,6.50703158936813
9.61046458333343,6.49739617219893
9.61079791666677,6.48776075502974
9.6111312500001,6.47395867097657
9.61146458333343,6.46679721226974
9.61179791666677,6.45885450352216
9.6121312500001,6.4526045031962
9.61246458333343,6.43789096076216
9.61279791666677,6.42018262650527
9.6131312500001,6.40546908407123
9.61346458333343,6.39817741702427
9.61379791666677,6.39010449993657
9.6141312500001,6.3816409578285
9.61446458333344,6.38046908276738
9.61479791666677,6.37604199920315
9.6151312500001,6.36835970713582
9.61546458333344,6.35612012316415
9.61579791666677,6.35325553968141
9.6161312500001,6.35078158121905
9.61646458333344,6.34635449765483
9.61679791666677,6.34453158089309
9.61713125000011,6.35013053951843
9.61746458333344,6.35299512300117
9.61779791666677,6.35468783142278
9.61813125000011,6.34856803943694
9.61846458333344,6.34466178923322
9.61879791666677,6.34179720575048
9.61913125000011,6.34505241425359
9.61946458333344,6.34388053919247
9.61979791666677,6.3467451226752
9.62013125000011,6.35039095619868
9.62046458333344,6.35859408162651
9.62079791666678,6.3472659560357
9.62113125000011,6.33971387230849
9.62146458333344,6.3338544970029
9.62179791666678,6.34114616404986
9.62213125000011,6.34335970583197
9.62246458333345,6.34075553902949
9.62279791666678,6.33763053886651
9.62313125000011,6.33307324696216
9.62346458333345,6.33346387198253
9.62379791666678,6.33880241392763
9.62413125000012,6.34322949749185
9.62446458333345,6.35039095619868
9.62479791666678,6.35091178955918
9.62513125000011,6.35390658138204
9.62546458333345,6.35013053951843
9.62579791666678,6.35625033150427
9.62613125000012,6.35442741474253
9.62646458333345,6.35143262291968
9.62679791666678,6.33619824712514
9.62713125000012,6.33723991384613
9.62746458333345,6.34466178923322
9.62779791666678,6.35494824810303
9.62813125000012,6.35286491466104
9.62846458333345,6.35169303959992
9.62879791666679,6.35130241457955
9.62913125000012,6.35312533134129
9.62946458333345,6.3472659560357
9.62979791666679,6.34518262259371
9.63013125000012,6.35169303959992
9.63046458333345,6.35833366494626
9.63079791666679,6.35872428996663
9.63113125000012,6.35026074785856
9.63146458333346,6.34713574769557
9.63179791666679,6.34427116421284
9.63213125000012,6.34231803911098
9.63246458333346,6.34231803911098
9.63279791666679,6.34804720607645
9.63313125000012,6.35325553968141
9.63346458333346,6.35000033117831
9.63379791666679,6.34127637238998
9.63413125000013,6.33893262226775
9.63446458333346,6.33906283060787
9.63479791666679,6.33932324728812
9.63513125000013,6.33958366396837
9.63546458333346,6.34609408097458
9.6357979166668,6.35468783142278
9.63613125000013,6.36093783174874
9.63646458333346,6.35820345660613
9.6367979166668,6.35247428964067
9.63713125000013,6.34544303927396
9.63746458333347,6.34843783109682
9.6377979166668,6.35455762308266
9.63813125000013,6.36158887344936
9.63846458333346,6.36093783174874
9.6387979166668,6.36718783207471
9.63913125000013,6.37786491596489
9.63946458333347,6.38945345823595
9.6397979166668,6.39023470827669
9.64013125000013,6.38828158317483
9.64046458333347,6.39205762503843
9.6407979166668,6.40052116714651
9.64113125000013,6.40820345921384
9.64146458333347,6.41601595962129
9.6417979166668,6.42890658529359
9.64213125000014,6.44335971104738
9.64246458333347,6.45286491987645
9.6427979166668,6.46614617056912
9.64313125000014,6.47864617122104
9.64346458333347,6.49479200539645
9.6437979166668,6.50468783924589
9.64413125000014,6.52005242338055
9.64446458333347,6.53515659083496
9.64479791666681,6.55377638347272
9.64513125000014,6.57669305133459
9.64546458333347,6.60065138591745
9.64579791666681,6.62239617871819
9.64613125000014,6.63737013783248
9.64646458333347,6.66354201419745
9.64679791666681,6.68710972375993
9.64713125000014,6.70690139145882
9.64746458333348,6.71679722530826
9.64779791666681,6.73580764296639
9.64813125000014,6.75651076904614
9.64846458333348,6.78007847860863
9.64879791666681,6.80364618817112
9.64913125000015,6.82226598080888
9.64946458333348,6.84518264867074
9.64979791666681,6.86184931620665
9.65013125000015,6.88776077589137
9.65046458333348,6.90221390164516
9.65079791666681,6.91380244391621
9.65113125000015,6.91888056918106
9.65146458333348,6.93359411161509
9.65179791666681,6.9529951542936
9.65213125000015,6.96627640498627
9.65246458333348,6.97382848871348
9.65279791666682,6.97747432223696
9.65313125000015,6.99049515624938
9.65346458333348,6.99739619827597
9.65379791666682,6.99987015673833
9.65413125000015,6.99609411487472
9.65446458333348,6.99778682329634
9.65479791666682,6.99726598993584
9.65513125000015,6.9868493227259
9.65546458333349,6.97200557195174
9.65579791666682,6.96028682134056
9.65613125000015,6.9572920295177
9.65646458333349,6.94414098716516
9.65679791666682,6.93489619501634
9.65713125000015,6.92916702805087
9.65746458333349,6.93072952813236
9.65779791666682,6.93007848643174
9.65813125000016,6.91679723573907
9.65846458333349,6.90625036018901
9.65879791666682,6.89557327629882
9.65913125000016,6.88281285896665
9.65946458333349,6.86289098292764
9.65979791666682,6.84479202365037
9.66013125000016,6.84205764850776
9.66046458333349,6.8438805652695
9.66079791666683,6.83723993992317
9.66113125000016,6.81953160566627
9.66146458333349,6.80234410476987
9.66179791666683,6.78919306241733
9.66213125000016,6.77487014500366
9.6624645833335,6.75859410248813
9.66279791666683,6.74466181009484
9.66313125000016,6.73333368450403
9.6634645833335,6.72460972571571
9.66379791666683,6.70625034975819
9.66413125000016,6.69036493226304
9.6644645833335,6.67161493128515
9.66479791666683,6.66184930577583
9.66513125000016,6.64335972147819
9.6654645833335,6.62643263726204
9.66579791666683,6.60612013620266
9.66613125000016,6.59648471903347
9.6664645833335,6.58072950987844
9.66679791666683,6.5703128426685
9.66713125000017,6.56197950890055
9.6674645833335,6.55976596711844
9.66779791666683,6.54635450808564
9.66813125000017,6.53072950727074
9.6684645833335,6.52096388176142
9.66879791666683,6.52487013196514
9.66913125000017,6.51510450645583
9.6694645833335,6.49635450547794
9.66979791666684,6.47799512952042
9.67013125000017,6.47877637956117
9.6704645833335,6.48294304644514
9.67079791666684,6.48072950466303
9.67113125000017,6.4697920040926
9.6714645833335,6.46132846198452
9.67179791666684,6.45559929501906
9.67213125000017,6.45091179477458
9.67246458333351,6.4402347108844
9.67279791666684,6.43606804400042
9.67313125000017,6.43346387719794
9.67346458333351,6.43398471055844
9.67379791666684,6.42591179347073
9.67413125000018,6.42500033508986
9.67446458333351,6.42981804367446
9.67479791666684,6.43333366885781
9.67513125000018,6.43346387719794
9.67546458333351,6.43658887736092
9.67579791666685,6.44179721096589
9.67613125000018,6.44427116942825
9.67646458333351,6.42838575193309
9.67679791666684,6.41796908472315
9.67713125000018,6.41302116779843
9.67746458333351,6.42122429322626
9.67779791666685,6.42200554326701
9.67813125000018,6.42174512658676
9.67846458333351,6.41380241783918
9.67879791666685,6.41250033443794
9.67913125000018,6.4101565843157
9.67946458333351,6.41523470958055
9.67979791666685,6.41770866804291
9.68013125000018,6.41666700132191
9.68046458333352,6.41744825136266
9.68079791666685,6.41744825136266
9.68113125000018,6.41171908439719
9.68146458333352,6.40598991743173
9.68179791666685,6.39661491694278
9.68213125000018,6.40026075046626
9.68246458333352,6.40169304220763
9.68279791666685,6.40677116747247
9.68313125000019,6.40494825071073
9.68346458333352,6.40195345888788
9.68379791666685,6.39856804204464
9.68413125000019,6.39947950042552
9.68446458333352,6.40273470892862
9.68479791666685,6.40117220884713
9.68513125000019,6.39791700034402
9.68546458333352,6.39414095848042
9.68579791666686,6.39596387524216
9.68613125000019,6.39791700034402
9.68646458333352,6.39570345856191
9.68679791666686,6.39036491661682
9.68713125000019,6.38880241653533
9.68746458333353,6.3854169996921
9.68779791666686,6.38554720803222
9.68813125000019,6.38138054114825
9.68846458333353,6.38398470795073
9.68879791666686,6.38776074981433
9.68913125000019,6.38528679135197
9.68946458333353,6.3854169996921
9.68979791666686,6.38802116649458
9.69013125000019,6.38841179151496
9.69046458333353,6.38268262454949
9.69079791666686,6.38007845774701
9.6911312500002,6.38802116649458
9.69146458333353,6.39335970843968
9.69179791666686,6.39153679167794
9.6921312500002,6.38828158317483
9.69246458333353,6.37695345758402
9.69279791666686,6.36862012381607
9.6931312500002,6.36354199855123
9.69346458333353,6.36901074883645
9.69379791666687,6.37213574899943
9.6941312500002,6.37552116584266
9.69446458333353,6.37656283256365
9.69479791666687,6.37473991580191
9.6951312500002,6.3725263740198
9.69546458333353,6.37434929078154
9.69579791666687,6.38125033280812
9.6961312500002,6.38606804139272
9.69646458333354,6.38854199985508
9.69679791666687,6.38567741637235
9.6971312500002,6.38294304122974
9.69746458333354,6.38697949977359
9.69779791666687,6.3897138749162
9.6981312500002,6.39179720835819
9.69846458333354,6.39101595831744
9.69879791666687,6.39505241686129
9.69913125000021,6.40039095880638
9.69946458333354,6.3977867920039
9.69979791666687,6.39791700034402
9.70013125000021,6.40065137548663
9.70046458333354,6.40455762569036
9.70079791666688,6.41093783435645
9.70113125000021,6.41106804269657
9.70146458333354,6.41484408456017
9.70179791666688,6.42031283484539
9.70213125000021,6.42773471023247
9.70246458333354,6.43554721063993
9.70279791666688,6.43059929371521
9.70313125000021,6.42643262683123
9.70346458333354,6.42656283517135
9.70379791666688,6.42903679363371
9.70413125,6.43658887736092
9.70446458333334,6.44114616926527
9.70479791666667,6.45104200311471
9.70513125,6.45429721161781
9.70546458333334,6.45872429518204
9.70579791666667,6.46393262878701
9.70613125,6.46757846231048
9.70646458333334,6.47278679591545
9.70679791666667,6.48020867130254
9.70713125000001,6.48763054668962
9.70746458333334,6.50052117236192
9.70779791666667,6.50625033932738
9.70813125000001,6.51067742289161
9.70846458333334,6.50898471446999
9.70879791666667,6.51289096467372
9.70913125000001,6.52513054864539
9.70946458333334,6.54322950792266
9.70979791666668,6.55156284169061
9.71013125000001,6.55911492541782
9.71046458333334,6.56041700881906
9.71079791666668,6.56744825918577
9.71113125000001,6.57187534274999
9.71146458333335,6.58046909319819
9.71179791666668,6.58932326032664
9.71213125000001,6.58997430202726
9.71246458333335,6.58619826016366
9.71279791666668,6.5875003435649
9.71313125000001,6.59882846915571
9.71346458333335,6.60338576106005
9.71379791666668,6.60390659442055
9.71413125000001,6.61002638640639
9.71446458333335,6.61289096988912
9.71479791666668,6.61497430333111
9.71513125000002,6.60703159458353
9.71546458333335,6.61575555337186
9.71579791666668,6.61875034519471
9.71613125000002,6.62018263693608
9.71646458333335,6.60664096956316
9.71679791666668,6.59843784413533
9.71713125000002,6.59843784413533
9.71746458333335,6.60312534437981
9.71779791666669,6.60221388599894
9.71813125000002,6.60078159425757
9.71846458333335,6.59856805247546
9.71879791666669,6.59635451069335
9.71913125000002,6.58489617676241
9.71946458333335,6.57447950955248
9.71979791666669,6.57291700947098
9.72013125000002,6.57434930121235
9.72046458333336,6.57695346801484
9.72079791666669,6.56575555076415
9.72113125000002,6.56002638379869
9.72146458333336,6.548828466548
9.72179791666669,6.55065138330974
9.72213125000002,6.54609409140539
9.72246458333336,6.54817742484738
9.72279791666669,6.54114617448067
9.72313125000003,6.53932325771893
9.72346458333336,6.53528679917508
9.72379791666669,6.53893263269856
9.72413125000003,6.53906284103869
9.72446458333336,6.5332034657331
9.7247979166667,6.52539096532564
9.72513125000003,6.51862013163918
9.72546458333336,6.52187534014229
9.72579791666669,6.52760450710775
9.72613125000003,6.5326826323726
9.72646458333336,6.54101596614055
9.7267979166667,6.54713575812639
9.72713125000003,6.55429721683322
9.72746458333336,6.55729200865608
9.7277979166667,6.55898471707769
9.72813125000003,6.56237013392092
9.72846458333336,6.56197950890055
9.7287979166667,6.56536492574378
9.72913125000003,6.56406284234254
9.72946458333337,6.56848992590676
9.7297979166667,6.57421909287223
9.73013125000003,6.58307326000068
9.73046458333337,6.59257846882974
9.7307979166667,6.59309930219024
9.73113125000003,6.58919305198651
9.73146458333337,6.58255242664018
9.7317979166667,6.57981805149757
9.73213125000004,6.57812534307595
9.73246458333337,6.57851596809633
9.7327979166667,6.58242221830005
9.73313125000004,6.5869795102044
9.73346458333337,6.58854201028589
9.7337979166667,6.58945346866676
9.73413125000004,6.59270867716987
9.73446458333337,6.59192742712912
9.73479791666671,6.58489617676241
9.73513125000004,6.57981805149757
9.73546458333337,6.57369825951173
9.73579791666671,6.57526075959322
9.73613125000004,6.57369825951173
9.73646458333338,6.57695346801484
9.73679791666671,6.57161492606974
9.73713125000004,6.56354200898204
9.73746458333338,6.55898471707769
9.73779791666671,6.55273471675173
9.73813125000005,6.55013054994924
9.73846458333338,6.53789096597757
9.73879791666671,6.53632846589608
9.73913125000004,6.52747429876763
9.73946458333338,6.5246097152849
9.73979791666671,6.51875033997931
9.74013125000005,6.52226596516266
9.74046458333338,6.52252638184291
9.74079791666671,6.51888054831943
9.74113125000005,6.50781283940887
9.74146458333338,6.4993492973008
9.74179791666671,6.49166700523347
9.74213125000005,6.48450554652663
9.74246458333338,6.4740888793167
9.74279791666672,6.47031283745309
9.74313125000005,6.47109408749384
9.74346458333338,6.4740888793167
9.74379791666672,6.4730472125957
9.74413125000005,6.47135450417409
9.74446458333338,6.46966179575247
9.74479791666672,6.46380242044688
9.74513125000005,6.45221387817583
9.74546458333339,6.44609408618999
9.74579791666672,6.44531283614924
9.74613125000005,6.44270866934676
9.74646458333339,6.43854200246278
9.74679791666672,6.4316409604362
9.74713125000005,6.42903679363371
9.74746458333339,6.42591179347073
9.74779791666672,6.41914095978427
9.74813125000006,6.41237012609781
9.74846458333339,6.40612012577185
9.74879791666672,6.40559929241135
9.74913125000006,6.40455762569036
9.74946458333339,6.3983076253644
9.74979791666673,6.39088574997732
9.75013125000006,6.38997429159645
9.75046458333339,6.38893262487545
9.75079791666673,6.38880241653533
9.75113125000006,6.38255241620937
9.75146458333339,6.37955762438651
9.75179791666673,6.38125033280812
9.75213125000006,6.3816409578285
9.75246458333339,6.37747429094452
9.75279791666673,6.36640658203396
9.75313125000006,6.36158887344936
9.7534645833334,6.35937533166725
9.75379791666673,6.35781283158576
9.75413125000006,6.35768262324564
9.7544645833334,6.35143262291968
9.75479791666673,6.34765658105607
9.75513125000006,6.33958366396837
9.7554645833334,6.34023470566899
9.75579791666673,6.34257845579123
9.75613125000007,6.34205762243073
9.7564645833334,6.33671908048564
9.75679791666673,6.32669303829607
9.75713125000007,6.32369824647321
9.7574645833334,6.32734407999669
9.75779791666673,6.32487012153433
9.75813125000007,6.31549512104539
9.7584645833334,6.30898470403918
9.75879791666674,6.31197949586203
9.75913125000007,6.31250032922253
9.7594645833334,6.30078157861135
9.75979791666674,6.29388053658477
9.76013125000007,6.29401074492489
9.7604645833334,6.30338574541383
9.76079791666674,6.30117220363172
9.76113125000007,6.29869824516936
9.76146458333341,6.29492220330576
9.76179791666674,6.30065137027123
9.76213125000007,6.29908887018974
9.76246458333341,6.29791699512862
9.76279791666674,6.29218782816315
9.76313125000008,6.29635449504713
9.76346458333341,6.29791699512862
9.76379791666674,6.29713574508787
9.76413125000008,6.29609407836688
9.76446458333341,6.29257845318352
9.76479791666674,6.29257845318352
9.76513125000008,6.28554720281682
9.76546458333341,6.28658886953781
9.76579791666674,6.28710970289831
9.76613125000008,6.28945345302054
9.76646458333341,6.29257845318352
9.76679791666675,6.29648470338725
9.76713125000008,6.30325553707371
9.76746458333341,6.30143262031197
9.76779791666675,6.29752637010824
9.76813125000008,6.29270866152365
9.76846458333341,6.29895866184961
9.76879791666675,6.30716178727744
9.76913125000008,6.30781282897806
9.76946458333341,6.30234407869284
9.76979791666675,6.29570345334651
9.77013125000008,6.29583366168663
9.77046458333342,6.29752637010824
9.77079791666675,6.30026074525085
9.77113125000008,6.30651074557682
9.77146458333342,6.31106803748116
9.77179791666675,6.3101565791003
9.77213125000008,6.30768262063793
9.77246458333342,6.30820345399843
9.77279791666675,6.31145866250154
9.77313125000009,6.31197949586203
9.77346458333342,6.31067741246079
9.77379791666675,6.30729199561756
9.77413125000009,6.30520866217557
9.77446458333342,6.3010419952916
9.77479791666676,6.3015628286521
9.77513125000009,6.30390657877433
9.77546458333342,6.30755241229781
9.77579791666676,6.30794303731818
9.77613125000009,6.30169303699222
9.77646458333343,6.2919274114829
9.77679791666676,6.28945345302054
9.77713125000009,6.28515657779644
9.77746458333342,6.28619824451744
9.77779791666676,6.28919303634029
9.77813125000009,6.29882845350949
9.77846458333343,6.29960970355023
9.77879791666676,6.29179720314278
9.77913125000009,6.28528678613657
9.77946458333343,6.28893261966005
9.77979791666676,6.29218782816315
9.78013125000009,6.29609407836688
9.78046458333343,6.29596387002675
9.78079791666676,6.29440136994526
9.7811312500001,6.29401074492489
9.78146458333343,6.2924482448434
9.78179791666676,6.29518261998601
9.7821312500001,6.29609407836688
9.78246458333343,6.30078157861135
9.78279791666676,6.30169303699222
9.7831312500001,6.29856803682924
9.78346458333343,6.29570345334651
9.78379791666677,6.30078157861135
9.7841312500001,6.30403678711446
9.78446458333343,6.30364616209408
9.78479791666677,6.29583366168663
9.7851312500001,6.29518261998601
9.78546458333343,6.29791699512862
9.78579791666677,6.30742220395769
9.7861312500001,6.31380241262377
9.78646458333344,6.30950553739967
9.78679791666677,6.29869824516936
9.7871312500001,6.29401074492489
9.78746458333344,6.29908887018974
9.78779791666677,6.30091178695147
9.78813125000011,6.3010419952916
9.78846458333344,6.29830762014899
9.78879791666677,6.30338574541383
9.78913125000011,6.30664095391694
9.78946458333344,6.31380241262377
9.78979791666677,6.32500032987446
9.79013125000011,6.33281283028191
9.79046458333344,6.33151074688067
9.79079791666677,6.32122428801085
9.79113125000011,6.31458366266452
9.79146458333344,6.31705762112688
9.79179791666678,6.31809928784787
9.79213125000011,6.32161491303123
9.79246458333344,6.32291699643247
9.79279791666678,6.3263024132757
9.79313125000011,6.32916699675843
9.79346458333344,6.32487012153433
9.79379791666678,6.31757845448738
9.79413125000011,6.31380241262377
9.79446458333345,6.30924512071942
9.79479791666678,6.30950553739967
9.79513125000011,6.3015628286521
9.79546458333345,6.30143262031197
9.79579791666678,6.29791699512862
9.79613125000011,6.29869824516936
9.79646458333345,6.30169303699222
9.79679791666678,6.29739616176812
9.79713125000012,6.28802116127918
9.79746458333345,6.27981803585135
9.79779791666678,6.28255241099396
9.79813125000012,6.28476595277607
9.79846458333345,6.28372428605508
9.79879791666678,6.27721386904887
9.79913125000012,6.27447949390626
9.79946458333345,6.27343782718526
9.79979791666679,6.27695345236862
9.80013125000012,6.27460970224638
9.80046458333345,6.27083366038278
9.80079791666679,6.2666669934988
9.80113125000012,6.26875032694079
9.80146458333346,6.26171907657408
9.80179791666679,6.25781282637036
9.80213125000012,6.24843782588141
9.80246458333346,6.24908886758203
9.80279791666679,6.24414095065731
9.80313125000012,6.24166699219495
9.80346458333346,6.2328128250665
9.80379791666679,6.22890657486278
9.80413125000012,6.23216178336588
9.80446458333346,6.2414065755147
9.80479791666679,6.24205761721532
9.80513125000013,6.2338544917875
9.80546458333346,6.22434928295843
9.80579791666679,6.21822949097259
9.80613125000013,6.21393261574849
9.80646458333346,6.21302115736762
9.80679791666679,6.22083365777507
9.80713125000013,6.22565136635967
9.80746458333346,6.22369824125781
9.8077979166668,6.2214846994757
9.80813125000013,6.22018261607445
9.80846458333346,6.22487011631893
9.8087979166668,6.22213574117632
9.80913125000013,6.2300784499239
9.80946458333346,6.22682324142079
9.8097979166668,6.22877636652265
9.81013125000013,6.22291699121706
9.81046458333347,6.2257815746998
9.8107979166668,6.22760449146154
9.81113125000013,6.22682324142079
9.81146458333347,6.23320345008688
9.8117979166668,6.23867220037209
9.81213125000013,6.24661490911967
9.81246458333347,6.24648470077955
9.8127979166668,6.25273470110551
9.81313125000014,6.25690136798949
9.81346458333347,6.25507845122775
9.8137979166668,6.24726595082029
9.81413125000014,6.24934928426228
9.81446458333347,6.26054720151296
9.81479791666681,6.27773470240936
9.81513125000014,6.2795576191711
9.81546458333347,6.27942741083098
9.8157979166668,6.27669303568837
9.81613125000014,6.28671907787793
9.81646458333347,6.29596387002675
9.81679791666681,6.30507845383545
9.81713125000014,6.30976595407992
9.81746458333347,6.31927116290899
9.81779791666681,6.32330762145284
9.81813125000014,6.3257815799152
9.81846458333347,6.32526074655471
9.81879791666681,6.33359408032266
9.81913125000014,6.33789095554675
9.81946458333348,6.34635449765483
9.81979791666681,6.34908887279744
9.82013125000014,6.35273470632092
9.82046458333348,6.35065137287893
9.82079791666681,6.35130241457955
9.82113125000014,6.35833366494626
9.82146458333348,6.36184929012961
9.82179791666681,6.36250033183023
9.82213125000015,6.35924512332713
9.82246458333348,6.35247428964067
9.82279791666681,6.34791699773632
9.82313125000015,6.34583366429433
9.82346458333348,6.34869824777707
9.82379791666681,6.35130241457955
9.82413125000015,6.34622428931471
9.82446458333348,6.3429690808116
9.82479791666682,6.32799512169731
9.82513125000015,6.32604199659545
9.82546458333348,6.32330762145284
9.82579791666682,6.32968783011893
9.82613125000015,6.32851595505781
9.82646458333349,6.32799512169731
9.82679791666682,6.32265657975222
9.82713125000015,6.31627637108613
9.82746458333349,6.30729199561756
9.82779791666682,6.30169303699222
9.82813125000016,6.29153678646253
9.82846458333349,6.28346386937483
9.82879791666682,6.27487011892663
9.82913125000015,6.27643261900812
9.82946458333349,6.27369824386551
9.82979791666682,6.26862011860067
9.83013125000016,6.25494824288762
9.83046458333349,6.25156282604439
9.83079791666682,6.24036490879371
9.83113125000016,6.23906282539247
9.83146458333349,6.22994824158377
9.83179791666682,6.22981803324365
9.83213125000016,6.22174511615595
9.83246458333349,6.2161461575306
9.83279791666683,6.21328157404787
9.83313125000016,6.20924511550402
9.83346458333349,6.20234407347744
9.83379791666683,6.19362011468911
9.83413125000016,6.18828157274402
9.83446458333349,6.18737011436315
9.83479791666683,6.18489615590079
9.83513125000016,6.18098990569706
9.8354645833335,6.1790367805952
9.83579791666683,6.17356803030998
9.83613125000016,6.16966178010625
9.8364645833335,6.15677115443396
9.83679791666683,6.15742219613458
9.83713125000016,6.16223990471917
9.8374645833335,6.17018261346675
9.83779791666683,6.16862011338526
9.83813125000017,6.16302115475992
9.8384645833335,6.15872427953582
9.83879791666683,6.15312532091048
9.83913125000017,6.14778677896538
9.8394645833335,6.14401073710178
9.83979791666684,6.1451826121629
9.84013125000017,6.15143261248886
9.8404645833335,6.15612011273333
9.84079791666684,6.15716177945433
9.84113125000017,6.15533886269259
9.8414645833335,6.15911490455619
9.84179791666684,6.16471386318153
9.84213125000017,6.16197948803892
9.8424645833335,6.16093782131793
9.84279791666684,6.15781282115495
9.84313125000017,6.16263052973955
9.84346458333351,6.15911490455619
9.84379791666684,6.1618492796988
9.84413125000017,6.169401363426
9.84446458333351,6.17460969703097
9.84479791666684,6.17109407184762
9.84513125000017,6.16588573824265
9.84546458333351,6.16627636326302
9.84579791666684,6.17148469686799
9.84613125000018,6.17083365516737
9.84646458333351,6.16822948836489
9.84679791666684,6.17031282180688
9.84713125000018,6.17565136375197
9.84746458333351,6.17890657225507
9.84779791666684,6.17591178043222
9.84813125000018,6.16927115508588
9.84846458333351,6.16848990504514
9.84879791666685,6.17174511354824
9.84913125000018,6.1785159472347
9.84946458333351,6.18190136407793
9.84979791666685,6.18372428083967
9.85013125000018,6.17890657225507
9.85046458333351,6.17604198877234
9.85079791666685,6.17447948869085
9.85113125000018,6.17825553055445
9.85146458333352,6.18112011403719
9.85179791666685,6.1865888643224
9.85213125000018,6.19062532286625
9.85246458333352,6.19075553120638
9.85279791666685,6.18737011436315
9.85313125000019,6.17877636391495
9.85346458333352,6.18307323913905
9.85379791666685,6.18437532254029
9.85413125000019,6.19166698958725
9.85446458333352,6.18489615590079
9.85479791666685,6.18072948901681
9.85513125000019,6.18411490586004
9.85546458333352,6.1919274062675
9.85579791666685,6.19427115638973
9.85613125000019,6.191406572907
9.85646458333352,6.19296907298849
9.85679791666686,6.20026074003545
9.85713125000019,6.20130240675644
9.85746458333352,6.19557323979098
9.85779791666686,6.19205761460762
9.85813125000019,6.19453157306998
9.85846458333352,6.19713573987247
9.85879791666686,6.18971386448539
9.85913125000019,6.18190136407793
9.85946458333352,6.18554719760141
9.85979791666686,6.18919303112489
9.86013125000019,6.1876305310434
9.86046458333353,6.17981803063594
9.86079791666686,6.18645865598228
9.86113125000019,6.18789094772365
9.86146458333353,6.18945344780514
9.86179791666686,6.18138053071743
9.86213125000019,6.18268261411868
9.86246458333353,6.17994823897607
9.86279791666686,6.18841178108414
9.8631312500002,6.19375032302924
9.86346458333353,6.19335969800886
9.86379791666686,6.18906282278476
9.8641312500002,6.18697948934278
9.86446458333353,6.19010448950576
9.86479791666687,6.1908857395465
9.8651312500002,6.19973990667495
9.86546458333353,6.20716178206203
9.86579791666687,6.21028678222501
9.8661312500002,6.20338574019843
9.86646458333354,6.21158886562625
9.86679791666687,6.21510449080961
9.8671312500002,6.22161490781582
9.86746458333353,6.2209638661152
9.86779791666687,6.23268261672638
9.8681312500002,6.24531282571843
9.86846458333354,6.25286490944564
9.86879791666687,6.25677115964936
9.8691312500002,6.26119824321358
9.86946458333354,6.27343782718526
9.86979791666687,6.28463574443595
9.8701312500002,6.29388053658477
9.87046458333354,6.30572949553607
9.87079791666687,6.31927116290899
9.87113125000021,6.33763053886651
9.87146458333354,6.34492220591346
9.87179791666687,6.35507845644315
9.87213125000021,6.3687503321562
9.87246458333354,6.3897138749162
9.87279791666687,6.41718783468241
9.87313125000021,6.43997429420415
9.87346458333354,6.46263054538577
9.87379791666688,6.48346387980564
9.87413125000021,6.50729200604837
9.87446458333354,6.53828159099794
9.87479791666667,6.56627638412465
9.87513125,6.59479201061186
9.87546458333334,6.61406284495024
9.87579791666667,6.64518263823993
9.87613125,6.68216180683521
9.87646458333334,6.72539097575645
9.87679791666667,6.75924514418875
9.87713125000001,6.80130243804888
9.87746458333334,6.84375035692938
9.87779791666667,6.89661494301981
9.87813125000001,6.94414098716516
9.87846458333334,6.99257848969137
9.87879791666667,7.03645870031323
9.87913125000001,7.08554724454007
9.87946458333334,7.13802120561013
9.87979791666668,7.19231808344193
9.88013125000001,7.24531287787249
9.88046458333334,7.30260454752715
9.88079791666668,7.36289100900467
9.88113125000001,7.4167972618161
9.88146458333334,7.47044309794728
9.88179791666668,7.52617226752045
9.88213125000001,7.57994831199176
9.88246458333335,7.6279951894976
9.88279791666668,7.67343790020095
9.88313125000001,7.73203165325686
9.88346458333335,7.79049519797263
9.88379791666668,7.8419274923217
9.88413125000002,7.88072957767872
9.88446458333335,7.92057332975674
9.88479791666668,7.95742229001189
9.88513125000002,7.98528687479848
9.88546458333335,8.00182333399425
9.88579791666668,8.00781291763997
9.88613125000002,8.01471395966655
9.88646458333335,8.02122437667276
9.88679791666669,8.02109416833264
9.88713125000002,8.00546916751773
9.88746458333335,7.98424520807748
9.88779791666669,7.95885458175326
9.88813125000002,7.93424520546978
9.88846458333335,7.89388062003127
9.88879791666669,7.86080770163971
9.88913125000002,7.83229207515251
9.88946458333335,7.79987019846158
9.88979791666669,7.76002644638356
9.89013125000002,7.71289102725859
9.89046458333335,7.66367227469164
9.89079791666669,7.60234414649312
9.89113125000002,7.53684935141064
9.89146458333336,7.47200559802877
9.89179791666669,7.42018267865933
9.89213125000002,7.3700524677115
9.89246458333336,7.31328163141734
9.89279791666669,7.25156287819846
9.89313125000002,7.18684933315672
9.89346458333336,7.13281287200516
9.89379791666669,7.0755212023505
9.89413125000003,7.0169274492946
9.89446458333336,6.95872432125907
9.89479791666669,6.90091181824391
9.89513125000003,6.84348994024913
9.89546458333336,6.7885420207167
9.8957979166667,6.73632847632689
9.89613125000003,6.6917972240044
9.89646458333336,6.64479201321956
9.8967979166667,6.59830763579521
9.89713125000003,6.54583367472515
9.89746458333337,6.507943047749
9.8977979166667,6.47552117105806
9.89813125000003,6.4520836698357
9.89846458333337,6.41914095978427
9.8987979166667,6.39661491694278
9.89913125000003,6.37565137418278
9.89946458333337,6.35690137320489
9.8997979166667,6.3300784551393
9.90013125000004,6.31093782914104
9.90046458333337,6.29791699512862
9.9007979166667,6.27643261900812
9.90113125000003,6.25091178434377
9.90146458333337,6.22734407478129
9.9017979166667,6.22122428279545
9.90213125000004,6.20976594886452
9.90246458333337,6.20091178173607
9.9027979166667,6.18750032270327
9.90313125000004,6.18242219743843
9.90346458333337,6.17877636391495
9.9037979166667,6.17356803030998
9.90413125000004,6.16354198812041
9.90446458333337,6.14960969572712
9.90479791666671,6.14218782034004
9.90513125000004,6.13723990341532
9.90546458333337,6.13567740333383
9.90579791666671,6.13320344487147
9.90613125000004,6.13684927839495
9.90646458333337,6.13593782001408
9.90679791666671,6.13567740333383
9.90713125000004,6.13046906972886
9.90746458333338,6.13424511159246
9.90779791666671,6.13424511159246
9.90813125000004,6.13372427823197
9.90846458333338,6.12929719466774
9.90879791666671,6.12226594430104
9.90913125000005,6.11770865239669
9.90946458333338,6.11484406891395
9.90979791666671,6.12031281919917
9.91013125000005,6.11953156915843
9.91046458333338,6.11666698567569
9.91079791666671,6.11549511061458
9.91113125000005,6.11862011077756
9.91146458333338,6.11640656899545
9.91179791666672,6.1108076103701
9.91213125000005,6.10507844340464
9.91246458333338,6.10299510996265
9.91279791666672,6.10403677668364
9.91313125000005,6.10794302688737
9.91346458333338,6.11497427725408
9.91379791666672,6.11536490227445
9.91413125000005,6.11354198551271
9.91446458333338,6.11601594397507
9.91479791666672,6.11757844405656
9.91513125000005,6.11783886073681
9.91546458333339,6.10859406858799
9.91579791666672,6.10585969344538
9.91613125000005,6.10677115182625
9.91646458333339,6.11237011045159
9.91679791666672,6.11263052713184
9.91713125000005,6.10807323522749
9.91746458333339,6.10364615166327
9.91779791666672,6.09583365125582
9.91813125000006,6.09635448461631
9.91846458333339,6.09791698469781
9.91879791666672,6.1027346932824
9.91913125000006,6.10000031813979
9.91946458333339,6.09427115117433
9.91979791666672,6.09609406793607
9.92013125000006,6.09700552631693
9.92046458333339,6.09739615133731
9.92079791666673,6.09335969279346
9.92113125000006,6.0941409428342
9.92146458333339,6.09570344291569
9.92179791666673,6.09869823473855
9.92213125000006,6.10546906842501
9.9224645833334,6.11054719368986
9.92279791666673,6.10716177684663
9.92313125000006,6.10130240154103
9.9234645833334,6.09583365125582
9.92379791666673,6.09635448461631
9.92413125000006,6.09309927611321
9.9244645833334,6.09804719303793
9.92479791666673,6.10286490162252
9.92513125000007,6.10299510996265
9.9254645833334,6.10104198486079
9.92579791666673,6.10130240154103
9.92613125000007,6.10364615166327
9.9264645833334,6.10130240154103
9.92679791666673,6.09752635967743
9.92713125000007,6.10494823506451
9.9274645833334,6.10677115182625
9.92779791666673,6.10677115182625
9.92813125000007,6.09960969311942
9.9284645833334,6.09700552631693
9.92879791666674,6.0951826095552
9.92913125000007,6.08997427595023
9.9294645833334,6.09140656769159
9.92979791666674,6.09388052615395
9.93013125000007,6.0951826095552
9.9304645833334,6.09296906777308
9.93079791666674,6.08880240088911
9.93113125000007,6.09309927611321
9.93146458333341,6.10598990178551
9.93179791666674,6.11393261053308
9.93213125000007,6.10898469360836
9.93246458333341,6.09544302623544
9.93279791666674,6.09114615101134
9.93313125000007,6.09882844307867
9.93346458333341,6.10039094316016
9.93379791666674,6.09765656801756
9.93413125000008,6.09804719303793
9.93446458333341,6.09062531765085
9.93479791666674,6.08697948412737
9.93513125000008,6.07929719206004
9.93546458333341,6.08737010914774
9.93579791666675,6.08723990080762
9.93613125000008,6.08424510898476
9.93646458333341,6.08112010882178
9.93679791666675,6.09388052615395
9.93713125000008,6.09674510963669
9.93746458333341,6.09791698469781
9.93779791666675,6.08671906744712
9.93813125000008,6.08997427595023
9.93846458333342,6.08723990080762
9.93879791666675,6.08841177586874
9.93913125000008,6.0860680257465
9.93946458333341,6.08437531732489
9.93979791666675,6.08268260890327
9.94013125000008,6.07864615035942
9.94046458333342,6.07812531699892
9.94079791666675,6.07460969181557
9.94113125000008,6.07656281691743
9.94146458333342,6.07864615035942
9.94179791666675,6.07929719206004
9.94213125000008,6.06770864978898
9.94246458333342,6.0613284411229
9.94279791666675,6.05664094087842
9.94313125000009,6.05794302427967
9.94346458333342,6.05989614938153
9.94379791666675,6.065625316347
9.94413125000009,6.07656281691743
9.94446458333342,6.07421906679519
9.94479791666675,6.065625316347
9.94513125000009,6.05924510768091
9.94546458333342,6.05625031585805
9.94579791666676,6.05781281593954
9.94613125000009,6.05026073221234
9.94646458333342,6.05156281561358
9.94679791666676,6.05156281561358
9.94713125000009,6.05468781577656
9.94746458333343,6.05690135755867
9.94779791666676,6.05898469100066
9.94813125000009,6.05885448266054
9.94846458333343,6.05403677407594
9.94879791666676,6.04987010719197
9.9491312500001,6.05091177391296
9.94946458333343,6.05078156557283
9.94979791666676,6.0565107325383
9.9501312500001,6.05455760743644
9.95046458333343,6.06145864946302
9.95079791666676,6.06263052452414
9.9511312500001,6.07148469165259
9.95146458333343,6.06627635804762
9.95179791666677,6.06263052452414
9.9521312500001,6.06171906614327
9.95246458333343,6.06653677472787
9.95279791666676,6.07070344161184
9.9531312500001,6.06744823310874
9.95346458333343,6.06757844144886
9.95379791666677,6.06744823310874
9.9541312500001,6.06901073319023
9.95446458333343,6.07018260825134
9.95479791666677,6.07330760841433
9.9551312500001,6.0736982334347
9.95546458333343,6.0774742752983
9.95579791666677,6.0812503171619
9.9561312500001,6.08580760906625
9.95646458333344,6.08164094218228
9.95679791666677,6.07994823376066
9.9571312500001,6.08151073384215
9.95746458333344,6.08789094250824
9.95779791666677,6.09296906777308
9.9581312500001,6.0984378180583
9.95846458333344,6.10768261020712
9.95879791666677,6.11054719368986
9.95913125000011,6.11536490227445
9.95946458333344,6.11289094381209
9.95979791666677,6.11393261053308
9.96013125000011,6.11523469393433
9.96046458333344,6.12447948608315
9.96079791666678,6.13268261151097
9.96113125000011,6.13411490325234
9.96146458333344,6.13138052810973
9.96179791666678,6.13072948640911
9.96213125000011,6.13945344519743
9.96246458333344,6.14531282050302
9.96279791666678,6.15156282082899
9.96313125000011,6.15052115410799
9.96346458333345,6.14622427888389
9.96379791666678,6.14401073710178
9.96413125000011,6.14335969540116
9.96446458333345,6.14739615394501
9.96479791666678,6.15299511257035
9.96513125000011,6.15572948771296
9.96546458333345,6.15494823767222
9.96579791666678,6.15416698763147
9.96613125000011,6.15716177945433
9.96646458333345,6.15963573791669
9.96679791666678,6.15390657095122
9.96713125000012,6.15221386252961
9.96746458333345,6.15716177945433
9.96779791666678,6.16588573824265
9.96813125000012,6.16028677961731
9.96846458333345,6.15846386285557
9.96879791666678,6.15416698763147
9.96913125000012,6.15950552957656
9.96946458333345,6.15416698763147
9.96979791666679,6.15286490423023
9.97013125000012,6.15208365418948
9.97046458333345,6.15468782099197
9.97079791666679,6.15390657095122
9.97113125000012,6.14635448722402
9.97146458333345,6.14231802868017
9.97179791666679,6.13789094511594
9.97213125000012,6.13645865337458
9.97246458333346,6.12916698632762
9.97279791666679,6.1204430275393
9.97313125000012,6.11406281887321
9.97346458333346,6.11341177717259
9.97379791666679,6.11458365223371
9.97413125000013,6.11523469393433
9.97446458333346,6.10807323522749
9.97479791666679,6.10416698502377
9.97513125000013,6.09726594299718
9.97546458333346,6.09348990113358
9.97579791666679,6.08697948412737
9.97613125000013,6.08502635902551
9.97646458333346,6.08242219222302
9.9767979166668,6.0779951086588
9.97713125000013,6.07343781675445
9.97746458333346,6.07526073351619
9.9777979166668,6.07460969181557
9.97813125000013,6.07200552501308
9.97846458333346,6.06250031618401
9.9787979166668,6.05807323261979
9.97913125000013,6.0613284411229
9.97946458333346,6.06015656606178
9.9797979166668,6.05065135723271
9.98013125000013,6.0398440650024
9.98046458333346,6.04166698176414
9.9807979166668,6.04804719043023
9.98113125000013,6.0484378154506
9.98146458333347,6.03997427334252
9.9817979166668,6.03372427301656
9.98213125000013,6.03268260629557
9.98246458333347,6.03476593973755
9.9827979166668,6.03593781479867
9.98313125000013,6.03033885617333
9.98346458333347,6.03033885617333
9.9837979166668,6.03268260629557
9.98413125000014,6.03476593973755
9.98446458333347,6.03658885649929
9.9847979166668,6.0398440650024
9.98513125000014,6.05013052387221
9.98546458333347,6.0516930239537
9.98579791666681,6.04661489868886
9.98613125000014,6.03750031488016
9.98646458333347,6.03398468969681
9.98679791666681,6.03841177326103
9.98713125000014,6.04179719010426
9.98746458333348,6.04375031520613
9.98779791666681,6.04179719010426
9.98813125000014,6.03580760645855
9.98846458333348,6.0312503145542
9.98879791666681,6.0317711479147
9.98913125000014,6.0441409402265
9.98946458333348,6.04869823213085
9.98979791666681,6.04544302362774
9.99013125000015,6.02565135592886
9.99046458333348,6.02864614775172
9.99079791666681,6.04010448168265
9.99113125000014,6.0565107325383
9.99146458333348,6.0522138573142
9.99179791666681,6.05026073221234
9.99213125000015,6.05924510768091
9.99246458333348,6.06862010816985
9.99279791666681,6.06627635804762
9.99313125000015,6.05416698241606
9.99346458333348,6.05312531569507
9.99379791666681,6.0559898991778
9.99413125000015,6.06380239958526
9.99446458333348,6.05807323261979
9.99479791666682,6.05481802411669
9.99513125000015,6.05390656573582
9.99546458333348,6.06223989950377
9.99579791666682,6.06614614970749
9.99613125000015,6.06614614970749
9.99646458333348,6.06575552468712
9.99679791666682,6.0683596914896
9.99713125000015,6.06862010816985
9.99746458333349,6.06692739974824
9.99779791666682,6.0683596914896
9.99813125000015,6.07942740040016
9.99846458333349,6.08294302558352
9.99879791666682,6.0785159420193
9.99913125000016,6.07252635837358
9.99946458333349,6.0785159420193
9.99979791666682,6.08723990080762
10.0001312500002,6.08541698404588
10.0004645833335,6.08385448396439
10.0007979166668,6.08867219254898
10.0011312500002,6.09674510963669
10.0014645833335,6.09765656801756
10.0017979166668,6.09257844275271
10.0021312500002,6.08710969246749
10.0024645833335,6.08242219222302
10.0027979166668,6.08203156720265
10.0031312500002,6.08528677570575
10.0034645833335,6.08971385926998
10.0037979166668,6.09257844275271
10.0041312500002,6.08971385926998
10.0044645833335,6.08750031748787
10.0047979166668,6.08411490064464
10.0051312500002,6.08776073416812
10.0054645833335,6.09309927611321
10.0057979166668,6.0989586514188
10.0061312500002,6.09804719303793
10.0064645833335,6.09778677635768
10.0067979166668,6.09687531797681
10.0071312500002,6.09713573465706
10.0074645833335,6.09388052615395
10.0077979166668,6.09388052615395
10.0081312500002,6.09427115117433
10.0084645833335,6.09218781773234
10.0087979166668,6.07877635869954
10.0091312500002,6.07200552501308
10.0094645833335,6.07487010849582
10.0097979166668,6.08072948380141
10.0101312500002,6.07981802542054
10.0104645833335,6.07578156687669
10.0107979166668,6.07421906679519
10.0111312500002,6.07447948347544
10.0114645833335,6.06862010816985
10.0117979166668,6.06901073319023
10.0121312500002,6.07135448331246
10.0124645833335,6.0785159420193
10.0127979166668,6.07981802542054
10.0131312500002,6.07734406695818
10.0134645833335,6.0736982334347
10.0137979166668,6.07343781675445
10.0141312500002,6.07617219189706
10.0144645833335,6.0731774000742
10.0147979166668,6.06953156655072
10.0151312500002,6.07109406663221
10.0154645833335,6.07591177521681
10.0157979166668,6.07864615035942
10.0161312500002,6.07565135853656
10.0164645833335,6.07500031683594
10.0167979166668,6.07382844177482
10.0171312500002,6.07473990015569
10.0174645833335,6.07708365027793
10.0177979166668,6.08020865044091
10.0181312500002,6.08567740072613
10.0184645833335,6.08515656736563
10.0187979166668,6.08489615068538
10.0191312500002,6.07916698371992
10.0194645833335,6.08072948380141
10.0197979166668,6.08281281724339
10.0201312500002,6.07968781708041
10.0204645833335,6.07148469165259
10.0207979166668,6.0683596914896
10.0211312500002,6.07812531699892
10.0214645833335,6.08359406728414
10.0217979166668,6.08138052550203
10.0221312500002,6.0785159420193
10.0224645833335,6.08151073384215
10.0227979166669,6.08294302558352
10.0231312500002,6.07513052517607
10.0234645833335,6.06770864978898
10.0237979166669,6.06822948314948
10.0241312500002,6.07135448331246
10.0244645833335,6.07539094185631
10.0247979166669,6.07226594169333
10.0251312500002,6.07070344161184
10.0254645833335,6.07447948347544
10.0257979166669,6.08346385894401
10.0261312500002,6.09114615101134
10.0264645833335,6.09283885943296
10.0267979166669,6.09440135951445
10.0271312500002,6.09166698437184
10.0274645833335,6.08398469230451
10.0277979166669,6.07356802509457
10.0281312500002,6.07669302525756
10.0284645833335,6.08437531732489
10.0287979166669,6.08867219254898
10.0291312500002,6.08515656736563
10.0294645833335,6.08737010914774
10.0297979166669,6.09023469263048
10.0301312500002,6.0946617761947
10.0304645833335,6.09375031781383
10.0307979166669,6.09479198453482
10.0311312500002,6.09583365125582
10.0314645833335,6.09270865109284
10.0317979166669,6.09010448429035
10.0321312500002,6.08776073416812
10.0324645833335,6.09114615101134
10.0327979166669,6.09362010947371
10.0331312500002,6.09166698437184
10.0334645833335,6.09544302623544
10.0337979166669,6.09713573465706
10.0341312500002,6.10364615166327
10.0344645833335,6.10182323490153
10.0347979166669,6.09869823473855
10.0351312500002,6.09648469295644
10.0354645833335,6.10182323490153
10.0357979166669,6.1113284437306
10.0361312500002,6.10833365190774
10.0364645833335,6.10156281822128
10.0367979166669,6.0994794847793
10.0371312500002,6.10351594332315
10.0374645833335,6.09804719303793
10.0377979166669,6.09127635935147
10.0381312500002,6.086588859107
10.0384645833335,6.08502635902551
10.0387979166669,6.08098990048166
10.0391312500002,6.07773469197855
10.0394645833335,6.07682323359768
10.0397979166669,6.0731774000742
10.0401312500002,6.06445344128588
10.0404645833335,6.05494823245681
10.0407979166669,6.05533885747718
10.0411312500002,6.05872427432041
10.0414645833335,6.06705760808836
10.0417979166669,6.06666698306799
10.0421312500002,6.06796906646923
10.0424645833335,6.06731802476861
10.0427979166669,6.06575552468712
10.0431312500002,6.05898469100066
10.0434645833335,6.05455760743644
10.0437979166669,6.05065135723271
10.0441312500002,6.05078156557283
10.0444645833335,6.03776073156041
10.0447979166669,6.02565135592886
10.0451312500002,6.02200552240538
10.0454645833333,6.02252635576588
10.0457979166667,6.02226593908563
10.04613125,6.02161489738501
10.0464645833333,6.03216177293507
10.0467979166667,6.04335969018575
10.04713125,6.04088573172339
10.0474645833333,6.03359406467644
10.0477979166667,6.0274742726906
10.04813125,6.02955760613259
10.0484645833333,6.02578156426898
10.0487979166667,6.02239614742575
10.04913125,6.02630239762948
10.0494645833333,6.02916698111221
10.0497979166667,6.02630239762948
10.05013125,6.01862010556215
10.0504645833333,6.02604198094923
10.0507979166667,6.03372427301656
10.05113125,6.03359406467644
10.0514645833333,6.03138052289432
10.0517979166667,6.03854198160116
10.05213125,6.04570344030799
10.0524645833333,6.04270864848513
10.0527979166667,6.03580760645855
10.05313125,6.03359406467644
10.0534645833333,6.03437531471718
10.0537979166667,6.03919302330178
10.05413125,6.04869823213085
10.0544645833333,6.05963573270128
10.0547979166667,6.06315135788464
10.05513125,6.06497427464638
10.0554645833333,6.06054719108215
10.0557979166667,6.0602867744019
10.05613125,6.05559927415743
10.0564645833333,6.06354198290501
10.0567979166667,6.06627635804762
10.05713125,6.06588573302724
10.0574645833333,6.0570315658988
10.0577979166667,6.05690135755867
10.05813125,6.06093781610252
10.0584645833334,6.06406281626551
10.0587979166667,6.06341177456488
10.05913125,6.065625316347
10.0594645833334,6.06979198323097
10.0597979166667,6.07161489999271
10.06013125,6.06979198323097
10.0604645833334,6.07382844177482
10.0607979166667,6.07395865011495
10.06113125,6.0774742752983
10.0614645833334,6.07356802509457
10.0617979166667,6.07643260857731
10.06213125,6.07760448363842
10.0624645833334,6.08059927546128
10.0627979166667,6.08802115084836
10.06313125,6.0903649009706
10.0634645833334,6.09309927611321
10.0637979166667,6.08515656736563
10.06413125,6.0898440676101
10.0644645833334,6.08489615068538
10.0647979166667,6.08750031748787
10.06513125,6.07526073351619
10.0654645833334,6.07044302493159
10.0657979166667,6.06002635772165
10.06613125,6.06041698274203
10.0664645833334,6.06497427464638
10.0667979166667,6.06966177489085
10.06713125,6.06614614970749
10.0674645833334,6.06171906614327
10.0677979166667,6.06653677472787
10.06813125,6.06263052452414
10.0684645833334,6.05820344095992
10.0687979166667,6.0527346906747
10.06913125,6.06666698306799
10.0694645833334,6.07408885845507
10.0697979166667,6.07864615035942
10.07013125,6.07057323327172
10.0704645833334,6.06848989982973
10.0707979166667,6.06002635772165
10.07113125,6.05794302427967
10.0714645833334,6.05104198225308
10.0717979166667,6.05338573237532
10.07213125,6.05507844079693
10.0724645833334,6.06145864946302
10.0727979166667,6.05572948249756
10.07313125,6.05117219059321
10.0734645833334,6.05468781577656
10.0737979166667,6.06653677472787
10.07413125,6.0699221915711
10.0744645833334,6.06041698274203
10.0747979166667,6.05820344095992
10.07513125,6.05677114921855
10.0754645833334,6.05481802411669
10.0757979166667,6.04700552370923
10.07613125,6.05520864913706
10.0764645833334,6.0694013582106
10.0767979166667,6.07408885845507
10.07713125,6.06875031650998
10.0774645833334,6.06106802444265
10.0777979166667,6.06328156622476
10.07813125,6.06536489966675
10.0784645833334,6.06601594136737
10.0787979166667,6.06237010784389
10.07913125,6.06067739942228
10.0794645833334,6.06601594136737
10.0797979166667,6.0699221915711
10.08013125,6.06666698306799
10.0804645833334,6.06523469132662
10.0807979166667,6.07265656671371
10.08113125,6.08216177554277
10.0814645833334,6.07916698371992
10.0817979166667,6.07096385829209
10.08213125,6.06979198323097
10.0824645833334,6.07447948347544
10.0827979166667,6.07148469165259
10.08313125,6.07070344161184
10.0834645833334,6.07057323327172
10.0837979166667,6.07773469197855
10.08413125,6.07630240023718
10.0844645833334,6.07460969181557
10.0847979166667,6.07356802509457
10.0851312500001,6.07526073351619
10.0854645833334,6.07669302525756
10.0857979166667,6.07487010849582
10.0861312500001,6.0694013582106
10.0864645833334,6.06575552468712
10.0867979166667,6.06380239958526
10.0871312500001,6.06471385796613
10.0874645833334,6.06848989982973
10.0877979166667,6.06653677472787
10.0881312500001,6.06627635804762
10.0884645833334,6.06315135788464
10.0887979166667,6.06718781642849
10.0891312500001,6.0769534419378
10.0894645833334,6.07864615035942
10.0897979166667,6.07447948347544
10.0901312500001,6.06302114954451
10.0904645833334,6.06210969116364
10.0907979166667,6.06744823310874
10.0911312500001,6.07226594169333
10.0914645833334,6.07187531667296
10.0917979166667,6.06901073319023
10.0921312500001,6.06145864946302
10.0924645833334,6.05742219091917
10.0927979166667,6.05742219091917
10.0931312500001,6.05937531602103
10.0934645833334,6.05794302427967
10.0937979166667,6.05559927415743
10.0941312500001,6.05950552436116
10.0944645833334,6.06354198290501
10.0947979166667,6.06276073286426
10.0951312500001,6.064583649626
10.0954645833334,6.07005239991122
10.0957979166667,6.07330760841433
10.0961312500001,6.07213573335321
10.0964645833334,6.07343781675445
10.0967979166667,6.07500031683594
10.0971312500001,6.08112010882178
10.0974645833334,6.08046906712116
10.0977979166667,6.08671906744712
10.0981312500001,6.08802115084836
10.0984645833334,6.09049510931072
10.0987979166667,6.09309927611321
10.0991312500001,6.0951826095552
10.0994645833334,6.10026073482004
10.0997979166667,6.10403677668364
10.1001312500001,6.11653677733557
10.1004645833334,6.12513052778377
10.1007979166667,6.13424511159246
10.1011312500001,6.13450552827271
10.1014645833334,6.14114615361905
10.1017979166667,6.1457034455234
10.1021312500001,6.15924511289632
10.1024645833334,6.17213573856861
10.1027979166667,6.18580761428166
10.1031312500001,6.19179719792737
10.1034645833334,6.19856803161383
10.1037979166667,6.20872428214352
10.1041312500001,6.22018261607445
10.1044645833334,6.22877636652265
10.1047979166667,6.23906282539247
10.1051312500001,6.25234407608514
10.1054645833334,6.26432324337657
10.1057979166667,6.27122428540315
10.1061312500001,6.27760449406924
10.1064645833334,6.2886722029798
10.1067979166667,6.29739616176812
10.1071312500001,6.30078157861135
10.1074645833334,6.30182324533234
10.1077979166667,6.30690137059719
10.1081312500001,6.31458366266452
10.1084645833334,6.31796907950775
10.1087979166667,6.32408887149359
10.1091312500001,6.3311201218603
10.1094645833334,6.33541699708439
10.1097979166667,6.33984408064862
10.1101312500001,6.34114616404986
10.1104645833334,6.35026074785856
10.1107979166667,6.35039095619868
10.1111312500001,6.35742220656539
10.1114645833334,6.36666699871421
10.1117979166668,6.37500033248216
10.1121312500001,6.37526074916241
10.1124645833334,6.36302116519073
10.1127979166668,6.35755241490551
10.1131312500001,6.35091178955918
10.1134645833334,6.34947949781781
10.1137979166668,6.34713574769557
10.1141312500001,6.34010449732887
10.1144645833334,6.3348961637239
10.1147979166668,6.32500032987446
10.1151312500001,6.3134117876034
10.1154645833334,6.29348991156439
10.1157979166668,6.27291699382477
10.1161312500001,6.26276074329508
10.1164645833334,6.25820345139073
10.1167979166668,6.25416699284688
10.1171312500001,6.24804720086104
10.1174645833334,6.23945345041284
10.1177979166668,6.233333658427
10.1181312500001,6.22591178303992
10.1184645833334,6.21770865761209
10.1187979166668,6.20286490683793
10.1191312500001,6.19023469784588
10.1194645833334,6.18515657258104
10.1197979166668,6.18489615590079
10.1201312500001,6.18138053071743
10.1204645833334,6.17721386383346
10.1207979166668,6.17304719694948
10.1211312500001,6.16927115508588
10.1214645833334,6.15559927937284
10.1217979166668,6.14791698730551
10.1221312500001,6.13945344519743
10.1224645833334,6.13828157013632
10.1227979166668,6.12955761134799
10.1231312500001,6.128515944627
10.1234645833334,6.1279951112665
10.1237979166668,6.12981802802824
10.1241312500001,6.12500031944364
10.1244645833334,6.12213573596091
10.1247979166668,6.11927115247818
10.1251312500001,6.11627636065532
10.1254645833334,6.11263052713184
10.1257979166668,6.11484406891395
10.1261312500001,6.11393261053308
10.1264645833334,6.11028677700961
10.1267979166668,6.10612011012563
10.1271312500001,6.10885448526824
10.1274645833334,6.1022138599219
10.1277979166668,6.09531281789532
10.1281312500001,6.08671906744712
10.1284645833334,6.09153677603172
10.1287979166668,6.09270865109284
10.1291312500001,6.08919302590948
10.1294645833334,6.0860680257465
10.1297979166668,6.0812503171619
10.1301312500001,6.07994823376066
10.1304645833334,6.07356802509457
10.1307979166668,6.07044302493159
10.1311312500001,6.06640656638774
10.1314645833334,6.06953156655072
10.1317979166668,6.07356802509457
10.1321312500001,6.07395865011495
10.1324645833334,6.0688805248501
10.1327979166668,6.06002635772165
10.1331312500001,6.06158885780315
10.1334645833334,6.06484406630625
10.1337979166668,6.06783885812911
10.1341312500001,6.06041698274203
10.1344645833334,6.06184927448339
10.1347979166668,6.06197948282352
10.1351312500001,6.06601594136737
10.1354645833334,6.0602867744019
10.1357979166668,6.06002635772165
10.1361312500001,6.07018260825134
10.1364645833334,6.07278677505383
10.1367979166668,6.07200552501308
10.1371312500001,6.064583649626
10.1374645833334,6.0608076077624
10.1377979166668,6.06184927448339
10.1381312500001,6.06015656606178
10.1384645833334,6.06054719108215
10.1387979166668,6.06015656606178
10.1391312500001,6.06640656638774
10.1394645833335,6.07408885845507
10.1397979166668,6.0731774000742
10.1401312500001,6.07161489999271
10.1404645833335,6.0774742752983
10.1407979166668,6.085547192386
10.1411312500001,6.085547192386
10.1414645833335,6.07864615035942
10.1417979166668,6.08203156720265
10.1421312500001,6.09192740105209
10.1424645833335,6.10078156818054
10.1427979166668,6.09791698469781
10.1431312500001,6.09127635935147
10.1434645833335,6.09296906777308
10.1437979166668,6.10000031813979
10.1441312500001,6.10638052680588
10.1444645833335,6.10598990178551
10.1447979166668,6.11601594397507
10.1451312500001,6.12760448624613
10.1454645833335,6.14010448689805
10.1457979166668,6.14414094544191
10.1461312500001,6.15364615427097
10.1464645833335,6.16744823832414
10.1467979166668,6.18072948901681
10.1471312500001,6.18854198942427
10.1474645833335,6.1946617814101
10.1477979166668,6.20299511517806
10.1481312500001,6.22005240773433
10.1484645833335,6.23372428344737
10.1487979166668,6.25117220102402
10.1491312500001,6.26575553511793
10.1494645833335,6.28541699447669
10.1497979166668,6.30612012055644
10.1501312500001,6.32968783011893
10.1504645833335,6.35976595668763
10.1507979166668,6.39140658333781
10.1511312500001,6.42031283484539
10.1514645833335,6.45000033639371
10.1517979166668,6.47395867097657
10.1521312500001,6.50169304742303
10.1524645833335,6.53893263269856
10.1527979166668,6.58033888485807
10.1531312500001,6.62122430365707
10.1534645833335,6.65143263856589
10.1537979166668,6.6837243069167
10.1541312500001,6.72434930903546
10.1544645833335,6.76419306111348
10.1547979166668,6.80820348007546
10.1551312500001,6.84804723215348
10.1554645833335,6.89296910949634
10.1557979166668,6.93619827841758
10.1561312500001,6.98190140580118
10.1564645833335,7.02239619957982
10.1567979166668,7.06927120202454
10.1571312500001,7.1141930793674
10.1574645833335,7.1641930819751
10.1577979166668,7.21653683470504
10.1581312500001,7.27018267083622
10.1584645833335,7.32070350680442
10.1587979166668,7.36406288406579
10.1591312500001,7.40989621978952
10.1594645833335,7.45416705543175
10.1597979166668,7.49778684937337
10.1601312500001,7.52851601764269
10.1604645833335,7.55768268583052
10.1607979166668,7.57734414518927
10.1611312500001,7.59830768794927
10.1614645833335,7.61393268876418
10.1617979166668,7.62252643921238
10.1621312500001,7.6279951894976
10.1624645833335,7.63919310674828
10.1627979166668,7.64739623217611
10.1631312500001,7.6527347741212
10.1634645833335,7.64479206537362
10.1637979166668,7.64218789857114
10.1641312500001,7.63320352310257
10.1644645833335,7.62135456415126
10.1647979166668,7.60585977167648
10.1651312500001,7.58476602057635
10.1654645833335,7.56158893603424
10.1657979166668,7.54062539327424
10.1661312500002,7.52239622565685
10.1664645833335,7.50195351625735
10.1667979166668,7.47434934815101
10.1671312500001,7.44726601340517
10.1674645833335,7.42083372035995
10.1677979166668,7.38958371873014
10.1681312500002,7.34856809159101
10.1684645833335,7.30572954769014
10.1687979166668,7.26250037876889
10.1691312500002,7.22643266855448
10.1694645833335,7.18554724975547
10.1697979166668,7.14687537273858
10.1701312500002,7.10299516211671
10.1704645833335,7.06145870161709
10.1707979166668,7.01575557423348
10.1711312500002,6.97734411389683
10.1714645833335,6.94856807072938
10.1717979166668,6.91028681873286
10.1721312500002,6.86210973288689
10.1724645833335,6.81367223036068
10.1727979166668,6.78763056233584
10.1731312500002,6.75651076904614
10.1734645833335,6.71549514190701
10.1737979166668,6.66471388925856
10.1741312500002,6.62408888713981
10.1744645833335,6.58971388534701
10.1747979166668,6.55507846687397
10.1751312500002,6.5203128400608
10.1754645833335,6.485937838268
10.1757979166668,6.46145867032465
10.1761312500002,6.4348961689393
10.1764645833335,6.40677116747247
10.1767979166668,6.37369824908092
10.1771312500002,6.3472659560357
10.1774645833335,6.32890658007818
10.1777979166668,6.30833366233856
10.1781312500002,6.28515657779644
10.1784645833335,6.2596357431321
10.1787979166668,6.23971386709309
10.1791312500002,6.22369824125781
10.1794645833335,6.20716178206203
10.1797979166668,6.19648469817184
10.1801312500002,6.19036490618601
10.1804645833335,6.1828128224588
10.1807979166668,6.17018261346675
10.1811312500002,6.1500003207475
10.1814645833335,6.13750032009557
10.1817979166668,6.13138052810973
10.1821312500002,6.13763052843569
10.1824645833335,6.1365888617147
10.1827979166668,6.12721386122576
10.1831312500002,6.11770865239669
10.1834645833335,6.11302115215222
10.1837979166668,6.11705761069607
10.1841312500002,6.11809927741706
10.1844645833335,6.12356802770228
10.1847979166668,6.12278677766153
10.1851312500002,6.12135448592017
10.1854645833335,6.11536490227445
10.1857979166668,6.11237011045159
10.1861312500002,6.11328156883246
10.1864645833335,6.11119823539048
10.1867979166668,6.11302115215222
10.1871312500002,6.11041698534973
10.1874645833335,6.11015656866948
10.1877979166668,6.11223990211147
10.1881312500002,6.10872427692812
10.1884645833335,6.10833365190774
10.1887979166668,6.10768261020712
10.1891312500002,6.11093781871023
10.1894645833335,6.11653677733557
10.1897979166668,6.12018261085905
10.1901312500002,6.12760448624613
10.1904645833335,6.13463573661284
10.1907979166668,6.13932323685731
10.1911312500002,6.14388052876166
10.1914645833335,6.14791698730551
10.1917979166668,6.15507844601234
10.1921312500002,6.16093782131793
10.1924645833335,6.17382844699023
10.1927979166669,6.1779951138742
10.1931312500002,6.18776073938352
10.1934645833335,6.18645865598228
10.1937979166669,6.19752636489284
10.1941312500002,6.21067740724539
10.1944645833335,6.22890657486278
10.1947979166669,6.24179720053508
10.1951312500002,6.25273470110551
10.1954645833335,6.26419303503644
10.1957979166669,6.27460970224638
10.1961312500002,6.28398470273532
10.1964645833335,6.30013053691073
10.1967979166669,6.318229496188
10.1971312500002,6.33697949716589
10.1974645833335,6.34960970615794
10.1977979166669,6.36380241523148
10.1981312500002,6.37760449928464
10.1984645833335,6.39960970876564
10.1987979166669,6.42226595994725
10.1991312500002,6.44570346116962
10.1994645833335,6.45937533688266
10.1997979166669,6.47252637923521
10.2001312500002,6.49843783891993
10.2004645833335,6.52187534014229
10.2007979166669,6.54778679982701
10.2011312500002,6.56393263400241
10.2014645833335,6.59596388567297
10.2017979166669,6.6256513872213
10.2021312500002,6.65221388860664
10.2024645833335,6.66445347257832
10.2027979166669,6.68294305687596
10.2031312500002,6.70533889137732
10.2034645833335,6.7352868096059
10.2037979166669,6.75781285244739
10.2041312500002,6.77591181172466
10.2044645833335,6.78867222905683
10.2047979166669,6.80273472979025
10.2051312500002,6.81223993861931
10.2054645833335,6.82630243935273
10.2057979166669,6.84244827352813
10.2061312500002,6.85885452438379
10.2064645833335,6.87226598341658
10.2067979166669,6.88463577572839
10.2071312500002,6.8981774431013
10.2074645833335,6.91041702707298
10.2077979166669,6.91354202723596
10.2081312500002,6.92252640270453
10.2084645833335,6.91822952748044
10.2087979166669,6.91497431897733
10.2091312500002,6.90755244359025
10.2094645833335,6.91627640237857
10.2097979166669,6.92330765274528
10.2101312500002,6.9239586944459
10.2104645833335,6.91237015217485
10.2107979166669,6.90598994350876
10.2111312500002,6.8981774431013
10.2114645833335,6.89427119289758
10.2117979166669,6.87369827515795
10.2121312500002,6.85260452405783
10.2124645833335,6.83072952291695
10.2127979166669,6.82148473076814
10.2131312500002,6.81158889691869
10.2134645833335,6.79114618751919
10.2137979166669,6.76953160305857
10.2141312500002,6.75156285212143
10.2144645833335,6.73255243446329
10.2147979166669,6.71276076676441
10.2151312500002,6.68815139048093
10.2154645833335,6.67252638966602
10.2157979166669,6.65742222221161
10.21613125,6.64101597135596
10.2164645833333,6.62539097054105
10.2167979166667,6.60768263628415
10.21713125,6.59362013555074
10.2174645833333,6.57552117627347
10.2177979166667,6.55156284169061
10.21813125,6.527864923788
10.2184645833333,6.50950554783049
10.2187979166667,6.49257846361434
10.21913125,6.4783857545408
10.2194645833333,6.46406283712713
10.2197979166667,6.4558597116993
10.22013125,6.44713575291098
10.2204645833333,6.43932325250353
10.2207979166667,6.43554721063993
10.22113125,6.43229200213682
10.2214645833333,6.42408887670899
10.2217979166667,6.40664095913235
10.22213125,6.38958366657607
10.2224645833333,6.3720055406593
10.2227979166667,6.36692741539446
10.22313125,6.35885449830676
10.2234645833333,6.35729199822527
10.2237979166667,6.34492220591346
10.22413125,6.34049512234924
10.2244645833333,6.33958366396837
10.2247979166667,6.33893262226775
10.22513125,6.33307324696216
10.2254645833333,6.32487012153433
10.2257979166667,6.32343782979297
10.22613125,6.31497428768489
10.2264645833333,6.31041699578054
10.2267979166667,6.30598991221632
10.22713125,6.30703157893731
10.2274645833334,6.30625032889657
10.2277979166667,6.30221387035272
10.22813125,6.29635449504713
10.2284645833334,6.28671907787793
10.2287979166667,6.28658886953781
10.22913125,6.29557324500638
10.2294645833334,6.3058597038762
10.2297979166667,6.30950553739967
10.23013125,6.30950553739967
10.2304645833334,6.31028678744042
10.2307979166667,6.31210970420216
10.23113125,6.31106803748116
10.2314645833334,6.30872428735893
10.2317979166667,6.30416699545458
10.23213125,6.30390657877433
10.2324645833334,6.30559928719595
10.2327979166667,6.30898470403918
10.23313125,6.30794303731818
10.2334645833334,6.31067741246079
10.2337979166667,6.31119824582129
10.23413125,6.31445345432439
10.2344645833334,6.31145866250154
10.2347979166667,6.31601595440589
10.23513125,6.31966178792936
10.2354645833334,6.31888053788862
10.2357979166667,6.31276074590278
10.23613125,6.30403678711446
10.2364645833334,6.29322949488415
10.2367979166667,6.2843753277557
10.23713125,6.28619824451744
10.2374645833334,6.29049511974154
10.2377979166667,6.29023470306129
10.23813125,6.28320345269458
10.2384645833334,6.27708366070874
10.2387979166667,6.26953157698154
10.23913125,6.26002636815247
10.2394645833334,6.2580732430506
10.2397979166667,6.2505211593234
10.24013125,6.24101595049433
10.2404645833334,6.22825553316216
10.2407979166667,6.23151074166526
10.24113125,6.23528678352886
10.2414645833334,6.23906282539247
10.2417979166667,6.23125032498501
10.24213125,6.22265657453681
10.2424645833334,6.20664094870153
10.2427979166667,6.19153678124712
10.24313125,6.17721386383346
10.2434645833334,6.17838573889458
10.2437979166667,6.1822919890983
10.24413125,6.18867219776439
10.2444645833334,6.17994823897607
10.2447979166667,6.17356803030998
10.24513125,6.17382844699023
10.2454645833334,6.17968782229582
10.2457979166667,6.17682323881309
10.24613125,6.16302115475992
10.2464645833334,6.15195344584936
10.2467979166667,6.14713573726476
10.24713125,6.14309927872091
10.2474645833334,6.14283886204066
10.2477979166667,6.14362011208141
10.24813125,6.15247427920986
10.2484645833334,6.15026073742774
10.2487979166667,6.1451826121629
10.24913125,6.13737011175544
10.2494645833334,6.13919302851719
10.2497979166667,6.13593782001408
10.25013125,6.13437531993259
10.2504645833334,6.13385448657209
10.2507979166667,6.13580761167396
10.25113125,6.1365888617147
10.2514645833334,6.13203156981035
10.2517979166667,6.13203156981035
10.25213125,6.13776073677582
10.2524645833334,6.14244823702029
10.2527979166667,6.14987011240737
10.25313125,6.14960969572712
10.2534645833334,6.14726594560489
10.2537979166667,6.1408857369388
10.2541312500001,6.13255240317085
10.2544645833334,6.12460969442327
10.2547979166667,6.12552115280414
10.2551312500001,6.13020865304861
10.2554645833334,6.13528677831346
10.2557979166667,6.13424511159246
10.2561312500001,6.13059927806899
10.2564645833334,6.13307323653135
10.2567979166667,6.13359406989184
10.2571312500001,6.13554719499371
10.2574645833334,6.14010448689805
10.2577979166667,6.14153677863942
10.2581312500001,6.14869823734625
10.2584645833334,6.1414065702993
10.2587979166667,6.13984407021781
10.2591312500001,6.1365888617147
10.2594645833334,6.1408857369388
10.2597979166667,6.14453157046228
10.2601312500001,6.14153677863942
10.2604645833334,6.14414094544191
10.2607979166667,6.14622427888389
10.2611312500001,6.15638052941358
10.2614645833334,6.15429719597159
10.2617979166667,6.15013052908762
10.2621312500001,6.15104198746849
10.2624645833334,6.15885448787594
10.2627979166667,6.1661461549229
10.2631312500001,6.15924511289632
10.2634645833334,6.15312532091048
10.2637979166667,6.15403677929135
10.2641312500001,6.15442740431172
10.2644645833334,6.1570315711142
10.2647979166667,6.15612011273333
10.2651312500001,6.16289094641979
10.2654645833334,6.16471386318153
10.2657979166667,6.16757844666427
10.2661312500001,6.17135448852787
10.2664645833334,6.17513053039147
10.2667979166667,6.17109407184762
10.2671312500001,6.1623701130593
10.2674645833334,6.16341177978029
10.2677979166667,6.17148469686799
10.2681312500001,6.17500032205135
10.2684645833334,6.17343782196986
10.2687979166667,6.17200553022849
10.2691312500001,6.1785159472347
10.2694645833334,6.19153678124712
10.2697979166667,6.20338574019843
10.2701312500001,6.21080761558551
10.2704645833334,6.20781282376265
10.2707979166667,6.20572949032066
10.2711312500001,6.21393261574849
10.2714645833334,6.22252636619669
10.2717979166667,6.23229199170601
10.2721312500001,6.23880240871222
10.2724645833334,6.25234407608514
10.2727979166667,6.26041699317284
10.2731312500001,6.26458366005682
10.2734645833334,6.26432324337657
10.2737979166667,6.28085970257234
10.2741312500001,6.29843782848911
10.2744645833334,6.32161491303123
10.2747979166667,6.32929720509856
10.2751312500001,6.338151372227
10.2754645833334,6.34973991449806
10.2757979166667,6.36914095717657
10.2761312500001,6.38372429127048
10.2764645833334,6.39492220852117
10.2767979166667,6.40755241751322
10.2771312500001,6.42526075177011
10.2774645833334,6.44309929436713
10.2777979166667,6.45533887833881
10.2781312500001,6.47369825429632
10.2784645833334,6.49700554717856
10.2787979166667,6.51835971495893
10.2791312500001,6.53085971561086
10.2794645833334,6.54049513278005
10.2797979166667,6.56432325902279
10.2801312500001,6.59947951085633
10.2804645833334,6.62955763742502
10.2807979166667,6.65507847208937
10.2811312500001,6.67760451493086
10.2814645833334,6.70976597494155
10.2817979166667,6.73723993470776
10.2821312500001,6.76223993601161
10.2824645833334,6.78737014565559
10.2827979166668,6.82174514744838
10.2831312500001,6.85416702413932
10.2834645833334,6.87747431702155
10.2837979166668,6.89401077621733
10.2841312500001,6.92044306926255
10.2844645833334,6.95768265453808
10.2847979166668,6.99830765665684
10.2851312500001,7.02721390816441
10.2854645833334,7.05963578485535
10.2857979166668,7.09075557814504
10.2861312500001,7.13216183030454
10.2864645833334,7.16054724845162
10.2867979166668,7.19544308360491
10.2871312500001,7.2270837102551
10.2874645833334,7.2604170453269
10.2877979166668,7.29335975537833
10.2881312500001,7.31848996502231
10.2884645833334,7.34348996632616
10.2887979166668,7.36822955094976
10.2891312500001,7.39192746885237
10.2894645833334,7.40794309468765
10.2897979166668,7.40403684448393
10.2901312500001,7.40364621946355
10.2904645833334,7.40937538642902
10.2907979166668,7.42096392870008
10.2911312500001,7.41992226197908
10.2914645833334,7.40963580310927
10.2917979166668,7.39348996893386
10.2921312500001,7.37148475945287
10.2924645833334,7.34348996632616
10.2927979166668,7.31328163141734
10.2931312500001,7.29036496355548
10.2934645833334,7.27161496257759
10.2937979166668,7.24687537795398
10.2941312500001,7.21862016814703
10.2944645833334,7.18424516635423
10.2947979166668,7.15104203962255
10.2951312500001,7.11393266268715
10.2954645833334,7.08294307773758
10.2957979166668,7.05690140971274
10.2961312500001,7.03046911666752
10.2964645833334,6.99934932337783
10.2967979166668,6.96132848806156
10.2971312500001,6.9201826525823
10.2974645833334,6.87799515038205
10.2977979166668,6.83737014826329
10.2981312500001,6.79921910460689
10.2984645833334,6.76562535285484
10.2987979166668,6.73841180976888
10.2991312500001,6.71966180879099
10.2994645833334,6.69479201582726
10.2997979166668,6.66822951444192
10.3001312500001,6.63945347127446
10.3004645833334,6.61250034486875
10.3007979166668,6.59036492704763
10.3011312500001,6.57473992623272
10.3014645833334,6.56315138396167
10.3017979166668,6.54804721650726
10.3021312500001,6.52994825722999
10.3024645833334,6.51848992329906
10.3027979166668,6.50442742256564
10.3031312500001,6.49166700523347
10.3034645833334,6.46614617056912
10.3037979166668,6.44895866967272
10.3041312500001,6.4348961689393
10.3044645833334,6.43945346084365
10.3047979166668,6.44101596092514
10.3051312500001,6.44322950270726
10.3054645833334,6.43242221047694
10.3057979166668,6.43059929371521
10.3061312500001,6.42929721031396
10.3064645833334,6.43372429387819
10.3067979166668,6.43085971039545
10.3071312500001,6.42929721031396
10.3074645833334,6.43567741898005
10.3077979166668,6.43710971072142
10.3081312500001,6.43841179412266
10.3084645833334,6.43476596059918
10.3087979166668,6.43945346084365
10.3091312500001,6.44388054440788
10.3094645833335,6.44127637760539
10.3097979166668,6.43671908570104
10.3101312500001,6.43528679395968
10.3104645833335,6.4397138775239
10.3107979166668,6.45026075307396
10.3111312500001,6.45872429518204
10.3114645833335,6.46132846198452
10.3117979166668,6.45546908667893
10.3121312500001,6.44700554457086
10.3124645833335,6.44101596092514
10.3127979166668,6.43763054408191
10.3131312500001,6.42695346019173
10.3134645833335,6.42539096011024
10.3137979166668,6.41770866804291
10.3141312500001,6.41718783468241
10.3144645833335,6.40716179249284
10.3147979166668,6.40247429224837
10.3151312500001,6.39492220852117
10.3154645833335,6.39791700034402
10.3157979166668,6.39921908374527
10.3161312500001,6.39570345856191
10.3164645833335,6.38268262454949
10.3167979166668,6.37369824908092
10.3171312500001,6.37083366559819
10.3174645833335,6.36289095685061
10.3177979166668,6.35651074818452
10.3181312500001,6.35286491466104
10.3184645833335,6.35494824810303
10.3187979166668,6.34700553935545
10.3191312500001,6.33177116356092
10.3194645833335,6.31992220460961
10.3197979166668,6.3128909542429
10.3201312500001,6.31445345432439
10.3204645833335,6.30885449569905
10.3207979166668,6.30078157861135
10.3211312500001,6.28658886953781
10.3214645833335,6.27421907722601
10.3217979166668,6.26484407673706
10.3221312500001,6.25299511778576
10.3224645833335,6.24296907559619
10.3227979166668,6.23242220004613
10.3231312500001,6.22864615818253
10.3234645833335,6.22161490781582
10.3237979166668,6.21536490748986
10.3241312500001,6.20559928198054
10.3244645833335,6.2080732404429
10.3247979166668,6.20156282343669
10.3251312500001,6.19687532319222
10.3254645833335,6.18593782262178
10.3257979166668,6.18984407282551
10.3261312500001,6.18945344780514
10.3264645833335,6.18372428083967
10.3267979166668,6.17460969703097
10.3271312500001,6.170443030147
10.3274645833335,6.17070344682725
10.3277979166668,6.16757844666427
10.3281312500001,6.15820344617532
10.3284645833335,6.15104198746849
10.3287979166668,6.148437820666
10.3291312500001,6.15039094576787
10.3294645833335,6.14882844568638
10.3297979166668,6.15039094576787
10.3301312500001,6.15494823767222
10.3304645833335,6.15664094609383
10.3307979166668,6.15065136244812
10.3311312500001,6.14557323718327
10.3314645833335,6.14192740365979
10.3317979166668,6.14375032042153
10.3321312500001,6.14453157046228
10.3324645833335,6.14335969540116
10.3327979166668,6.14101594527892
10.3331312500001,6.13333365321159
10.3334645833335,6.13085969474923
10.3337979166668,6.12890656964737
10.3341312500001,6.1328128198511
10.3344645833335,6.13645865337458
10.3347979166668,6.13450552827271
10.3351312500001,6.13059927806899
10.3354645833335,6.12617219450476
10.3357979166668,6.1247399027634
10.3361312500002,6.1231774026819
10.3364645833335,6.12656281952514
10.3367979166668,6.12330761102203
10.3371312500002,6.12083365255967
10.3374645833335,6.11796906907694
10.3377979166668,6.12161490260041
10.3381312500002,6.12526073612389
10.3384645833335,6.12018261085905
10.3387979166668,6.12291698600166
10.3391312500002,6.12161490260041
10.3394645833335,6.12395865272265
10.3397979166668,6.12278677766153
10.3401312500002,6.12460969442327
10.3404645833335,6.12890656964737
10.3407979166668,6.12825552794675
10.3411312500002,6.13216177815048
10.3414645833335,6.12643261118501
10.3417979166668,6.1231774026819
10.3421312500002,6.12187531928066
10.3424645833335,6.12513052778377
10.3427979166668,6.12031281919917
10.3431312500002,6.1070315685065
10.3434645833335,6.10026073482004
10.3437979166668,6.10976594364911
10.3441312500002,6.11731802737631
10.3444645833335,6.12304719434178
10.3447979166668,6.11731802737631
10.3451312500002,6.11862011077756
10.3454645833335,6.10872427692812
10.3457979166668,6.10520865174476
10.3461312500002,6.09882844307867
10.3464645833335,6.10677115182625
10.3467979166668,6.10833365190774
10.3471312500002,6.11015656866948
10.3474645833335,6.10546906842501
10.3477979166668,6.11276073547197
10.3481312500002,6.11588573563495
10.3484645833335,6.11601594397507
10.3487979166668,6.10638052680588
10.3491312500002,6.10039094316016
10.3494645833335,6.10625031846575
10.3497979166668,6.10546906842501
10.3501312500002,6.10507844340464
10.3504645833335,6.0984378180583
10.3507979166668,6.09882844307867
10.3511312500002,6.10117219320091
10.3514645833335,6.10065135984041
10.3517979166668,6.09570344291569
10.3521312500002,6.09700552631693
10.3524645833335,6.10533886008489
10.3527979166668,6.11041698534973
10.3531312500002,6.10481802672439
10.3534645833335,6.09505240121507
10.3537979166668,6.08971385926998
10.3541312500002,6.08632844242675
10.3544645833335,6.08867219254898
10.3547979166668,6.09570344291569
10.3551312500002,6.10468781838426
10.3554645833335,6.10442740170402
10.3557979166668,6.1037763600034
10.3561312500002,6.10039094316016
10.3564645833335,6.10195344324166
10.3567979166668,6.09921906809905
10.3571312500002,6.09674510963669
10.3574645833335,6.09557323457557
10.3577979166668,6.09583365125582
10.3581312500002,6.09778677635768
10.3584645833335,6.09817740137805
10.3587979166668,6.10130240154103
10.3591312500002,6.10625031846575
10.3594645833335,6.10794302688737
10.3597979166668,6.10690136016638
10.3601312500002,6.1037763600034
10.3604645833335,6.10429719336389
10.3607979166668,6.10625031846575
10.3611312500002,6.10807323522749
10.3614645833335,6.10846386024787
10.3617979166668,6.10911490194849
10.3621312500002,6.10572948510526
10.3624645833335,6.10455761004414
10.3627979166668,6.1037763600034
10.3631312500002,6.10846386024787
10.3634645833335,6.10976594364911
10.3637979166669,6.11067740202998
10.3641312500002,6.11171906875097
10.3644645833335,6.1156253189547
10.3647979166669,6.12005240251892
10.3651312500002,6.11875031911768
10.3654645833335,6.11770865239669
10.3657979166669,6.12200552762079
10.3661312500002,6.12565136114426
10.3664645833335,6.12955761134799
10.3667979166669,6.12786490292638
10.3671312500002,6.13268261151097
10.3674645833335,6.13645865337458
10.3677979166669,6.13424511159246
10.3681312500002,6.13268261151097
10.3684645833335,6.12734406956588
10.3687979166669,6.12812531960663
10.3691312500002,6.12265656932141
10.3694645833335,6.11888052745781
10.3697979166669,6.11901073579793
10.3701312500002,6.12356802770228
10.3704645833335,6.13203156981035
10.3707979166669,6.13346386155172
10.3711312500002,6.13489615329308
10.3714645833335,6.13463573661284
10.3717979166669,6.13190136147023
10.3721312500002,6.12487011110352
10.3724645833335,6.11549511061458
10.3727979166669,6.1108076103701
10.3731312500002,6.11341177717259
10.3734645833335,6.11627636065532
10.3737979166669,6.11914094413805
10.3741312500002,6.12187531928066
10.3744645833335,6.12539094446402
10.3747979166669,6.12630240284489
10.3751312500002,6.12070344421954
10.3754645833335,6.11979198583867
10.3757979166669,6.11783886073681
10.3761312500002,6.12070344421954
10.3764645833335,6.12135448592017
10.3767979166669,6.13190136147023
10.3771312500002,6.13789094511594
10.3774645833335,6.14127636195917
10.3777979166669,6.1408857369388
10.3781312500002,6.1414065702993
10.3784645833335,6.13684927839495
10.3787979166669,6.12825552794675
10.3791312500002,6.12682323620538
10.3794645833335,6.13593782001408
10.3797979166669,6.13945344519743
10.3801312500002,6.13619823669433
10.3804645833335,6.13541698665358
10.3807979166669,6.14062532025855
10.3811312500002,6.14622427888389
10.3814645833335,6.14296907038079
10.3817979166669,6.14010448689805
10.3821312500002,6.13450552827271
10.3824645833335,6.13815136179619
10.3827979166669,6.13632844503445
10.3831312500002,6.13776073677582
10.3834645833335,6.1403649035783
10.3837979166669,6.15338573759073
10.3841312500002,6.15950552957656
10.3844645833335,6.15937532123644
10.3847979166669,6.15768261281482
10.3851312500002,6.16549511322228
10.3854645833335,6.17356803030998
10.3857979166669,6.1822919890983
10.3861312500002,6.19283886464837
10.3864645833335,6.19830761493358
10.3867979166667,6.2042971985793
10.38713125,6.20820344878303
10.3874645833333,6.21510449080961
10.3877979166667,6.2161461575306
10.38813125,6.22265657453681
10.3884645833333,6.23098990830477
10.3887979166667,6.24362011729681
10.38913125,6.25299511778576
10.3894645833333,6.26223990993458
10.3897979166667,6.27838574410998
10.39013125,6.29466178662551
10.3904645833333,6.30885449569905
10.3907979166667,6.31953157958924
10.39113125,6.32487012153433
10.3914645833333,6.33737012218626
10.3917979166667,6.34817741441657
10.39213125,6.36562533199322
10.3924645833333,6.3886722081952
10.3927979166667,6.41223991775769
10.39313125,6.43776075242204
10.3934645833333,6.45755242012092
10.3937979166667,6.48242221308465
10.39413125,6.50638054766751
10.3944645833333,6.53489617415471
10.3947979166667,6.56380242566229
10.39513125,6.59153680210875
10.3954645833333,6.61536492835148
10.3957979166667,6.63867222123372
10.39613125,6.66979201452341
10.3964645833334,6.70195347453409
10.3967979166667,6.73723993470776
10.39713125,6.76627639455546
10.3974645833333,6.79882847958652
10.3977979166667,6.82552118931199
10.39813125,6.86601598309062
10.3984645833334,6.90546911014826
10.3987979166667,6.94661494562752
10.39913125,6.96940140514926
10.3994645833334,6.98671911438578
10.3997979166667,7.01523474087299
10.40013125,7.04960974266578
10.4004645833334,7.08541703619994
10.4007979166667,7.10104203701485
10.40113125,7.11809932957112
10.4014645833334,7.13281287200516
10.4017979166667,7.15442745646578
10.40213125,7.17291704076342
10.4024645833334,7.18750037485734
10.4027979166667,7.19140662506106
10.40313125,7.1985680837679
10.4034645833334,7.201823292271
10.4037979166667,7.20104204223026
10.40413125,7.18502641639498
10.4044645833334,7.17539099922578
10.4047979166667,7.17473995752516
10.40513125,7.17252641574305
10.4054645833334,7.16106808181212
10.4057979166667,7.14127641411324
10.40613125,7.12291703815572
10.4064645833334,7.10416703717783
10.4067979166667,7.07864620251348
10.40713125,7.05677120137261
10.4074645833334,7.02487015804218
10.4077979166667,7.00039099009882
10.40813125,6.96458369656466
10.4084645833334,6.94023473696143
10.4087979166667,6.91601598569832
10.40913125,6.9029951516859
10.4094645833334,6.87408890017832
10.4097979166667,6.84401077360963
10.41013125,6.81119827189832
10.4104645833334,6.78945347909758
10.4107979166667,6.76770868629683
10.41113125,6.74127639325161
10.4114645833334,6.71992222547124
10.4117979166667,6.70390659963596
10.41213125,6.69843784935074
10.4124645833334,6.69218784902478
10.4127979166667,6.68515659865807
10.41313125,6.67851597331173
10.4134645833334,6.68020868173335
10.4137979166667,6.69453159914701
10.41413125,6.70664097477857
10.4144645833334,6.72317743397434
10.4147979166667,6.74153680993186
10.41513125,6.77005243641907
10.4154645833334,6.80403681319149
10.4157979166667,6.84218785684789
10.41613125,6.88854202593211
10.4164645833334,6.94609411226702
10.4167979166667,7.01210974071
10.41713125,7.09179724486603
10.4174645833334,7.17473995752516
10.4177979166667,7.26627642063249
10.41813125,7.35807330042007
10.4184645833334,7.4630212225602
10.4187979166667,7.57630247846828
10.41913125,7.70208373502828
10.4194645833334,7.8300785333704
10.4197979166667,7.97395874920767
10.42013125,8.1332035491796
10.4204645833334,8.31171918348992
10.4207979166667,8.51119836056023
10.42113125,8.71862024637812
10.4214645833334,8.94114629965043
10.4217979166667,9.18020881211851
10.42213125,9.44466195091081
10.4224645833334,9.71536509002908
10.4227979166667,9.98216197894362
10.42313125,10.2553390765243
10.4234645833334,10.5376307579136
10.4237979166667,10.8292974397918
10.42413125,11.1226568300917
10.4244645833334,11.4305995544855
10.4247979166667,11.7438808208244
10.4251312500001,12.0638027125096
10.4254645833334,12.3989589799894
10.4257979166667,12.7671881658607
10.4261312500001,13.157422561213
10.4264645833334,13.5585944571358
10.4267979166667,13.958203852977
10.4271312500001,14.3701830411301
10.4274645833334,14.7859382711467
10.4277979166667,15.1923185006744
10.4281312500001,15.5925789382163
10.4284645833334,15.98424562531
10.4287979166667,16.4071623140335
10.4291312500001,16.8591154626047
10.4294645833334,17.3464852796897
10.4297979166667,17.8296884298907
10.4301312500001,18.338412414756
10.4304645833334,18.8858082766383
10.4307979166667,19.4559905980423
10.4311312500001,19.9954437511769
10.4314645833334,20.5010427358793
10.4317979166667,21.0013031786366
10.4321312500001,21.5240896642354
10.4324645833334,22.0343761491822
10.4327979166667,22.5321626334771
10.4331312500001,23.0316418261937
10.4334645833334,23.5325533106516
10.4337979166667,24.0330741700891
10.4341312500001,24.4932304440881
10.4344645833334,24.9360690088506
10.4347979166667,25.3639336144988
10.4351312500001,25.79492322031
10.4354645833334,26.2294284513046
10.4357979166667,26.6412774311175
10.4361312500001,27.0032566166628
10.4364645833334,27.294793090201
10.4367979166667,27.530600394166
10.4371312500001,27.7463556137518
10.4374645833334,28.002345210436
10.4377979166667,28.2861993919069
10.4381312500001,28.5886733660154
10.4384645833334,28.8625015052967
10.4387979166667,29.103907767887
10.4391312500001,29.2649754846207
10.4394645833334,29.309376528603
10.4397979166667,29.2513036089076
10.4401312500001,29.1490900619101
10.4404645833334,29.0350275559613
10.4407979166667,28.9223973417538
10.4411312500001,28.774741084053
10.4414645833334,28.6200535759854
10.4417979166667,28.4515639838646
10.4421312500001,28.2613295989431
10.4424645833334,27.9835952094581
10.4427979166667,27.5533868536877
10.4431312500001,26.9904961993307
10.4434645833334,26.3118503306032
10.4437979166667,25.5743502921396
10.4441312500001,24.8001315017609
10.4444645833334,24.0213554194779
10.4447979166667,23.2444022539567
10.4451312500001,22.4614595047897
10.4454645833334,21.6553396710806
10.4457979166667,20.8252615027886
10.4461312500001,19.9489593737526
10.4464645833334,19.0507822435757
10.4467979166667,18.1402353210869
10.4471312500001,17.246224857794
10.4474645833334,16.3625008533709
10.4477979166667,15.5002612250682
10.4481312500001,14.6634122230898
10.4484645833334,13.870183015053
10.4487979166667,13.1388027685753
10.4491312500001,12.4563808579842
10.4494645833334,11.839844367496
10.4497979166667,11.2708339211531
10.4501312500001,10.7593755611451
10.4504645833334,10.2872401198547
10.4507979166667,9.86106822262809
10.4511312500001,9.47747445262212
10.4514645833334,9.13372443469416
10.4517979166667,8.82591191864049
10.4521312500001,8.55612023790309
10.4524645833334,8.32513064252271
10.4527979166668,8.11536500658258
10.4531312500001,7.92812541348394
10.4534645833334,7.7585941546422
10.4537979166668,7.61575560552592
10.4541312500001,7.48789101552393
10.4544645833334,7.3791670515202
10.4547979166668,7.28385454654926
10.4551312500001,7.20468787575374
10.4554645833334,7.1313805802638
10.4557979166668,7.06223995165783
10.4561312500001,7.0045576569828
10.4564645833334,6.94856807072938
10.4567979166668,6.89830765144143
10.4571312500001,6.85286494073807
10.4574645833334,6.81523473044217
10.4577979166668,6.78333368711174
10.4581312500001,6.7509118104208
10.4584645833334,6.72213576725335
10.4587979166668,6.70052118279273
10.4591312500001,6.68125034845434
10.4594645833334,6.66367222253757
10.4597979166668,6.64101597135596
10.4601312500001,6.62734409564291
10.4604645833334,6.61406284495024
10.4607979166668,6.60403680276068
10.4611312500001,6.58958367700689
10.4614645833334,6.57760450971546
10.4617979166668,6.57487013457285
10.4621312500001,6.569792009308
10.4624645833334,6.56184930056043
10.4627979166668,6.55104200833012
10.4631312500001,6.54257846622204
10.4634645833334,6.53606804921583
10.4637979166668,6.52565138200589
10.4641312500001,6.5192711733398
10.4644645833334,6.51419304807496
10.4647979166668,6.50924513115024
10.4651312500001,6.5036461725249
10.4654645833334,6.4902347134921
10.4657979166668,6.47968783794204
10.4661312500001,6.46796908733086
10.4664645833334,6.46744825397036
10.4667979166668,6.46237012870552
10.4671312500001,6.45846387850179
10.4674645833334,6.44921908635297
10.4677979166668,6.44960971137334
10.4681312500001,6.44622429453011
10.4684645833334,6.44544304448937
10.4687979166668,6.43632846068067
10.4691312500001,6.43385450221831
10.4694645833334,6.43242221047694
10.4697979166668,6.43346387719794
10.4701312500001,6.43098991873558
10.4704645833334,6.43385450221831
10.4707979166668,6.44375033606775
10.4711312500001,6.44661491955048
10.4714645833334,6.44153679428564
10.4717979166668,6.43333366885781
10.4721312500001,6.43020866869483
10.4724645833334,6.43828158578253
10.4727979166668,6.43255241881707
10.4731312500001,6.42447950172937
10.4734645833334,6.41992220982502
10.4737979166668,6.42421908504912
10.4741312500001,6.43385450221831
10.4744645833334,6.42460971006949
10.4747979166668,6.41953158480465
10.4751312500001,6.41367220949906
10.4754645833334,6.41966179314477
10.4757979166668,6.42591179347073
10.4761312500001,6.42890658529359
10.4764645833334,6.42981804367446
10.4767979166668,6.43059929371521
10.4771312500001,6.423047209988
10.4774645833334,6.41328158447868
10.4777979166668,6.40716179249284
10.4781312500001,6.41093783435645
10.4784645833334,6.41210970941756
10.4787979166668,6.40716179249284
10.4791312500001,6.40325554228912
10.4794645833334,6.40481804237061
10.4797979166668,6.40299512560887
10.4801312500001,6.40507845905086
10.4804645833335,6.39817741702427
10.4807979166668,6.39322950009955
10.4811312500001,6.38528679135197
10.4814645833335,6.38684929143346
10.4817979166668,6.39049512495694
10.4821312500001,6.39088574997732
10.4824645833335,6.3816409578285
10.4827979166668,6.37526074916241
10.4831312500001,6.37174512397905
10.4834645833335,6.37539095750253
10.4837979166668,6.37500033248216
10.4841312500001,6.37643262422353
10.4844645833335,6.37460970746179
10.4847979166668,6.3720055406593
10.4851312500001,6.36588574867346
10.4854645833335,6.36119824842899
10.4857979166668,6.35520866478328
10.4861312500001,6.34934928947769
10.4864645833335,6.34023470566899
10.4867979166668,6.33880241392763
10.4871312500001,6.33932324728812
10.4874645833335,6.33776074720663
10.4877979166668,6.33723991384613
10.4881312500001,6.3348961637239
10.4884645833335,6.34075553902949
10.4887979166668,6.3343753303634
10.4891312500001,6.3305992884998
10.4894645833335,6.32812533003744
10.4897979166668,6.3311201218603
10.4901312500001,6.3300784551393
10.4904645833335,6.32903678841831
10.4907979166668,6.32708366331644
10.4911312500001,6.32864616339794
10.4914645833335,6.32786491335719
10.4917979166668,6.33072949683992
10.4921312500001,6.33177116356092
10.4924645833335,6.32734407999669
10.4927979166668,6.32356803813309
10.4931312500001,6.31927116290899
10.4934645833335,6.31927116290899
10.4937979166668,6.32005241294974
10.4941312500001,6.32317741311272
10.4944645833335,6.32669303829607
10.4947979166668,6.32669303829607
10.4951312500001,6.32565137157508
10.4954645833335,6.33046908015967
10.4957979166668,6.32864616339794
10.4961312500001,6.32812533003744
10.4964645833335,6.31888053788862
10.4967979166668,6.31315137092315
10.4971312500001,6.30716178727744
10.4974645833335,6.31080762080092
10.4977979166668,6.31666699610651
10.4981312500001,6.31848991286824
10.4984645833335,6.31184928752191
10.4987979166668,6.31328157926328
10.4991312500001,6.31041699578054
10.4994645833335,6.31041699578054
10.4997979166668,6.30468782881508
10.5001312500001,6.30664095391694
10.5004645833335,6.30833366233856
10.5007979166668,6.30638053723669
10.5011312500001,6.30507845383545
10.5014645833335,6.30429720379471
10.5017979166668,6.29817741180887
10.5021312500001,6.2876305362588
10.5024645833335,6.28359407771495
10.5027979166668,6.29335970322427
10.5031312500001,6.30195345367247
10.5034645833335,6.29921907852986
10.5037979166668,6.29466178662551
10.5041312500001,6.29401074492489
10.5044645833335,6.29882845350949
10.5047979166668,6.2919274114829
10.5051312500001,6.28710970289831
10.5054645833335,6.28177116095321
10.5057979166668,6.28606803617731
10.5061312500001,6.28346386937483
10.5064645833335,6.28112011925259
10.5067979166668,6.27721386904887
10.5071312500002,6.27968782751123
10.5074645833335,6.27304720216489
10.5077979166668,6.26992220200191
10.5081312500002,6.26471386839694
10.5084645833335,6.26692741017905
10.5087979166668,6.26575553511793
10.5091312500002,6.26223990993458
10.5094645833335,6.26250032661483
10.5097979166668,6.25677115964936
10.5101312500002,6.2548180345475
10.5104645833335,6.25442740952713
10.5107979166668,6.25924511811172
10.5111312500002,6.26054720151296
10.5114645833335,6.25416699284688
10.5117979166668,6.24609407575917
10.5121312500002,6.23750032531098
10.5124645833335,6.2381513670116
10.5127979166668,6.23554720020911
10.5131312500002,6.23593782522949
10.5134645833335,6.2257815746998
10.5137979166668,6.21901074101334
10.5141312500002,6.21432324076886
10.5144645833335,6.21679719923122
10.5147979166668,6.22161490781582
10.5151312500002,6.22500032465905
10.5154645833335,6.22278678287694
10.5157979166668,6.21875032433309
10.5161312500002,6.21692740757135
10.5164645833335,6.21523469914973
10.5167979166668,6.2166669908911
10.5171312500002,6.21393261574849
10.5174645833335,6.2161461575306
10.5177979166668,6.212370115667
10.5181312500002,6.21223990732688
10.5184645833335,6.20612011534104
10.5187979166668,6.20546907364042
10.5191312500002,6.20169303177681
10.5194645833335,6.20546907364042
10.5197979166668,6.20286490683793
10.5201312500002,6.20533886530029
10.5204645833335,6.20143261509657
10.5207979166668,6.20208365679719
10.5211312500002,6.20338574019843
10.5214645833335,6.20651074036141
10.5217979166668,6.20833365712315
10.5221312500002,6.1994794899947
10.5224645833335,6.19700553153234
10.5227979166668,6.1951826147706
10.5231312500002,6.19583365647122
10.5234645833335,6.18750032270327
10.5237979166668,6.18645865598228
10.5241312500002,6.18997428116563
10.5244645833335,6.19856803161383
10.5247979166668,6.19401073970948
10.5251312500002,6.18567740594153
10.5254645833335,6.18164094739768
10.5257979166668,6.18255240577855
10.5261312500002,6.18776073938352
10.5264645833335,6.18528678092116
10.5267979166668,6.18737011436315
10.5271312500002,6.1908857395465
10.5274645833335,6.19218782294774
10.5277979166668,6.19179719792737
10.5281312500002,6.18919303112489
10.5284645833335,6.1946617814101
10.5287979166668,6.19401073970948
10.5291312500002,6.19648469817184
10.5294645833335,6.19375032302924
10.5297979166668,6.19765657323296
10.5301312500002,6.19921907331445
10.5304645833335,6.20533886530029
10.5307979166668,6.19921907331445
10.5311312500002,6.19921907331445
10.5314645833335,6.20078157339594
10.5317979166668,6.2080732404429
10.5321312500002,6.20651074036141
10.5324645833335,6.20104199007619
10.5327979166668,6.20455761525955
10.5331312500002,6.20911490716389
10.5334645833335,6.20820344878303
10.5337979166669,6.20638053202129
10.5341312500002,6.20794303210278
10.5344645833335,6.21510449080961
10.5347979166669,6.22278678287694
10.5351312500002,6.22565136635967
10.5354645833335,6.22929719988315
10.5357979166669,6.22265657453681
10.5361312500002,6.22304719955719
10.5364645833335,6.21979199105408
10.5367979166669,6.22278678287694
10.5371312500002,6.22239615785657
10.5374645833335,6.22500032465905
10.5377979166669,6.23554720020911
10.5381312500002,6.24153678385483
10.5384645833335,6.24283886725607
10.5387979166669,6.23945345041284
10.5391312500002,6.2338544917875
10.5394645833335,6.23684928361036
10.5397979166669,6.2376305336511
10.5401312500002,6.24401074231719
10.5404645833335,6.24270865891595
10.5407979166669,6.24335970061657
10.5411312500002,6.24205761721532
10.5414645833335,6.24427115899744
10.5417979166669,6.24075553381408
10.5421312500002,6.23750032531098
10.5424645833335,6.23893261705234
10.5427979166669,6.25078157600365
10.5431312500002,6.25364615948638
10.5434645833335,6.25117220102402
10.5437979166669,6.2419274088752
10.5441312500002,6.2457034507388
10.5444645833335,6.24778678418079
10.5447979166669,6.24557324239868
10.5451312500002,6.24101595049433
10.5454645833335,6.23424511680787
10.5457979166669,6.23125032498501
10.5461312500002,6.2214846994757
10.5464645833335,6.21731803259172
10.5467979166669,6.21328157404787
10.5471312500002,6.21731803259172
10.5474645833335,6.2204430327547
10.5477979166669,6.22812532482203
10.5481312500002,6.22447949129855
10.5484645833335,6.21875032433309
10.5487979166669,6.20911490716389
10.5491312500002,6.21445344910899
10.5494645833335,6.21979199105408
10.5497979166669,6.22617219972017
10.5501312500002,6.22018261607445
10.5504645833335,6.21979199105408
10.5507979166669,6.21510449080961
10.5511312500002,6.21835969931272
10.5514645833335,6.21328157404787
10.5517979166669,6.20390657355893
10.5521312500002,6.19557323979098
10.5524645833335,6.1908857395465
10.5527979166669,6.1946617814101
10.5531312500002,6.19388053136936
10.5534645833335,6.19362011468911
10.5537979166669,6.19257844796812
10.5541312500002,6.18815136440389
10.5544645833335,6.18580761428166
10.5547979166669,6.18385448917979
10.5551312500002,6.18919303112489
10.5554645833335,6.18802115606377
10.5557979166669,6.18476594756066
10.5561312500002,6.18671907266253
10.5564645833335,6.19062532286625
10.5567979166669,6.19153678124712
10.5571312500002,6.18346386415942
10.5574645833333,6.18294303079892
10.5577979166667,6.1865888643224
10.55813125,6.18919303112489
10.5584645833333,6.18580761428166
10.5587979166667,6.18164094739768
10.55913125,6.18125032237731
10.5594645833333,6.18854198942427
10.5597979166667,6.18854198942427
10.56013125,6.1833336558193
10.5604645833333,6.17825553055445
10.5607979166667,6.18437532254029
10.56113125,6.19414094804961
10.5614645833333,6.19401073970948
10.5617979166667,6.19062532286625
10.56213125,6.18098990569706
10.5624645833333,6.18020865565632
10.5627979166667,6.17864615557483
10.56313125,6.18072948901681
10.5634645833333,6.17630240545259
10.5637979166667,6.17369823865011
10.56413125,6.17825553055445
10.5644645833333,6.18502636424091
10.5647979166667,6.18932323946501
10.56513125,6.19023469784588
10.5654645833333,6.18776073938352
10.5657979166667,6.18502636424091
10.56613125,6.18320344747917
10.5664645833333,6.18372428083967
10.5667979166667,6.18125032237731
10.56713125,6.17747428051371
10.5674645833333,6.17916698893532
10.5677979166667,6.18007844731619
10.56813125,6.18177115573781
10.5684645833333,6.18502636424091
10.5687979166667,6.18984407282551
10.56913125,6.19427115638973
10.5694645833334,6.18750032270327
10.5697979166667,6.18632844764215
10.57013125,6.18489615590079
10.5704645833334,6.18645865598228
10.5707979166667,6.18411490586004
10.57113125,6.1822919890983
10.5714645833334,6.19036490618601
10.5717979166667,6.191406572907
10.57213125,6.19583365647122
10.5724645833334,6.1876305310434
10.5727979166667,6.19257844796812
10.57313125,6.18945344780514
10.5734645833334,6.19401073970948
10.5737979166667,6.1919274062675
10.57413125,6.20065136505582
10.5744645833334,6.20091178173607
10.5747979166667,6.19804719825333
10.57513125,6.18789094772365
10.5754645833334,6.18632844764215
10.5757979166667,6.18828157274402
10.57613125,6.19583365647122
10.5764645833334,6.19817740659346
10.5767979166667,6.19765657323296
10.57713125,6.19010448950576
10.5774645833334,6.18776073938352
10.5777979166667,6.1865888643224
10.57813125,6.18867219776439
10.5784645833334,6.18828157274402
10.5787979166667,6.19036490618601
10.57913125,6.19257844796812
10.5794645833334,6.1946617814101
10.5797979166667,6.19778678157309
10.58013125,6.20182324011694
10.5804645833334,6.2005211567157
10.5807979166667,6.19609407315147
10.58113125,6.18971386448539
10.5814645833334,6.18802115606377
10.5817979166667,6.1876305310434
10.58213125,6.18463573922054
10.5824645833334,6.18307323913905
10.5827979166667,6.18489615590079
10.58313125,6.19062532286625
10.5834645833334,6.18932323946501
10.5837979166667,6.18632844764215
10.58413125,6.18463573922054
10.5844645833334,6.18997428116563
10.5847979166667,6.19309928132862
10.58513125,6.19375032302924
10.5854645833334,6.19205761460762
10.5857979166667,6.19596386481135
10.58613125,6.19166698958725
10.5864645833334,6.18880240610451
10.5867979166667,6.18424511420017
10.58713125,6.19075553120638
10.5874645833334,6.1994794899947
10.5877979166667,6.20651074036141
10.58813125,6.20546907364042
10.5884645833334,6.19843782327371
10.5887979166667,6.19322948966874
10.58913125,6.19075553120638
10.5894645833334,6.19283886464837
10.5897979166667,6.18854198942427
10.59013125,6.19023469784588
10.5904645833334,6.19401073970948
10.5907979166667,6.19921907331445
10.59113125,6.20234407347744
10.5914645833334,6.20716178206203
10.5917979166667,6.21171907396638
10.59213125,6.2128909490275
10.5924645833334,6.20625032368116
10.5927979166667,6.20494824027992
10.59313125,6.20963574052439
10.5934645833334,6.21250032400712
10.5937979166667,6.20794303210278
10.59413125,6.20794303210278
10.5944645833334,6.21862011599296
10.5947979166667,6.23190136668563
10.59513125,6.24166699219495
10.5954645833334,6.25091178434377
10.5957979166667,6.25494824288762
10.5961312500001,6.25742220134998
10.5964645833334,6.25117220102402
10.5967979166667,6.25520865956787
10.5971312500001,6.25598990960862
10.5974645833334,6.2596357431321
10.5977979166667,6.25976595147222
10.5981312500001,6.2591149097716
10.5984645833334,6.25885449309135
10.5987979166667,6.26445345171669
10.5991312500001,6.26940136864141
10.5994645833334,6.27135449374328
10.5997979166667,6.27174511876365
10.6001312500001,6.27552116062725
10.6004645833334,6.28281282767421
10.6007979166667,6.29231803650328
10.6011312500001,6.2929690782039
10.6014645833334,6.2929690782039
10.6017979166667,6.2881513696193
10.6021312500001,6.29101595310203
10.6024645833334,6.29492220330576
10.6027979166667,6.29869824516936
10.6031312500001,6.29934928686998
10.6034645833334,6.29934928686998
10.6037979166667,6.29934928686998
10.6041312500001,6.30234407869284
10.6044645833334,6.30716178727744
10.6047979166667,6.31354199594353
10.6051312500001,6.32135449635098
10.6054645833334,6.33229199692141
10.6057979166667,6.34036491400912
10.6061312500001,6.35000033117831
10.6064645833334,6.36354199855123
10.6067979166667,6.37500033248216
10.6071312500001,6.38203158284887
10.6074645833334,6.38359408293036
10.6077979166667,6.39843783370452
10.6081312500001,6.41523470958055
10.6084645833334,6.42500033508986
10.6087979166667,6.43398471055844
10.6091312500001,6.44752637793135
10.6094645833334,6.47278679591545
10.6097979166667,6.49388054701558
10.6101312500001,6.51484408977558
10.6104645833334,6.54192742452142
10.6107979166667,6.56679721748515
10.6111312500001,6.59427117725136
10.6114645833334,6.61848992851446
10.6117979166667,6.64895868010353
10.6121312500001,6.67057326456415
10.6124645833334,6.69765659931
10.6127979166667,6.73125035106204
10.6131312500001,6.77447951998329
10.6134645833334,6.80039097966801
10.6137979166667,6.81848993894528
10.6141312500001,6.83789098162379
10.6144645833334,6.86796910819248
10.6147979166667,6.8954430679587
10.6151312500001,6.91953161088168
10.6154645833334,6.94127640368242
10.6157979166667,6.96054723802081
10.6161312500001,6.98541703098454
10.6164645833334,7.0050784903433
10.6167979166667,7.02968786662677
10.6171312500001,7.04856807594479
10.6174645833334,7.06627641020168
10.6177979166667,7.08098995263572
10.6181312500001,7.09973995361361
10.6184645833334,7.12083370471373
10.6187979166667,7.13658891386876
10.6191312500001,7.14609412269783
10.6194645833334,7.15013058124168
10.6197979166667,7.15546912318678
10.6201312500001,7.1555993315269
10.6204645833334,7.14726599775895
10.6207979166667,7.13307328868541
10.6211312500001,7.12161495475448
10.6214645833334,7.12096391305386
10.6217979166667,7.11692745451001
10.6221312500001,7.09830766187224
10.6224645833334,7.06992224372516
10.6227979166667,7.04544307578181
10.6231312500001,7.02682328314404
10.6234645833334,7.00677119876491
10.6237979166668,6.97851598895795
10.6241312500001,6.94947952911025
10.6244645833334,6.9196618192218
10.6247979166667,6.89557327629882
10.6251312500001,6.86080764948565
10.6254645833334,6.82526077263174
10.6257979166668,6.78385452047223
10.6261312500001,6.74882847697882
10.6264645833334,6.71992222547124
10.6267979166668,6.69010451558279
10.6271312500001,6.66575555597956
10.6274645833334,6.63007847078552
10.6277979166668,6.59362013555074
10.6281312500001,6.55234409173136
10.6284645833334,6.52278679852316
10.6287979166668,6.50117221406254
10.6291312500001,6.48463575486676
10.6294645833334,6.46028679526353
10.6297979166668,6.43229200213682
10.6301312500001,6.40625033411197
10.6304645833334,6.38385449961061
10.6307979166668,6.36145866510924
10.6311312500001,6.33671908048564
10.6314645833334,6.32005241294974
10.6317979166668,6.30950553739967
10.6321312500001,6.29804720346874
10.6324645833334,6.28476595277607
10.6327979166668,6.27291699382477
10.6331312500001,6.25651074296911
10.6334645833334,6.24296907559619
10.6337979166668,6.23242220004613
10.6341312500001,6.23294303340663
10.6344645833334,6.23059928328439
10.6347979166668,6.22487011631893
10.6351312500001,6.21679719923122
10.6354645833334,6.212370115667
10.6357979166668,6.20520865696017
10.6361312500001,6.20625032368116
10.6364645833334,6.20625032368116
10.6367979166668,6.20559928198054
10.6371312500001,6.19791698991321
10.6374645833334,6.19414094804961
10.6377979166668,6.19817740659346
10.6381312500001,6.20078157339594
10.6384645833334,6.19973990667495
10.6387979166668,6.19635448983172
10.6391312500001,6.19596386481135
10.6394645833334,6.19544303145085
10.6397979166668,6.19309928132862
10.6401312500001,6.18958365614526
10.6404645833334,6.18645865598228
10.6407979166668,6.18593782262178
10.6411312500001,6.18606803096191
10.6414645833334,6.18606803096191
10.6417979166668,6.18723990602302
10.6421312500001,6.18789094772365
10.6424645833334,6.18971386448539
10.6427979166668,6.18359407249955
10.6431312500001,6.18307323913905
10.6434645833334,6.18398469751992
10.6437979166668,6.19023469784588
10.6441312500001,6.19244823962799
10.6444645833334,6.19049511452613
10.6447979166668,6.18515657258104
10.6451312500001,6.18255240577855
10.6454645833334,6.17825553055445
10.6457979166668,6.17786490553408
10.6461312500001,6.17434928035073
10.6464645833334,6.17122428018774
10.6467979166668,6.17122428018774
10.6471312500001,6.17382844699023
10.6474645833334,6.17929719727545
10.6477979166668,6.18072948901681
10.6481312500001,6.1779951138742
10.6484645833334,6.1779951138742
10.6487979166668,6.17929719727545
10.6491312500001,6.18580761428166
10.6494645833334,6.18737011436315
10.6497979166668,6.18684928100265
10.6501312500001,6.1833336558193
10.6504645833335,6.18385448917979
10.6507979166668,6.18645865598228
10.6511312500001,6.1946617814101
10.6514645833335,6.19440136472986
10.6517979166668,6.19205761460762
10.6521312500001,6.1876305310434
10.6524645833335,6.18776073938352
10.6527979166668,6.18945344780514
10.6531312500001,6.18815136440389
10.6534645833335,6.18684928100265
10.6537979166668,6.18606803096191
10.6541312500001,6.17981803063594
10.6544645833335,6.18112011403719
10.6547979166668,6.18190136407793
10.6551312500001,6.19075553120638
10.6554645833335,6.18841178108414
10.6557979166668,6.19062532286625
10.6561312500001,6.19023469784588
10.6564645833335,6.19765657323296
10.6567979166668,6.19700553153234
10.6571312500001,6.19427115638973
10.6574645833335,6.18945344780514
10.6577979166668,6.19010448950576
10.6581312500001,6.19010448950576
10.6584645833335,6.19348990634899
10.6587979166668,6.18958365614526
10.6591312500001,6.19231803128787
10.6594645833335,6.18802115606377
10.6597979166668,6.18906282278476
10.6601312500001,6.1865888643224
10.6604645833335,6.19049511452613
10.6607979166668,6.19218782294774
10.6611312500001,6.19322948966874
10.6614645833335,6.1908857395465
10.6617979166668,6.1876305310434
10.6621312500001,6.18541698926129
10.6624645833335,6.18307323913905
10.6627979166668,6.18098990569706
10.6631312500001,6.18554719760141
10.6634645833335,6.19101594788663
10.6637979166668,6.2000003233552
10.6641312500001,6.19309928132862
10.6644645833335,6.18697948934278
10.6647979166668,6.18072948901681
10.6651312500001,6.17942740561557
10.6654645833335,6.17539094707172
10.6657979166668,6.17500032205135
10.6661312500001,6.17994823897607
10.6664645833335,6.19023469784588
10.6667979166668,6.19244823962799
10.6671312500001,6.18606803096191
10.6674645833335,6.18033886399644
10.6677979166668,6.17968782229582
10.6681312500001,6.18632844764215
10.6684645833335,6.18437532254029
10.6687979166668,6.18085969735694
10.6691312500001,6.17578157209209
10.6694645833335,6.1828128224588
10.6697979166668,6.18997428116563
10.6701312500001,6.19440136472986
10.6704645833335,6.19648469817184
10.6707979166668,6.19505240643048
10.6711312500001,6.19544303145085
10.6714645833335,6.1833336558193
10.6717979166668,6.1747399053711
10.6721312500001,6.17356803030998
10.6724645833335,6.1833336558193
10.6727979166668,6.19049511452613
10.6731312500001,6.19101594788663
10.6734645833335,6.18437532254029
10.6737979166668,6.18580761428166
10.6741312500001,6.18567740594153
10.6744645833335,6.18684928100265
10.6747979166668,6.17682323881309
10.6751312500001,6.17395865533035
10.6754645833335,6.17395865533035
10.6757979166668,6.18255240577855
10.6761312500001,6.18098990569706
10.6764645833335,6.17617219711247
10.6767979166668,6.17591178043222
10.6771312500002,6.17591178043222
10.6774645833335,6.1747399053711
10.6777979166668,6.16471386318153
10.6781312500002,6.1666669882834
10.6784645833335,6.1742190720106
10.6787979166668,6.18242219743843
10.6791312500002,6.17148469686799
10.6794645833335,6.16119823799818
10.6797979166668,6.15820344617532
10.6801312500002,6.16757844666427
10.6804645833335,6.16901073840563
10.6807979166668,6.16510448820191
10.6811312500002,6.16315136310004
10.6814645833335,6.16471386318153
10.6817979166668,6.15989615459694
10.6821312500002,6.15898469621607
10.6824645833335,6.16119823799818
10.6827979166668,6.16809928002476
10.6831312500002,6.16210969637905
10.6834645833335,6.15091177912837
10.6837979166668,6.14023469523818
10.6841312500002,6.14362011208141
10.6844645833335,6.15429719597159
10.6847979166668,6.16145865467843
10.6851312500002,6.1570315711142
10.6854645833335,6.15286490423023
10.6857979166668,6.1527346958901
10.6861312500002,6.15572948771296
10.6864645833335,6.15299511257035
10.6867979166668,6.15169302916911
10.6871312500002,6.15429719597159
10.6874645833335,6.15247427920986
10.6877979166668,6.14505240382278
10.6881312500002,6.1371096950752
10.6884645833335,6.14205761199992
10.6887979166668,6.15195344584936
10.6891312500002,6.16171907135868
10.6894645833335,6.15820344617532
10.6897979166668,6.15572948771296
10.6901312500002,6.15247427920986
10.6904645833335,6.15598990439321
10.6907979166668,6.15546907103271
10.6911312500002,6.14882844568638
10.6914645833335,6.14648469556414
10.6917979166668,6.15208365418948
10.6921312500002,6.16158886301855
10.6924645833335,6.1623701130593
10.6927979166668,6.1570315711142
10.6931312500002,6.16263052973955
10.6934645833335,6.17395865533035
10.6937979166668,6.18125032237731
10.6941312500002,6.17408886367048
10.6944645833335,6.16692740496365
10.6947979166668,6.15976594625681
10.6951312500002,6.16601594658277
10.6954645833335,6.16966178010625
10.6957979166668,6.17278678026924
10.6961312500002,6.17252636358899
10.6964645833335,6.17005240512663
10.6967979166668,6.16914094674576
10.6971312500002,6.16536490488215
10.6974645833335,6.16510448820191
10.6977979166668,6.16731802998402
10.6981312500002,6.1666669882834
10.6984645833335,6.16536490488215
10.6987979166668,6.16523469654203
10.6991312500002,6.16653677994327
10.6994645833335,6.17278678026924
10.6997979166668,6.17395865533035
10.7001312500002,6.17434928035073
10.7004645833335,6.17408886367048
10.7007979166668,6.17812532221433
10.7011312500002,6.18020865565632
10.7014645833335,6.17890657225507
10.7017979166668,6.18033886399644
10.7021312500002,6.18320344747917
10.7024645833335,6.18567740594153
10.7027979166668,6.18841178108414
10.7031312500002,6.19010448950576
10.7034645833335,6.1876305310434
10.7037979166668,6.17929719727545
10.7041312500002,6.17877636391495
10.7044645833335,6.18580761428166
10.7047979166668,6.19505240643048
10.7051312500002,6.20104199007619
10.7054645833335,6.20182324011694
10.7057979166669,6.19921907331445
10.7061312500002,6.19804719825333
10.7064645833335,6.19661490651197
10.7067979166669,6.20078157339594
10.7071312500002,6.19960969833483
10.7074645833335,6.20104199007619
10.7077979166669,6.20039094837557
10.7081312500002,6.19648469817184
10.7084645833335,6.20247428181756
10.7087979166669,6.20612011534104
10.7091312500002,6.22005240773433
10.7094645833335,6.2252607413393
10.7097979166669,6.23463574182824
10.7101312500002,6.23619824190973
10.7104645833335,6.23346386676713
10.7107979166669,6.23671907527023
10.7111312500002,6.23697949195048
10.7114645833335,6.24075553381408
10.7117979166669,6.23580761688936
10.7121312500002,6.24257845057582
10.7124645833335,6.24830761754129
10.7127979166669,6.25820345139073
10.7131312500002,6.25950553479197
10.7134645833335,6.26497428507719
10.7137979166669,6.27369824386551
10.7141312500002,6.27851595245011
10.7144645833335,6.28046907755197
10.7147979166669,6.28138053593284
10.7151312500002,6.29140657812241
10.7154645833335,6.29739616176812
10.7157979166669,6.30130241197185
10.7161312500002,6.30364616209408
10.7164645833335,6.31484407934477
10.7167979166669,6.31979199626949
10.7171312500002,6.32890658007818
10.7174645833335,6.33710970550601
10.7177979166669,6.34440137255297
10.7181312500002,6.34830762275669
10.7184645833335,6.34739616437582
10.7187979166669,6.35247428964067
10.7191312500002,6.36406283191172
10.7194645833335,6.37161491563893
10.7197979166669,6.38411491629086
10.7201312500002,6.39036491661682
10.7204645833335,6.39895866706502
10.7207979166669,6.40026075046626
10.7211312500002,6.39700554196315
10.7214645833335,6.39791700034402
10.7217979166669,6.40234408390825
10.7221312500002,6.41106804269657
10.7224645833335,6.41315137613856
10.7227979166669,6.41835970974353
10.7231312500002,6.41640658464166
10.7234645833335,6.42122429322626
10.7237979166669,6.42174512658676
10.7241312500002,6.42656283517135
10.7244645833335,6.423047209988
10.7247979166669,6.42513054342999
10.7251312500002,6.4311201270757
10.7254645833335,6.43763054408191
10.7257979166669,6.43776075242204
10.7261312500002,6.43854200246278
10.7264645833335,6.44700554457086
10.7267979166669,6.46132846198452
10.7271312500002,6.46901075405185
10.7274645833335,6.47552117105806
10.7277979166669,6.48281283810502
10.72813125,6.48710971332912
10.7284645833333,6.49205763025384
10.7287979166667,6.49817742223968
10.72913125,6.51588575649657
10.7294645833333,6.53541700751521
10.7297979166667,6.55221388339123
10.73013125,6.56914096760738
10.7304645833333,6.590755552068
10.7307979166667,6.62057326195645
10.73113125,6.64362013815844
10.7314645833333,6.66471388925856
10.7317979166667,6.68971389056242
10.73213125,6.73007847600093
10.7324645833333,6.7761722284049
10.7327979166667,6.81497431376192
10.73313125,6.85208369069733
10.7334645833333,6.88984410933335
10.7337979166667,6.92382848610578
10.73413125,6.96080765470106
10.7344645833333,7.00156286515994
10.7347979166667,7.04739620088367
10.73513125,7.09205766154628
10.7354645833333,7.1298180801823
10.7357979166667,7.16497433201585
10.73613125,7.19791704206727
10.7364645833333,7.23632850240392
10.7367979166667,7.27994829634554
10.73713125,7.32070350680442
10.7374645833333,7.35494830025709
10.7377979166667,7.38697955192765
10.73813125,7.42695351234579
10.7384645833334,7.46458372264169
10.7387979166667,7.49908893277461
10.73913125,7.52122435059573
10.7394645833334,7.54713581028045
10.7397979166667,7.56718789465958
10.74013125,7.58294310381462
10.7404645833334,7.58697956235847
10.7407979166667,7.59505247944617
10.74113125,7.60924518851971
10.7414645833334,7.61848998066853
10.7417979166667,7.61692748058704
10.74213125,7.60117227143201
10.7424645833334,7.58723997903871
10.7427979166667,7.57395872834604
10.74313125,7.55481810234778
10.7434645833334,7.52604205918033
10.7437979166667,7.50390664135921
10.74413125,7.48098997349735
10.7444645833334,7.45677122223424
10.7447979166667,7.4167972618161
10.74513125,7.38046913492144
10.7454645833334,7.34843788325088
10.7457979166667,7.3033857975679
10.74613125,7.25781287852442
10.7464645833334,7.21497433462355
10.7467979166667,7.18229204125237
10.74713125,7.13984412237187
10.7474645833334,7.0878909946623
10.7477979166667,7.03580765861261
10.74813125,6.99049515624938
10.7484645833334,6.94531286222627
10.7487979166667,6.90065140156367
10.74913125,6.85468785749981
10.7494645833334,6.82187535578851
10.7497979166667,6.78841181237658
10.75013125,6.7519534771418
10.7504645833334,6.70338576627546
10.7507979166667,6.65963576399372
10.75113125,6.62265659539844
10.7514645833334,6.59335971887049
10.7517979166667,6.5611982588598
10.75213125,6.52747429876763
10.7524645833334,6.49921908896067
10.7527979166667,6.47096387915372
10.75313125,6.4483076279721
10.7534645833334,6.41888054310402
10.7537979166667,6.39791700034402
10.75413125,6.37421908244141
10.7544645833334,6.35742220656539
10.7547979166667,6.33893262226775
10.75513125,6.32695345497632
10.7554645833334,6.31380241262377
10.7557979166667,6.30403678711446
10.75613125,6.2843753277557
10.7564645833334,6.2666669934988
10.7567979166667,6.25612011794874
10.75713125,6.25989615981234
10.7574645833334,6.25520865956787
10.7577979166667,6.23997428377334
10.75813125,6.22760449146154
10.7584645833334,6.2214846994757
10.7587979166667,6.21536490748986
10.75913125,6.20390657355893
10.7594645833334,6.20078157339594
10.7597979166667,6.20612011534104
10.76013125,6.21015657388489
10.7604645833334,6.20533886530029
10.7607979166667,6.19817740659346
10.76113125,6.19791698991321
10.7614645833334,6.20286490683793
10.7617979166667,6.2042971985793
10.76213125,6.19921907331445
10.7624645833334,6.20104199007619
10.7627979166667,6.20820344878303
10.76313125,6.21692740757135
10.7634645833334,6.20690136538178
10.7637979166667,6.19153678124712
10.76413125,6.18059928067669
10.7644645833334,6.18307323913905
10.7647979166667,6.18906282278476
10.76513125,6.19492219809035
10.7654645833334,6.20026074003545
10.7657979166667,6.20351594853855
10.76613125,6.19895865663421
10.7664645833334,6.19010448950576
10.7667979166667,6.18789094772365
10.7671312500001,6.19036490618601
10.7674645833334,6.19674511485209
10.7677979166667,6.19596386481135
10.7681312500001,6.20065136505582
10.7684645833334,6.20130240675644
10.7687979166667,6.20950553218427
10.7691312500001,6.20820344878303
10.7694645833334,6.20963574052439
10.7697979166667,6.21145865728613
10.7701312500001,6.21171907396638
10.7704645833334,6.2161461575306
10.7707979166667,6.20976594886452
10.7711312500001,6.21315136570775
10.7714645833334,6.20872428214352
10.7717979166667,6.21770865761209
10.7721312500001,6.2166669908911
10.7724645833334,6.2214846994757
10.7727979166667,6.21835969931272
10.7731312500001,6.22773469980166
10.7734645833334,6.23033886660414
10.7737979166667,6.23489615850849
10.7741312500001,6.23020865826402
10.7744645833334,6.23424511680787
10.7747979166667,6.23320345008688
10.7751312500001,6.23216178336588
10.7754645833334,6.23307324174675
10.7757979166667,6.23606803356961
10.7761312500001,6.24114615883445
10.7764645833334,6.23723990863073
10.7767979166667,6.2419274088752
10.7771312500001,6.24505240903818
10.7774645833334,6.24973990928265
10.7777979166667,6.24414095065731
10.7781312500001,6.24544303405855
10.7784645833334,6.25299511778576
10.7787979166667,6.25924511811172
10.7791312500001,6.25690136798949
10.7794645833334,6.25156282604439
10.7797979166667,6.25898470143147
10.7801312500001,6.26106803487346
10.7804645833334,6.25885449309135
10.7807979166667,6.24752636750054
10.7811312500001,6.2505211593234
10.7814645833334,6.25598990960862
10.7817979166667,6.2596357431321
10.7821312500001,6.25585970126849
10.7824645833334,6.25208365940489
10.7827979166667,6.25390657616663
10.7831312500001,6.25442740952713
10.7834645833334,6.24960970094253
10.7837979166667,6.24296907559619
10.7841312500001,6.24401074231719
10.7844645833334,6.24231803389557
10.7847979166667,6.23971386709309
10.7851312500001,6.22500032465905
10.7854645833334,6.22252636619669
10.7857979166667,6.22552115801955
10.7861312500001,6.23372428344737
10.7864645833334,6.23632845024986
10.7867979166667,6.2295576165634
10.7871312500001,6.22734407478129
10.7874645833334,6.22838574150228
10.7877979166667,6.2247399079788
10.7881312500001,6.21575553251023
10.7884645833334,6.20572949032066
10.7887979166667,6.1994794899947
10.7891312500001,6.19869823995396
10.7894645833334,6.19257844796812
10.7897979166667,6.19687532319222
10.7901312500001,6.19960969833483
10.7904645833334,6.19960969833483
10.7907979166667,6.18502636424091
10.7911312500001,6.17434928035073
10.7914645833334,6.17291698860936
10.7917979166667,6.18268261411868
10.7921312500001,6.17916698893532
10.7924645833334,6.17669303047296
10.7927979166667,6.16796907168464
10.7931312500001,6.17669303047296
10.7934645833334,6.17434928035073
10.7937979166668,6.17708365549333
10.7941312500001,6.16927115508588
10.7944645833334,6.17447948869085
10.7947979166668,6.17578157209209
10.7951312500001,6.17539094707172
10.7954645833334,6.1661461549229
10.7957979166668,6.16171907135868
10.7961312500001,6.16197948803892
10.7964645833334,6.1613284463383
10.7967979166668,6.16210969637905
10.7971312500001,6.16406282148091
10.7974645833334,6.16002636293706
10.7977979166668,6.15859407119569
10.7981312500001,6.15989615459694
10.7984645833334,6.16289094641979
10.7987979166668,6.16093782131793
10.7991312500001,6.15742219613458
10.7994645833334,6.16432323816116
10.7997979166668,6.16328157144017
10.8001312500001,6.15924511289632
10.8004645833334,6.15638052941358
10.8007979166668,6.16250032139942
10.8011312500001,6.16367219646054
10.8014645833334,6.16028677961731
10.8017979166668,6.15729198779445
10.8021312500001,6.15924511289632
10.8024645833334,6.16171907135868
10.8027979166668,6.15716177945433
10.8031312500001,6.15351594593085
10.8034645833334,6.15416698763147
10.8037979166668,6.16002636293706
10.8041312500001,6.16223990471917
10.8044645833334,6.15651073775371
10.8047979166668,6.15065136244812
10.8051312500001,6.14557323718327
10.8054645833334,6.148437820666
10.8057979166668,6.15156282082899
10.8061312500001,6.15429719597159
10.8064645833334,6.15156282082899
10.8067979166668,6.14817740398576
10.8071312500001,6.14765657062526
10.8074645833334,6.14987011240737
10.8077979166668,6.15130240414874
10.8081312500001,6.15716177945433
10.8084645833334,6.1613284463383
10.8087979166668,6.16341177978029
10.8091312500001,6.16080761297781
10.8094645833334,6.15638052941358
10.8097979166668,6.15638052941358
10.8101312500001,6.15612011273333
10.8104645833334,6.15312532091048
10.8107979166668,6.15507844601234
10.8111312500001,6.1575524044747
10.8114645833334,6.16119823799818
10.8117979166668,6.15898469621607
10.8121312500001,6.15195344584936
10.8124645833334,6.15612011273333
10.8127979166668,6.15950552957656
10.8131312500001,6.1656253215624
10.8134645833334,6.16875032172538
10.8137979166668,6.1709638635075
10.8141312500001,6.17630240545259
10.8144645833334,6.17317740528961
10.8147979166668,6.17460969703097
10.8151312500001,6.16953157176613
10.8154645833334,6.17122428018774
10.8157979166668,6.16510448820191
10.8161312500001,6.16835969670501
10.8164645833334,6.17187532188837
10.8167979166668,6.17630240545259
10.8171312500001,6.17135448852787
10.8174645833334,6.16093782131793
10.8177979166668,6.16223990471917
10.8181312500001,6.16692740496365
10.8184645833334,6.17695344715321
10.8187979166668,6.17773469719396
10.8191312500001,6.18033886399644
10.8194645833334,6.18593782262178
10.8197979166668,6.18515657258104
10.8201312500001,6.18294303079892
10.8204645833335,6.17682323881309
10.8207979166668,6.17708365549333
10.8211312500001,6.18046907233656
10.8214645833335,6.17929719727545
10.8217979166668,6.17382844699023
10.8221312500001,6.16393261314079
10.8224645833335,6.15690136277408
10.8227979166668,6.15559927937284
10.8231312500001,6.15781282115495
10.8234645833335,6.16302115475992
10.8237979166668,6.16510448820191
10.8241312500001,6.16901073840563
10.8244645833335,6.16588573824265
10.8247979166668,6.16458365484141
10.8251312500001,6.1623701130593
10.8254645833335,6.16341177978029
10.8257979166668,6.15989615459694
10.8261312500001,6.15416698763147
10.8264645833335,6.15559927937284
10.8267979166668,6.16289094641979
10.8271312500001,6.16549511322228
10.8274645833335,6.15833365451545
10.8277979166668,6.14505240382278
10.8281312500001,6.14127636195917
10.8284645833335,6.14726594560489
10.8287979166668,6.1537763626111
10.8291312500001,6.1446617788024
10.8294645833335,6.13268261151097
10.8297979166668,6.13268261151097
10.8301312500001,6.14231802868017
10.8304645833335,6.14427115378203
10.8307979166668,6.13645865337458
10.8311312500001,6.13359406989184
10.8314645833335,6.12955761134799
10.8317979166668,6.13216177815048
10.8321312500001,6.1279951112665
10.8324645833335,6.1371096950752
10.8327979166668,6.14401073710178
10.8331312500001,6.1532555292506
10.8334645833335,6.14934927904687
10.8337979166668,6.14700552892464
10.8341312500001,6.14427115378203
10.8344645833335,6.14309927872091
10.8347979166668,6.13854198681656
10.8351312500001,6.13697948673507
10.8354645833335,6.14817740398576
10.8357979166668,6.15742219613458
10.8361312500001,6.16315136310004
10.8364645833335,6.15690136277408
10.8367979166668,6.148437820666
10.8371312500001,6.14765657062526
10.8374645833335,6.14973990406725
10.8377979166668,6.15533886269259
10.8381312500001,6.15481802933209
10.8384645833335,6.1527346958901
10.8387979166668,6.15156282082899
10.8391312500001,6.149479487387
10.8394645833335,6.1489586540265
10.8397979166668,6.15065136244812
10.8401312500001,6.15794302949507
10.8404645833335,6.16210969637905
10.8407979166668,6.15859407119569
10.8411312500001,6.14752636228514
10.8414645833335,6.14726594560489
10.8417979166668,6.15221386252961
10.8421312500001,6.15872427953582
10.8424645833335,6.15677115443396
10.8427979166668,6.15481802933209
10.8431312500001,6.16119823799818
10.8434645833335,6.16393261314079
10.8437979166668,6.16276073807967
10.8441312500001,6.15625032107346
10.8444645833335,6.1570315711142
10.8447979166668,6.15429719597159
10.8451312500001,6.15794302949507
10.8454645833335,6.1613284463383
10.8457979166668,6.1699221967865
10.8461312500001,6.16770865500439
10.8464645833335,6.15963573791669
10.8467979166668,6.15520865435246
10.8471312500001,6.1580732378352
10.8474645833335,6.16223990471917
10.8477979166668,6.16015657127718
10.8481312500002,6.15729198779445
10.8484645833335,6.15312532091048
10.8487979166668,6.15078157078824
10.8491312500002,6.14622427888389
10.8494645833335,6.15520865435246
10.8497979166668,6.15625032107346
10.8501312500002,6.15911490455619
10.8504645833335,6.15286490423023
10.8507979166668,6.15729198779445
10.8511312500002,6.16315136310004
10.8514645833335,6.16757844666427
10.8517979166668,6.16966178010625
10.8521312500002,6.16705761330377
10.8524645833335,6.16028677961731
10.8527979166668,6.16197948803892
10.8531312500002,6.16679719662352
10.8534645833335,6.17356803030998
10.8537979166668,6.16809928002476
10.8541312500002,6.16484407152166
10.8544645833335,6.1709638635075
10.8547979166668,6.17708365549333
10.8551312500002,6.1790367805952
10.8554645833335,6.18424511420017
10.8557979166668,6.20013053169532
10.8561312500002,6.21223990732688
10.8564645833335,6.20651074036141
10.8567979166668,6.20468782359967
10.8571312500002,6.21380240740837
10.8574645833335,6.23125032498501
10.8577979166668,6.23229199170601
10.8581312500002,6.23880240871222
10.8584645833335,6.25638053462899
10.8587979166668,6.27760449406924
10.8591312500002,6.28828157795943
10.8594645833335,6.28697949455818
10.8597979166668,6.29895866184961
10.8601312500002,6.31445345432439
10.8604645833335,6.33281283028191
10.8607979166668,6.34322949749185
10.8611312500002,6.35390658138204
10.8614645833335,6.36888054049632
10.8617979166668,6.38398470795073
10.8621312500002,6.39270866673905
10.8624645833335,6.40052116714651
10.8627979166668,6.41354200115893
10.8631312500002,6.43710971072142
10.8634645833335,6.45455762829806
10.8637979166668,6.46888054571173
10.8641312500002,6.48320346312539
10.8644645833335,6.50286492248415
10.8647979166668,6.52252638184291
10.8651312500002,6.53372429909359
10.8654645833335,6.55078159164987
10.8657979166668,6.56875034258701
10.8661312500002,6.58671909352415
10.8664645833335,6.59817742745509
10.8667979166668,6.60768263628415
10.8671312500002,6.62773472066328
10.8674645833335,6.64726597168192
10.8677979166668,6.66666701436043
10.8681312500002,6.67226597298577
10.8684645833335,6.68281284853583
10.8687979166668,6.69296909906552
10.8691312500002,6.70351597461559
10.8694645833335,6.70364618295571
10.8697979166668,6.70846389154031
10.8701312500002,6.71419305850577
10.8704645833335,6.72578160077683
10.8707979166668,6.73346389284416
10.8711312500002,6.73593785130652
10.8714645833335,6.73710972636764
10.8717979166668,6.72838576757931
10.8721312500002,6.71953160045086
10.8724645833335,6.70963576660142
10.8727979166668,6.70351597461559
10.8731312500002,6.70273472457484
10.8734645833335,6.69322951574577
10.8737979166668,6.68593784869881
10.8741312500002,6.6799482650531
10.8744645833335,6.67109409792465
10.8747979166669,6.65612013881037
10.8751312500002,6.63242222090776
10.8754645833335,6.61484409499099
10.8757979166669,6.60273471935943
10.8761312500002,6.5912763854285
10.8764645833335,6.57252638445061
10.8767979166669,6.54687534144614
10.8771312500002,6.52473992362502
10.8774645833335,6.50729200604837
10.8777979166669,6.49049513017235
10.8781312500002,6.47317742093583
10.8784645833335,6.45755242012092
10.8787979166669,6.44817741963198
10.8791312500002,6.4397138775239
10.8794645833335,6.43398471055844
10.8797979166669,6.41705762634229
10.8801312500002,6.39804720868415
10.8804645833335,6.37643262422353
10.8807979166669,6.35950554000738
10.8811312500002,6.34987012283818
10.8814645833335,6.34362012251222
10.8817979166669,6.34440137255297
10.8821312500002,6.32994824679918
10.8824645833335,6.31940137124912
10.8827979166669,6.30572949553607
10.8831312500002,6.30195345367247
10.8834645833335,6.29453157828539
10.8837979166669,6.28737011957856
10.8841312500002,6.2848961611162
10.8844645833335,6.28294303601433
10.8847979166669,6.27369824386551
10.8851312500002,6.26484407673706
10.8854645833335,6.25846386807098
10.8857979166669,6.26536491009756
10.8861312500002,6.27187532710377
10.8864645833335,6.27395866054576
10.8867979166669,6.27513053560688
10.8871312500002,6.27565136896738
10.8874645833335,6.276302410668
10.8877979166669,6.27617220232787
10.8881312500002,6.26940136864141
10.8884645833335,6.26458366005682
10.8887979166669,6.25546907624812
10.8891312500002,6.25403678450675
10.8894645833335,6.25572949292837
10.8897979166669,6.25846386807098
10.8901312500002,6.25898470143147
10.8904645833335,6.26184928491421
10.8907979166669,6.2714847020834
10.8911312500002,6.27617220232787
10.8914645833335,6.26992220200191
10.8917979166669,6.26080761819321
10.8921312500002,6.25533886790799
10.8924645833335,6.26015657649259
10.8927979166669,6.25403678450675
10.8931312500002,6.2494794926024
10.8934645833335,6.24661490911967
10.8937979166669,6.25638053462899
10.8941312500002,6.26302115997532
10.8944645833335,6.26145865989383
10.8947979166669,6.2580732430506
10.8951312500002,6.25976595147222
10.8954645833335,6.26966178532166
10.8957979166669,6.26927116030129
10.8961312500002,6.26445345171669
10.8964645833335,6.25690136798949
10.8967979166669,6.26002636815247
10.8971312500002,6.26575553511793
10.8974645833335,6.26640657681855
10.8977979166669,6.26627636847843
10.8981312500002,6.26106803487346
10.8984645833335,6.25585970126849
10.8987979166667,6.24752636750054
10.89913125,6.24466178401781
10.8994645833333,6.24283886725607
10.8997979166667,6.24843782588141
10.90013125,6.24856803422154
10.9004645833333,6.25182324272464
10.9007979166667,6.25612011794874
10.90113125,6.26171907657408
10.9014645833333,6.25768261803023
10.9017979166667,6.24843782588141
10.90213125,6.24869824256166
10.9024645833333,6.25325553446601
10.9027979166667,6.25559928458824
10.90313125,6.25195345106476
10.9034645833333,6.25585970126849
10.9037979166667,6.26588574345806
10.90413125,6.27044303536241
10.9044645833333,6.26653678515868
10.9047979166667,6.26119824321358
10.90513125,6.26510449341731
10.9054645833333,6.26705761851918
10.9057979166667,6.26015657649259
10.90613125,6.25078157600365
10.9064645833333,6.25455761786725
10.9067979166667,6.26171907657408
10.90713125,6.26041699317284
10.9074645833333,6.2510419926839
10.9077979166667,6.25677115964936
10.90813125,6.26184928491421
10.9084645833333,6.26914095196116
10.9087979166667,6.2596357431321
10.90913125,6.25846386807098
10.9094645833333,6.25872428475123
10.9097979166667,6.26002636815247
10.91013125,6.2585940764111
10.9104645833334,6.2580732430506
10.9107979166667,6.26145865989383
10.91113125,6.27057324370253
10.9114645833334,6.26966178532166
10.9117979166667,6.26940136864141
10.91213125,6.26002636815247
10.9124645833334,6.26276074329508
10.9127979166667,6.26210970159446
10.91313125,6.27161491042352
10.9134645833334,6.27460970224638
10.9137979166667,6.2790367858106
10.91413125,6.27539095228713
10.9144645833334,6.27539095228713
10.9147979166667,6.28190136929334
10.91513125,6.29088574476191
10.9154645833334,6.29518261998601
10.9157979166667,6.29401074492489
10.91613125,6.29817741180887
10.9164645833334,6.30416699545458
10.9167979166667,6.31132845416141
10.91713125,6.30677116225706
10.9174645833334,6.29947949521011
10.9177979166667,6.29518261998601
10.91813125,6.29843782848911
10.9184645833334,6.30690137059719
10.9187979166667,6.30872428735893
10.91913125,6.30442741213483
10.9194645833334,6.30755241229781
10.9197979166667,6.3096357457398
10.92013125,6.318229496188
10.9204645833334,6.31497428768489
10.9207979166667,6.31901074622874
10.92113125,6.32434928817384
10.9214645833334,6.33098991352017
10.9217979166667,6.33906283060787
10.92213125,6.34791699773632
10.9224645833334,6.3515628312598
10.9227979166667,6.34622428931471
10.92313125,6.33971387230849
10.9234645833334,6.3467451226752
10.9237979166667,6.36315137353086
10.92413125,6.37916699936614
10.9244645833334,6.3854169996921
10.9247979166667,6.38346387459023
10.92513125,6.38033887442725
10.9254645833334,6.38242220786924
10.9257979166667,6.38671908309334
10.92613125,6.39283887507918
10.9264645833334,6.40364616730949
10.9267979166667,6.42343783500837
10.92713125,6.43906283582328
10.9274645833334,6.4434899193875
10.9277979166667,6.4402347108844
10.92813125,6.444010752748
10.9284645833334,6.45664096174005
10.9287979166667,6.46822950401111
10.92913125,6.47317742093583
10.9294645833334,6.48190137972415
10.9297979166667,6.49088575519272
10.93013125,6.49713575551869
10.9304645833334,6.49179721357359
10.9307979166667,6.4945315887162
10.93113125,6.50481804758601
10.9314645833334,6.51484408977558
10.9317979166667,6.5160159648367
10.93213125,6.51002638119098
10.9324645833334,6.50846388110949
10.9327979166667,6.51341179803421
10.93313125,6.52174513180216
10.9334645833334,6.52187534014229
10.9337979166667,6.51901075665955
10.93413125,6.52018263172067
10.9344645833334,6.52656284038676
10.9347979166667,6.5246097152849
10.93513125,6.51875033997931
10.9354645833334,6.51250033965334
10.9357979166667,6.50872429778974
10.93613125,6.4993492973008
10.9364645833334,6.48919304677111
10.9367979166667,6.48450554652663
10.9371312500001,6.48945346345136
10.9374645833334,6.48619825494825
10.9377979166667,6.47552117105806
10.93813125,6.46627637890924
10.9384645833334,6.45677117008017
10.9387979166667,6.4520836698357
10.9391312500001,6.43697950238129
10.9394645833334,6.43151075209607
10.9397979166667,6.42447950172937
10.9401312500001,6.42278679330775
10.9404645833334,6.4182295014034
10.9407979166667,6.40911491759471
10.9411312500001,6.39713575030328
10.9414645833334,6.38515658301185
10.9417979166667,6.3757815825229
10.9421312500001,6.37330762406055
10.9424645833334,6.37057324891794
10.9427979166667,6.36783887377533
10.9431312500001,6.36328158187098
10.9434645833334,6.35703158154502
10.9437979166667,6.35494824810303
10.9441312500001,6.34869824777707
10.9444645833334,6.34583366429433
10.9447979166667,6.34218783077086
10.9451312500001,6.33945345562825
10.9454645833334,6.33229199692141
10.9457979166667,6.31783887116762
10.9461312500001,6.31862012120837
10.9464645833334,6.32643262161582
10.9467979166667,6.33476595538377
10.9471312500001,6.32565137157508
10.9474645833334,6.31614616274601
10.9477979166667,6.31093782914104
10.9481312500001,6.31080762080092
10.9484645833334,6.30781282897806
10.9487979166667,6.3091149123793
10.9491312500001,6.3085940790188
10.9494645833334,6.31080762080092
10.9497979166667,6.31445345432439
10.9501312500001,6.31223991254228
10.9504645833334,6.3091149123793
10.9507979166667,6.30651074557682
10.9511312500001,6.31171907918179
10.9514645833334,6.30898470403918
10.9517979166667,6.30364616209408
10.9521312500001,6.29518261998601
10.9524645833334,6.29856803682924
10.9527979166667,6.30169303699222
10.9531312500001,6.30299512039346
10.9534645833334,6.30364616209408
10.9537979166667,6.29960970355023
10.9541312500001,6.297265953428
10.9544645833334,6.29648470338725
10.9547979166667,6.29817741180887
10.9551312500001,6.29960970355023
10.9554645833334,6.29375032824464
10.9557979166667,6.28919303634029
10.9561312500001,6.2886722029798
10.9564645833334,6.28828157795943
10.9567979166667,6.28645866119769
10.9571312500001,6.28750032791868
10.9574645833334,6.29505241164588
10.9577979166667,6.30026074525085
10.9581312500001,6.30091178695147
10.9584645833334,6.29973991189036
10.9587979166667,6.3010419952916
10.9591312500001,6.2967451200675
10.9594645833334,6.29348991156439
10.9597979166667,6.29661491172738
10.9601312500001,6.29804720346874
10.9604645833334,6.30195345367247
10.9607979166667,6.30026074525085
10.9611312500001,6.30078157861135
10.9614645833334,6.2929690782039
10.9617979166667,6.28893261966005
10.9621312500001,6.29140657812241
10.9624645833334,6.29544303666626
10.9627979166667,6.29453157828539
10.9631312500001,6.29179720314278
10.9634645833334,6.29257845318352
10.9637979166667,6.29453157828539
10.9641312500001,6.29869824516936
10.9644645833334,6.29713574508787
10.9647979166667,6.29531282832613
10.9651312500001,6.29114616144216
10.9654645833334,6.29257845318352
10.9657979166668,6.29518261998601
10.9661312500001,6.29700553674775
10.9664645833334,6.30013053691073
10.9667979166668,6.29479199496564
10.9671312500001,6.2919274114829
10.9674645833334,6.2886722029798
10.9677979166668,6.28945345302054
10.9681312500001,6.2876305362588
10.9684645833334,6.28177116095321
10.9687979166668,6.28307324435446
10.9691312500001,6.28606803617731
10.9694645833334,6.28398470273532
10.9697979166668,6.28229199431371
10.9701312500001,6.27786491074949
10.9704645833334,6.28098991091247
10.9707979166668,6.27786491074949
10.9711312500001,6.275260743947
10.9714645833334,6.27317741050501
10.9717979166668,6.27916699415073
10.9721312500001,6.2929690782039
10.9724645833334,6.29947949521011
10.9727979166668,6.30234407869284
10.9731312500001,6.29687532840762
10.9734645833334,6.29010449472116
10.9737979166668,6.28632845285756
10.9741312500001,6.28684928621806
10.9744645833334,6.29466178662551
10.9747979166668,6.30065137027123
10.9751312500001,6.3015628286521
10.9754645833334,6.30078157861135
10.9757979166668,6.29895866184961
10.9761312500001,6.30234407869284
10.9764645833334,6.30833366233856
10.9767979166668,6.31028678744042
10.9771312500001,6.31210970420216
10.9774645833334,6.31562532938551
10.9777979166668,6.31614616274601
10.9781312500001,6.31002637076017
10.9784645833334,6.30182324533234
10.9787979166668,6.30651074557682
10.9791312500001,6.31132845416141
10.9794645833334,6.31888053788862
10.9797979166668,6.32591178825533
10.9801312500001,6.33255241360166
10.9804645833334,6.33229199692141
10.9807979166668,6.32721387165657
10.9811312500001,6.33125033020042
10.9814645833334,6.3300784551393
10.9817979166668,6.32825553837756
10.9821312500001,6.31940137124912
10.9824645833334,6.32513053821458
10.9827979166668,6.32916699675843
10.9831312500001,6.3348961637239
10.9834645833334,6.33541699708439
10.9837979166668,6.33737012218626
10.9841312500001,6.3348961637239
10.9844645833334,6.33072949683992
10.9847979166668,6.32382845481334
10.9851312500001,6.32773470501707
10.9854645833334,6.32981803845905
10.9857979166668,6.33632845546526
10.9861312500001,6.33945345562825
10.9864645833334,6.34010449732887
10.9867979166668,6.34179720575048
10.9871312500001,6.33398470534303
10.9874645833334,6.33242220526154
10.9877979166668,6.32825553837756
10.9881312500001,6.32421907983371
10.9884645833334,6.32122428801085
10.9887979166668,6.31484407934477
10.9891312500001,6.31432324598427
10.9894645833334,6.31067741246079
10.9897979166668,6.31497428768489
10.9901312500001,6.31992220460961
10.9904645833334,6.32695345497632
10.9907979166668,6.32096387133061
10.9911312500001,6.31080762080092
10.9914645833334,6.29362011990452
10.9917979166668,6.29062532808166
10.9921312500001,6.29687532840762
10.9924645833334,6.30898470403918
10.9927979166668,6.31250032922253
10.9931312500001,6.31041699578054
10.9934645833335,6.30000032857061
10.9937979166668,6.29153678646253
10.9941312500001,6.28828157795943
10.9944645833335,6.29609407836688
10.9947979166668,6.30429720379471
10.9951312500001,6.30703157893731
10.9954645833335,6.29752637010824
10.9957979166668,6.29023470306129
10.9961312500001,6.28854199463967
10.9964645833335,6.29570345334651
10.9967979166668,6.30208366201259
10.9971312500001,6.30546907885582
10.9974645833335,6.30364616209408
10.9977979166668,6.297265953428
10.9981312500001,6.2919274114829
10.9984645833335,6.28971386970079
10.9987979166668,6.29309928654402
10.9991312500001,6.29166699480265
10.9994645833335,6.28919303634029
10.9997979166668,6.27981803585135
11.0001312500001,6.28020866087172
11.0004645833335,6.28645866119769
11.0007979166668,6.29518261998601
11.0011312500001,6.28971386970079
11.0014645833335,6.28372428605508
11.0017979166668,6.28776074459893
11.0021312500001,6.30039095359098
11.0024645833335,6.30846387067868
11.0027979166668,6.30416699545458
11.0031312500001,6.29987012023048
11.0034645833335,6.30247428703297
11.0037979166668,6.30065137027123
11.0041312500001,6.29817741180887
11.0044645833335,6.29010449472116
11.0047979166668,6.29700553674775
11.0051312500001,6.30325553707371
11.0054645833335,6.30677116225706
11.0057979166668,6.30559928719595
11.0061312500001,6.30520866217557
11.0064645833335,6.30612012055644
11.0067979166668,6.30234407869284
11.0071312500001,6.30026074525085
11.0074645833335,6.30716178727744
11.0077979166668,6.31979199626949
11.0081312500001,6.32604199659545
11.0084645833335,6.3225263714121
11.0087979166668,6.31406282930402
11.0091312500001,6.31523470436514
11.0094645833335,6.31953157958924
11.0097979166668,6.32552116323495
11.0101312500001,6.32916699675843
11.0104645833335,6.32890658007818
11.0107979166668,6.33320345530228
11.0111312500001,6.3434899141721
11.0114645833335,6.3563805398444
11.0117979166668,6.36132845676912
11.0121312500001,6.36145866510924
11.0124645833335,6.36575554033334
11.0127979166668,6.37226595733955
11.0131312500001,6.37369824908092
11.0134645833335,6.37356804074079
11.0137979166668,6.38151074948837
11.0141312500001,6.39023470827669
11.0144645833335,6.38958366657607
11.0147979166668,6.38645866641309
11.0151312500001,6.39075554163719
11.0154645833335,6.40169304220763
11.0157979166668,6.40872429257434
11.0161312500001,6.40833366755396
11.0164645833335,6.41237012609781
11.0167979166668,6.41223991775769
11.0171312500001,6.41666700132191
11.0174645833335,6.42578158513061
11.0177979166668,6.43515658561955
11.0181312500001,6.44440137776837
11.0184645833335,6.4445315861085
11.0187979166668,6.44596387784986
11.0191312500002,6.44375033606775
11.0194645833335,6.45000033639371
11.0197979166668,6.45677117008017
11.0201312500002,6.4574222117808
11.0204645833335,6.45091179477458
11.0207979166668,6.45143262813508
11.0211312500002,6.45572950335918
11.0214645833335,6.46393262878701
11.0217979166668,6.46276075372589
11.0221312500002,6.4654951288685
11.0224645833335,6.46640658724937
11.0227979166668,6.47552117105806
11.0231312500002,6.4778649211803
11.0234645833335,6.47747429615993
11.0237979166668,6.47070346247347
11.0241312500002,6.4730472125957
11.0244645833335,6.4783857545408
11.0247979166668,6.48385450482601
11.0251312500002,6.48867221341061
11.0254645833335,6.48632846328837
11.0257979166668,6.48567742158775
11.0261312500002,6.47460971267719
11.0264645833335,6.47578158773831
11.0267979166668,6.47812533786055
11.0271312500002,6.48815138005011
11.0274645833335,6.48190137972415
11.0277979166668,6.47591179607844
11.0281312500002,6.47434929599695
11.0284645833335,6.4864586716285
11.0287979166668,6.49049513017235
11.0291312500002,6.49492221373657
11.0294645833335,6.48906283843098
11.0297979166668,6.49257846361434
11.0301312500002,6.48671908830875
11.0304645833335,6.48854200507049
11.0307979166668,6.48528679656738
11.0311312500002,6.48229200474452
11.0314645833335,6.48085971300316
11.0317979166668,6.48307325478527
11.0321312500002,6.48203158806428
11.0324645833335,6.47643262943893
11.0327979166668,6.47473992101732
11.0331312500002,6.48072950466303
11.0334645833335,6.47981804628216
11.0337979166668,6.47174512919446
11.0341312500002,6.45781283680117
11.0344645833335,6.45117221145483
11.0347979166668,6.44375033606775
11.0351312500002,6.44505241946899
11.0354645833335,6.4397138775239
11.0357979166668,6.43450554391893
11.0361312500002,6.42460971006949
11.0364645833335,6.42487012674974
11.0367979166668,6.42239616828738
11.0371312500002,6.41979200148489
11.0374645833335,6.41653679298179
11.0377979166668,6.42096387654601
11.0381312500002,6.40911491759471
11.0384645833335,6.38710970811371
11.0387979166668,6.36536491531297
11.0391312500002,6.36549512365309
11.0394645833335,6.37656283256365
11.0397979166668,6.37395866576117
11.0401312500002,6.36549512365309
11.0404645833335,6.36054720672837
11.0407979166668,6.36315137353086
11.0411312500002,6.36002637336787
11.0414645833335,6.34257845579123
11.0417979166668,6.33229199692141
11.0421312500002,6.33138053854054
11.0424645833335,6.33177116356092
11.0427979166668,6.32473991319421
11.0431312500002,6.31640657942626
11.0434645833335,6.31966178792936
11.0437979166668,6.31744824614725
11.0441312500002,6.31523470436514
11.0444645833335,6.30468782881508
11.0447979166668,6.30976595407992
11.0451312500002,6.30546907885582
11.0454645833335,6.30416699545458
11.0457979166668,6.29257845318352
11.0461312500002,6.29166699480265
11.0464645833335,6.29414095326502
11.0467979166668,6.29739616176812
11.0471312500002,6.29388053658477
11.0474645833335,6.28710970289831
11.0477979166669,6.28880241131992
11.0481312500002,6.29362011990452
11.0484645833335,6.29934928686998
11.0487979166669,6.29687532840762
11.0491312500002,6.29505241164588
11.0494645833335,6.29427116160514
11.0497979166669,6.29231803650328
11.0501312500002,6.28958366136067
11.0504645833335,6.28372428605508
11.0507979166669,6.28072949423222
11.0511312500002,6.28085970257234
11.0514645833335,6.28307324435446
11.0517979166669,6.28411491107545
11.0521312500002,6.27799511908961
11.0524645833335,6.28203157763346
11.0527979166669,6.28789095293905
11.0531312500002,6.29739616176812
11.0534645833335,6.29179720314278
11.0537979166669,6.28789095293905
11.0541312500002,6.28632845285756
11.0544645833335,6.28320345269458
11.0547979166669,6.27721386904887
11.0551312500002,6.27265657714452
11.0554645833335,6.28020866087172
11.0557979166669,6.28098991091247
11.0561312500002,6.27669303568837
11.0564645833335,6.26940136864141
11.0567979166669,6.26796907690005
11.0571312500002,6.27434928556613
11.0574645833335,6.2747399105865
11.0577979166669,6.27643261900812
11.0581312500002,6.27604199398775
11.0584645833335,6.27786491074949
11.0587979166669,6.27669303568837
11.0591312500002,6.27291699382477
11.0594645833335,6.26744824353955
11.0597979166669,6.2709638687229
11.0601312500002,6.27070345204265
11.0604645833335,6.27539095228713
11.0607979166669,6.27695345236862
11.0611312500002,6.27825553576986
11.0614645833335,6.27174511876365
11.0617979166669,6.26380241001607
11.0621312500002,6.27005241034203
11.0624645833335,6.27942741083098
11.0627979166669,6.28164095261309
11.0631312500002,6.27617220232787
11.0634645833335,6.2720055354439
11.0637979166669,6.27513053560688
11.0641312500002,6.27604199398775
11.0644645833335,6.2747399105865
11.0647979166669,6.27539095228713
11.0651312500002,6.28020866087172
11.0654645833335,6.28307324435446
11.0657979166669,6.27890657747048
11.0661312500002,6.27122428540315
11.0664645833335,6.26757845187967
11.0667979166669,6.2714847020834
11.0671312500002,6.26822949358029
11.0674645833335,6.26796907690005
11.0677979166669,6.26432324337657
11.0681312500002,6.26875032694079
11.0684645833335,6.26979199366178
11.0687979166669,6.26614616013831
11.0691312500002,6.26263053495495
11.0694645833333,6.2596357431321
11.0697979166667,6.26197949325433
11.07013125,6.26197949325433
11.0704645833333,6.26328157665557
11.0707979166667,6.26497428507719
11.07113125,6.26953157698154
11.0714645833333,6.2677086602198
11.0717979166667,6.26171907657408
11.07213125,6.2548180345475
11.0724645833333,6.25729199300986
11.0727979166667,6.25651074296911
11.07313125,6.25846386807098
11.0734645833333,6.26132845155371
11.0737979166667,6.2671878268593
11.07413125,6.26276074329508
11.0744645833333,6.25390657616663
11.0747979166667,6.24843782588141
11.07513125,6.24843782588141
11.0754645833333,6.24270865891595
11.0757979166667,6.24270865891595
11.07613125,6.24309928393632
11.0764645833333,6.24557324239868
11.0767979166667,6.24609407575917
11.07713125,6.24791699252091
11.0774645833333,6.24739615916042
11.0777979166667,6.24218782555545
11.07813125,6.24127636717458
11.0784645833333,6.24609407575917
11.0787979166667,6.24231803389557
11.07913125,6.2371097002906
11.0794645833333,6.23502636684862
11.0797979166667,6.24388053397706
11.08013125,6.2505211593234
11.0804645833334,6.25442740952713
11.0807979166667,6.24830761754129
11.08113125,6.24114615883445
11.0814645833334,6.24010449211346
11.0817979166667,6.24635449243942
11.08213125,6.2494794926024
11.0824645833334,6.24765657584067
11.0827979166667,6.25286490944564
11.08313125,6.2596357431321
11.0834645833334,6.26250032661483
11.0837979166667,6.25729199300986
11.08413125,6.25937532645185
11.0844645833334,6.26080761819321
11.0847979166667,6.26250032661483
11.08513125,6.25755240969011
11.0854645833334,6.25833365973085
11.0857979166667,6.26302115997532
11.08613125,6.26549511843769
11.0864645833334,6.27304720216489
11.0867979166667,6.27799511908961
11.08713125,6.28593782783719
11.0874645833334,6.28450553609582
11.0877979166667,6.28046907755197
11.08813125,6.27734407738899
11.0884645833334,6.28098991091247
11.0887979166667,6.28593782783719
11.08913125,6.28723991123843
11.0894645833334,6.28320345269458
11.0897979166667,6.28229199431371
11.09013125,6.28320345269458
11.0904645833334,6.2886722029798
11.0907979166667,6.29114616144216
11.09113125,6.2929690782039
11.0914645833334,6.2924482448434
11.0917979166667,6.29830762014899
11.09213125,6.29882845350949
11.0924645833334,6.30039095359098
11.0927979166667,6.29492220330576
11.09313125,6.29609407836688
11.0934645833334,6.29270866152365
11.0937979166667,6.29440136994526
11.09413125,6.29947949521011
11.0944645833334,6.30572949553607
11.0947979166667,6.30234407869284
11.09513125,6.29362011990452
11.0954645833334,6.28971386970079
11.0957979166667,6.29752637010824
11.09613125,6.30898470403918
11.0964645833334,6.31783887116762
11.0967979166667,6.32265657975222
11.09713125,6.32213574639172
11.0974645833334,6.32135449635098
11.0977979166667,6.32343782979297
11.09813125,6.33177116356092
11.0984645833334,6.34075553902949
11.0987979166667,6.34843783109682
11.09913125,6.36250033183023
11.0994645833334,6.37877637434576
11.0997979166667,6.3983076253644
11.10013125,6.41354200115893
11.1004645833334,6.43007846035471
11.1007979166667,6.44492221112887
11.10113125,6.46302117040614
11.1014645833334,6.47877637956117
11.1017979166667,6.49244825527421
11.10213125,6.50507846426626
11.1024645833334,6.52447950694477
11.1027979166667,6.54700554978626
11.10313125,6.56940138428763
11.1034645833334,6.58255242664018
11.1037979166667,6.60351596940018
11.10413125,6.62200555369782
11.1044645833334,6.64648472164117
11.1047979166667,6.66666701436043
11.10513125,6.69492222416739
11.1054645833334,6.72799514255894
11.1057979166667,6.75638056070602
11.10613125,6.78437535383273
11.1064645833334,6.81289098031994
11.1067979166667,6.84244827352813
11.10713125,6.8696618166141
11.1074645833334,6.89453160957783
11.1077979166667,6.92317744440516
11.1081312500001,6.94322952878429
11.1084645833334,6.95989619632019
11.1087979166667,6.98059932239994
11.1091312500001,7.00104203179944
11.1094645833334,7.01796911601559
11.1097979166667,7.02226599123969
11.1101312500001,7.03372432517063
11.1104645833334,7.055078492951
11.1107979166667,7.07317745222827
11.1111312500001,7.08385453611845
11.1114645833334,7.09010453644442
11.1117979166667,7.10403682883771
11.1121312500001,7.10338578713709
11.1124645833334,7.09283891158702
11.1127979166667,7.07942745255423
11.1131312500001,7.07994828591473
11.1134645833334,7.07760453579249
11.1137979166667,7.07109411878628
11.1141312500001,7.05794307643373
11.1144645833334,7.04739620088367
11.1147979166667,7.03190140840889
11.1151312500001,7.01953161609708
11.1154645833334,6.9949222398136
11.1157979166667,6.97591182215547
11.1161312500001,6.95885452959919
11.1164645833334,6.94296911210404
11.1167979166667,6.92005244424217
11.1171312500001,6.8906253593741
11.1174645833334,6.87226598341658
11.1177979166667,6.85885452438379
11.1181312500001,6.83593785652192
11.1184645833334,6.81640660550329
11.1187979166667,6.78984410411795
11.1191312500001,6.7680993113172
11.1194645833334,6.74049514321087
11.1197979166667,6.71601597526751
11.1201312500001,6.70169305785385
11.1204645833334,6.68645868205931
11.1207979166667,6.66835972278204
11.1211312500001,6.64804722172266
11.1214645833334,6.62786492900341
11.1217979166667,6.61237013652863
11.1221312500001,6.59895867749583
11.1224645833334,6.58476596842229
11.1227979166667,6.57148471772962
11.1231312500001,6.55117221667024
11.1234645833334,6.53880242435844
11.1237979166667,6.5283857571485
11.1241312500001,6.52239617350279
11.1244645833334,6.51250033965334
11.1247979166667,6.4993492973008
11.1251312500001,6.48710971332912
11.1254645833334,6.4735680459562
11.1257979166667,6.46106804530427
11.1261312500001,6.44973991971347
11.1264645833334,6.43411491889856
11.1267979166667,6.42382846002874
11.1271312500001,6.4096357509552
11.1274645833334,6.40299512560887
11.1277979166667,6.39257845839893
11.1281312500001,6.38671908309334
11.1284645833334,6.37617220754328
11.1287979166667,6.37044304057781
11.1291312500001,6.36588574867346
11.1294645833334,6.35768262324564
11.1297979166667,6.34895866445731
11.1301312500001,6.33971387230849
11.1304645833334,6.33893262226775
11.1307979166667,6.3348961637239
11.1311312500001,6.32942741343868
11.1314645833334,6.31875032954849
11.1317979166667,6.3091149123793
11.1321312500001,6.30260449537309
11.1324645833334,6.29570345334651
11.1327979166667,6.29153678646253
11.1331312500001,6.2848961611162
11.1334645833334,6.28138053593284
11.1337979166667,6.27799511908961
11.1341312500001,6.27265657714452
11.1344645833334,6.26848991026054
11.1347979166668,6.26002636815247
11.1351312500001,6.25520865956787
11.1354645833334,6.24778678418079
11.1357979166668,6.2424482422357
11.1361312500001,6.23437532514799
11.1364645833334,6.23112011664489
11.1367979166668,6.23919303373259
11.1371312500001,6.24908886758203
11.1374645833334,6.25143261770427
11.1377979166668,6.23971386709309
11.1381312500001,6.22890657486278
11.1384645833334,6.22981803324365
11.1387979166668,6.23268261672638
11.1391312500001,6.23203157502576
11.1394645833334,6.22070344943495
11.1397979166668,6.21862011599296
11.1401312500001,6.21979199105408
11.1404645833334,6.22799511648191
11.1407979166668,6.22630240806029
11.1411312500001,6.22343782457756
11.1414645833334,6.21653678255098
11.1417979166668,6.21132844894601
11.1421312500001,6.20651074036141
11.1424645833334,6.20299511517806
11.1427979166668,6.20533886530029
11.1431312500001,6.2075524070824
11.1434645833334,6.21067740724539
11.1437979166668,6.20833365712315
11.1441312500001,6.20638053202129
11.1444645833334,6.20872428214352
11.1447979166668,6.21002636554476
11.1451312500001,6.21054719890526
11.1454645833334,6.21171907396638
11.1457979166668,6.21380240740837
11.1461312500001,6.22005240773433
11.1464645833334,6.21848990765284
11.1467979166668,6.21523469914973
11.1471312500001,6.21067740724539
11.1474645833334,6.20273469849781
11.1477979166668,6.20143261509657
11.1481312500001,6.19830761493358
11.1484645833334,6.2048180319398
11.1487979166668,6.21028678222501
11.1491312500001,6.21653678255098
11.1494645833334,6.21171907396638
11.1497979166668,6.20533886530029
11.1501312500001,6.19869823995396
11.1504645833334,6.20117219841632
11.1507979166668,6.20143261509657
11.1511312500001,6.20546907364042
11.1514645833334,6.2075524070824
11.1517979166668,6.20950553218427
11.1521312500001,6.20572949032066
11.1524645833334,6.20794303210278
11.1527979166668,6.20546907364042
11.1531312500001,6.20690136538178
11.1534645833334,6.20273469849781
11.1537979166668,6.20117219841632
11.1541312500001,6.20156282343669
11.1544645833334,6.20182324011694
11.1547979166668,6.20937532384414
11.1551312500001,6.21250032400712
11.1554645833334,6.21354199072812
11.1557979166668,6.2171878242516
11.1561312500001,6.2252607413393
11.1564645833334,6.23450553348812
11.1567979166668,6.23125032498501
11.1571312500001,6.22304719955719
11.1574645833334,6.21627636587073
11.1577979166668,6.21692740757135
11.1581312500001,6.22070344943495
11.1584645833334,6.2295576165634
11.1587979166668,6.24101595049433
11.1591312500001,6.25585970126849
11.1594645833334,6.26197949325433
11.1597979166668,6.26601595179818
11.1601312500001,6.26406282669632
11.1604645833334,6.27005241034203
11.1607979166668,6.27552116062725
11.1611312500001,6.27916699415073
11.1614645833335,6.28528678613657
11.1617979166668,6.29218782816315
11.1621312500001,6.31054720412067
11.1624645833335,6.318229496188
11.1627979166668,6.32604199659545
11.1631312500001,6.33359408032266
11.1634645833335,6.34427116421284
11.1637979166668,6.35312533134129
11.1641312500001,6.35729199822527
11.1644645833335,6.36666699871421
11.1647979166668,6.38294304122974
11.1651312500001,6.39987012544589
11.1654645833335,6.41692741800216
11.1657979166668,6.42955762699421
11.1661312500001,6.43476596059918
11.1664645833335,6.43958366918378
11.1667979166668,6.44192741930601
11.1671312500001,6.4563805450598
11.1674645833335,6.46471387882775
11.1677979166668,6.47812533786055
11.1681312500001,6.48190137972415
11.1684645833335,6.4950524220767
11.1687979166668,6.50533888094651
11.1691312500001,6.51106804791198
11.1694645833335,6.51093783957185
11.1697979166668,6.50937533949036
11.1701312500001,6.51471388143546
11.1704645833335,6.52213575682254
11.1707979166668,6.53020867391024
11.1711312500001,6.53489617415471
11.1714645833335,6.53190138233185
11.1717979166668,6.53125034063123
11.1721312500001,6.53085971561086
11.1724645833335,6.53867221601831
11.1727979166668,6.53789096597757
11.1731312500001,6.53776075763744
11.1734645833335,6.5364586742362
11.1737979166668,6.53880242435844
11.1741312500001,6.53385450743372
11.1744645833335,6.52591179868614
11.1747979166668,6.51770867325831
11.1751312500001,6.51302117301384
11.1754645833335,6.51080763123173
11.1757979166668,6.507943047749
11.1761312500001,6.50143263074278
11.1764645833335,6.49101596353285
11.1767979166668,6.47500033769757
11.1771312500001,6.46197950368514
11.1774645833335,6.44973991971347
11.1777979166668,6.44335971104738
11.1781312500001,6.43684929404117
11.1784645833335,6.42630241849111
11.1787979166668,6.41601595962129
11.1791312500001,6.40924512593483
11.1794645833335,6.40221387556812
11.1797979166668,6.39127637499769
11.1801312500001,6.37890658268589
11.1804645833335,6.36888054049632
11.1807979166668,6.36862012381607
11.1811312500001,6.36927116551669
11.1814645833335,6.36354199855123
11.1817979166668,6.35416699806228
11.1821312500001,6.34205762243073
11.1824645833335,6.33763053886651
11.1827979166668,6.32031282962998
11.1831312500001,6.3085940790188
11.1834645833335,6.29739616176812
11.1837979166668,6.29947949521011
11.1841312500001,6.29570345334651
11.1844645833335,6.29179720314278
11.1847979166668,6.28229199431371
11.1851312500001,6.28033886921185
11.1854645833335,6.27265657714452
11.1857979166668,6.26393261835619
11.1861312500001,6.25950553479197
11.1864645833335,6.25221386774501
11.1867979166668,6.25013053430303
11.1871312500001,6.24218782555545
11.1874645833335,6.24531282571843
11.1877979166668,6.24583365907893
11.1881312500001,6.23841178369185
11.1884645833335,6.22500032465905
11.1887979166668,6.21835969931272
11.1891312500001,6.21497428246948
11.1894645833335,6.21796907429234
11.1897979166668,6.21393261574849
11.1901312500002,6.21640657421085
11.1904645833335,6.21809928263247
11.1907979166668,6.22395865793806
11.1911312500002,6.2257815746998
11.1914645833335,6.21653678255098
11.1917979166668,6.21028678222501
11.1921312500002,6.20716178206203
11.1924645833335,6.20846386546327
11.1927979166668,6.20039094837557
11.1931312500002,6.1946617814101
11.1934645833335,6.19908886497433
11.1937979166668,6.20703157372191
11.1941312500002,6.2032555318583
11.1944645833335,6.19739615655271
11.1947979166668,6.19596386481135
11.1951312500002,6.19804719825333
11.1954645833335,6.19804719825333
11.1957979166668,6.19635448983172
11.1961312500002,6.19583365647122
11.1964645833335,6.19635448983172
11.1967979166668,6.19531282311073
11.1971312500002,6.2005211567157
11.1974645833335,6.19687532319222
11.1977979166668,6.19179719792737
11.1981312500002,6.18619823930203
11.1984645833335,6.18854198942427
11.1987979166668,6.19179719792737
11.1991312500002,6.18932323946501
11.1994645833335,6.19244823962799
11.1997979166668,6.19921907331445
11.2001312500002,6.20768261542253
11.2004645833335,6.20364615687868
11.2007979166668,6.19231803128787
11.2011312500002,6.19244823962799
11.2014645833335,6.2037763652188
11.2017979166668,6.21145865728613
11.2021312500002,6.19921907331445
11.2024645833335,6.18619823930203
11.2027979166668,6.18723990602302
11.2031312500002,6.1962242814916
11.2034645833335,6.19479198975023
11.2037979166668,6.19023469784588
11.2041312500002,6.19101594788663
11.2044645833335,6.20013053169532
11.2047979166668,6.20182324011694
11.2051312500002,6.19726594821259
11.2054645833335,6.19635448983172
11.2057979166668,6.2005211567157
11.2061312500002,6.20221386513731
11.2064645833335,6.19231803128787
11.2067979166668,6.1822919890983
11.2071312500002,6.18671907266253
11.2074645833335,6.19283886464837
11.2077979166668,6.19687532319222
11.2081312500002,6.18619823930203
11.2084645833335,6.18294303079892
11.2087979166668,6.18307323913905
11.2091312500002,6.18841178108414
11.2094645833335,6.18854198942427
11.2097979166668,6.18893261444464
11.2101312500002,6.19453157306998
11.2104645833335,6.19765657323296
11.2107979166668,6.20026074003545
11.2111312500002,6.1946617814101
11.2114645833335,6.19921907331445
11.2117979166668,6.20351594853855
11.2121312500002,6.21328157404787
11.2124645833335,6.21979199105408
11.2127979166668,6.21992219939421
11.2131312500002,6.21901074101334
11.2134645833335,6.21523469914973
11.2137979166668,6.22161490781582
11.2141312500002,6.22734407478129
11.2144645833335,6.22916699154303
11.2147979166668,6.22981803324365
11.2151312500002,6.23125032498501
11.2154645833335,6.23606803356961
11.2157979166668,6.23789095033135
11.2161312500002,6.2376305336511
11.2164645833335,6.24479199235793
11.2167979166669,6.25585970126849
11.2171312500002,6.26562532677781
11.2174645833335,6.26653678515868
11.2177979166669,6.26471386839694
11.2181312500002,6.26653678515868
11.2184645833335,6.27018261868216
11.2187979166669,6.27226595212414
11.2191312500002,6.27356803552539
11.2194645833335,6.28098991091247
11.2197979166669,6.28450553609582
11.2201312500002,6.28515657779644
11.2204645833335,6.28125032759272
11.2207979166669,6.28203157763346
11.2211312500002,6.28072949423222
11.2214645833335,6.27864616079023
11.2217979166669,6.27265657714452
11.2221312500002,6.27434928556613
11.2224645833335,6.27226595212414
11.2227979166669,6.27252636880439
11.2231312500002,6.27161491042352
11.2234645833335,6.27382845220564
11.2237979166669,6.27304720216489
11.2241312500002,6.27187532710377
11.2244645833335,6.26992220200191
11.2247979166669,6.26796907690005
11.2251312500002,6.26458366005682
11.2254645833335,6.26367220167595
11.2257979166669,6.26783886855992
11.2261312500002,6.26458366005682
11.2264645833335,6.25833365973085
11.2267979166669,6.24960970094253
11.2271312500002,6.25390657616663
11.2274645833335,6.25585970126849
11.2277979166669,6.25716178466973
11.2281312500002,6.2457034507388
11.2284645833335,6.23580761688936
11.2287979166669,6.23242220004613
11.2291312500002,6.23020865826402
11.2294645833335,6.23242220004613
11.2297979166669,6.2300784499239
11.2301312500002,6.22994824158377
11.2304645833335,6.22864615818253
11.2307979166669,6.23164095000539
11.2311312500002,6.23177115834551
11.2314645833335,6.22825553316216
11.2317979166669,6.2214846994757
11.2321312500002,6.22356803291768
11.2324645833335,6.22981803324365
11.2327979166669,6.23411490846775
11.2331312500002,6.22695344976091
11.2334645833335,6.21757844927197
11.2337979166669,6.21484407412936
11.2341312500002,6.22343782457756
11.2344645833335,6.23684928361036
11.2347979166669,6.23645865858998
11.2351312500002,6.23346386676713
11.2354645833335,6.22187532449607
11.2357979166669,6.21940136603371
11.2361312500002,6.21575553251023
11.2364645833335,6.22187532449607
11.2367979166669,6.22799511648191
11.2371312500002,6.23203157502576
11.2374645833335,6.23424511680787
11.2377979166669,6.23437532514799
11.2381312500002,6.23268261672638
11.2384645833335,6.22773469980166
11.2387979166669,6.22812532482203
11.2391312500002,6.23880240871222
11.2394645833335,6.24257845057582
11.2397979166669,6.23945345041284
11.24013125,6.23359407510725
11.2404645833333,6.23984407543321
11.2407979166667,6.24544303405855
11.24113125,6.25130240936414
11.2414645833333,6.24661490911967
11.2417979166667,6.25364615948638
11.24213125,6.25598990960862
11.2424645833333,6.26210970159446
11.2427979166667,6.25507845122775
11.24313125,6.25117220102402
11.2434645833333,6.26119824321358
11.2437979166667,6.27695345236862
11.24413125,6.28632845285756
11.2444645833333,6.27968782751123
11.2447979166667,6.27877636913036
11.24513125,6.28723991123843
11.2454645833333,6.29700553674775
11.2457979166667,6.30169303699222
11.24613125,6.30729199561756
11.2464645833333,6.32031282962998
11.2467979166667,6.3305992884998
11.24713125,6.32994824679918
11.2474645833333,6.32369824647321
11.2477979166667,6.32552116323495
11.24813125,6.33737012218626
11.2484645833333,6.35390658138204
11.2487979166667,6.36484408195247
11.24913125,6.37408887410129
11.2494645833333,6.38463574965135
11.2497979166667,6.39049512495694
11.25013125,6.401042000507
11.2504645833333,6.41054720933607
11.2507979166667,6.43242221047694
11.25113125,6.44218783598626
11.2514645833334,6.4477867946116
11.2517979166667,6.44726596125111
11.25213125,6.45716179510055
11.2524645833334,6.46862012903148
11.2527979166667,6.48033887964266
11.25313125,6.4897138801316
11.2534645833334,6.50247429746378
11.2537979166667,6.51106804791198
11.25413125,6.51614617317682
11.2544645833334,6.51588575649657
11.2547979166667,6.5240888819244
11.25513125,6.527864923788
11.2554645833334,6.5359378408757
11.2557979166667,6.53671909091645
11.25613125,6.54309929958254
11.2564645833334,6.54895867488813
11.2567979166667,6.55559930023446
11.25713125,6.55625034193508
11.2574645833334,6.55000034160912
11.2577979166667,6.54479200800415
11.25813125,6.54973992492887
11.2584645833334,6.55989617545856
11.2587979166667,6.5751305512531
11.25913125,6.57812534307595
11.2594645833334,6.57851596809633
11.2597979166667,6.56848992590676
11.26013125,6.56731805084564
11.2604645833334,6.56393263400241
11.2607979166667,6.57317742615123
11.26113125,6.58085971821856
11.2614645833334,6.5826826349803
11.2617979166667,6.57799513473583
11.26213125,6.57096388436912
11.2624645833334,6.5751305512531
11.2627979166667,6.57148471772962
11.26313125,6.56575555076415
11.2634645833334,6.55781284201658
11.2637979166667,6.55013054994924
11.26413125,6.55429721683322
11.2644645833334,6.5536461751326
11.2647979166667,6.55559930023446
11.26513125,6.53919304937881
11.2654645833334,6.53372429909359
11.2657979166667,6.53020867391024
11.26613125,6.53919304937881
11.2664645833334,6.53932325771893
11.2667979166667,6.5359378408757
11.26713125,6.52877638216887
11.2674645833334,6.52604200702626
11.2677979166667,6.52291700686328
11.26813125,6.51158888127247
11.2684645833334,6.49856804726005
11.2687979166667,6.49335971365508
11.26913125,6.49531283875695
11.2694645833334,6.49244825527421
11.2697979166667,6.48619825494825
11.27013125,6.48320346312539
11.2704645833334,6.48632846328837
11.2707979166667,6.49687533883844
11.27113125,6.50468783924589
11.2714645833334,6.50768263106875
11.2717979166667,6.507943047749
11.27213125,6.51627638151695
11.2724645833334,6.5326826323726
11.2727979166667,6.55156284169061
11.27313125,6.56250034226105
11.2734645833334,6.57447950955248
11.2737979166667,6.59023471870751
11.27413125,6.61132846980763
11.2744645833334,6.63411492932937
11.2747979166667,6.64778680504242
11.27513125,6.67747430659074
11.2754645833334,6.71406285016565
11.2757979166667,6.76145868597087
11.27613125,6.79583368776366
11.2764645833334,6.83385452307994
11.2767979166667,6.87565140025981
11.27713125,6.92669306958851
11.2774645833334,6.98437536426354
11.2777979166667,7.04960974266578
11.2781312500001,7.12513057993783
11.2784645833334,7.19921912546852
11.2787979166667,7.28177121310728
11.2791312500001,7.3700524677115
11.2794645833334,7.4635420559207
11.2797979166667,7.56536497789784
11.2801312500001,7.67812540044543
11.2804645833334,7.79908894842083
11.2807979166667,7.91848999631475
11.2811312500001,8.03554729408643
11.2814645833334,8.16419313412916
11.2817979166667,8.29101605741016
11.2821312500001,8.4148441888683
11.2824645833334,8.53242232000048
11.2827979166667,8.65351607631601
11.2831312500001,8.77890670785564
11.2834645833334,8.89349004716496
11.2837979166667,9.01315151173912
11.2841312500001,9.14244839348248
11.2844645833334,9.28632860931976
11.2847979166667,9.43515674208174
11.2851312500001,9.57695362447703
11.2854645833334,9.71575571504945
11.2857979166667,9.84882863865642
11.2861312500001,9.97057343667257
11.2864645833334,10.0910161512875
11.2867979166667,10.207943240719
11.2871312500001,10.326302621892
11.2874645833334,10.4466151281667
11.2877979166667,10.5552088838303
11.2881312500001,10.6717453482415
11.2884645833334,10.7865891042311
11.2887979166667,10.9368495287345
11.2891312500001,11.0890630783397
11.2894645833334,11.2363287110202
11.2897979166667,11.3529953837715
11.2901312500001,11.450000597164
11.2904645833334,11.5186203924095
11.2907979166667,11.5653651865141
11.2911312500001,11.5986985215859
11.2914645833334,11.6235683145496
11.2917979166667,11.6433599822485
11.2921312500001,11.6492193575541
11.2924645833334,11.6502610242751
11.2927979166667,11.6410162321263
11.2931312500001,11.6194016476657
11.2934645833334,11.5846360208525
11.2937979166667,11.5227870592935
11.2941312500001,11.4476568470418
11.2944645833334,11.3513026753499
11.2947979166667,11.2604172539432
11.2951312500001,11.1661464156932
11.2954645833334,11.0700526606815
11.2957979166667,10.9597661965963
11.2961312500001,10.8423182738043
11.2964645833334,10.7345057681814
11.2967979166667,10.6252609708172
11.2971312500001,10.5113286732085
11.2974645833334,10.3761724161595
11.2977979166667,10.2394536590291
11.2981312500001,10.1046880270005
11.2984645833334,9.97539114525716
11.2987979166667,9.84127655492921
11.2991312500001,9.69388071390859
11.2994645833334,9.54166716430336
11.2997979166667,9.37018278035976
11.3001312500001,9.21862027245516
11.3004645833334,9.07200568147528
11.3007979166667,8.94778692499676
11.3011312500001,8.80468795920024
11.3014645833334,8.66940149381117
11.3017979166667,8.5325525283406
11.3021312500001,8.40716189680097
11.3024645833334,8.27916709845886
11.3027979166667,8.16002646724519
11.3031312500001,8.04192750275251
11.3034645833334,7.92408895494009
11.3037979166667,7.80299519862456
11.3041312500001,7.69296915121959
11.3044645833334,7.59440143774555
11.3047979166668,7.5011722662166
11.3051312500001,7.40221392772219
11.3054645833334,7.30273475586728
11.3057979166668,7.20950558433833
11.3061312500001,7.12773474674032
11.3064645833334,7.04609411748243
11.3067979166668,6.97513057211472
11.3071312500001,6.91028681873286
11.3074645833334,6.86250035790727
11.3077979166668,6.81223993861931
11.3081312500001,6.77057326977956
11.3084645833334,6.72500035073608
11.3087979166668,6.68645868205931
11.3091312500001,6.64453159653931
11.3094645833334,6.61679722009285
11.3097979166668,6.59466180227173
11.3101312500001,6.57591180129384
11.3104645833334,6.54700554978626
11.3107979166668,6.51822950661881
11.3111312500001,6.49479200539645
11.3114645833334,6.47708367113955
11.3117979166668,6.46263054538577
11.3121312500001,6.45026075307396
11.3124645833334,6.43789096076216
11.3127979166668,6.42916700197384
11.3131312500001,6.41705762634229
11.3134645833334,6.4101565843157
11.3137979166668,6.39817741702427
11.3141312500001,6.39687533362303
11.3144645833334,6.39075554163719
11.3147979166668,6.38554720803222
11.3151312500001,6.36367220689135
11.3154645833334,6.34960970615794
11.3157979166668,6.3510419978993
11.3161312500001,6.35664095652464
11.3164645833334,6.36002637336787
11.3167979166668,6.34960970615794
11.3171312500001,6.35013053951843
11.3174645833334,6.34934928947769
11.3177979166668,6.35247428964067
11.3181312500001,6.35169303959992
11.3184645833334,6.34843783109682
11.3187979166668,6.34609408097458
11.3191312500001,6.34479199757334
11.3194645833334,6.34388053919247
11.3197979166668,6.34218783077086
11.3201312500001,6.34127637238998
11.3204645833334,6.34205762243073
11.3207979166668,6.33515658040415
11.3211312500001,6.32968783011893
11.3214645833334,6.32669303829607
11.3217979166668,6.32434928817384
11.3221312500001,6.32083366299048
11.3224645833334,6.318229496188
11.3227979166668,6.32174512137135
11.3231312500001,6.33268262194179
11.3234645833334,6.33229199692141
11.3237979166668,6.32773470501707
11.3241312500001,6.31744824614725
11.3244645833334,6.32799512169731
11.3247979166668,6.33320345530228
11.3251312500001,6.32942741343868
11.3254645833334,6.32083366299048
11.3257979166668,6.31705762112688
11.3261312500001,6.32526074655471
11.3264645833334,6.32617220493557
11.3267979166668,6.32929720509856
11.3271312500001,6.3220055380516
11.3274645833334,6.31276074590278
11.3277979166668,6.30651074557682
11.3281312500001,6.30794303731818
11.3284645833334,6.31171907918179
11.3287979166668,6.32018262128986
11.3291312500001,6.32291699643247
11.3294645833334,6.33085970518005
11.3297979166668,6.3305992884998
11.3301312500001,6.33294303862203
11.3304645833334,6.33763053886651
11.3307979166668,6.34583366429433
11.3311312500001,6.3467451226752
11.3314645833334,6.3348961637239
11.3317979166668,6.32994824679918
11.3321312500001,6.33750033052638
11.3324645833335,6.34609408097458
11.3327979166668,6.34231803911098
11.3331312500001,6.33619824712514
11.3334645833335,6.34101595570974
11.3337979166668,6.3510419978993
11.3341312500001,6.36145866510924
11.3344645833335,6.36158887344936
11.3347979166668,6.36028679004812
11.3351312500001,6.35455762308266
11.3354645833335,6.35846387328638
11.3357979166668,6.36523470697284
11.3361312500001,6.37057324891794
11.3364645833335,6.37421908244141
11.3367979166668,6.37552116584266
11.3371312500001,6.38294304122974
11.3374645833335,6.38450554131123
11.3377979166668,6.39218783337856
11.3381312500001,6.39622429192241
11.3384645833335,6.40846387589409
11.3387979166668,6.4139326261793
11.3391312500001,6.41979200148489
11.3394645833335,6.41770866804291
11.3397979166668,6.4192711681244
11.3401312500001,6.41940137646452
11.3404645833335,6.42161491824663
11.3407979166668,6.42317741832812
11.3411312500001,6.42968783533433
11.3414645833335,6.43515658561955
11.3417979166668,6.43854200246278
11.3421312500001,6.43906283582328
11.3424645833335,6.44856804465235
11.3427979166668,6.45546908667893
11.3431312500001,6.466015962229
11.3434645833335,6.46367221210676
11.3437979166668,6.46510450384813
11.3441312500001,6.46380242044688
11.3444645833335,6.47018262911297
11.3447979166668,6.46992221243272
11.3451312500001,6.46666700392962
11.3454645833335,6.47174512919446
11.3457979166668,6.4821617964044
11.3461312500001,6.48945346345136
11.3464645833335,6.48072950466303
11.3467979166668,6.47460971267719
11.3471312500001,6.47643262943893
11.3474645833335,6.48007846296241
11.3477979166668,6.47812533786055
11.3481312500001,6.47903679624142
11.3484645833335,6.48515658822726
11.3487979166668,6.49296908863471
11.3491312500001,6.48906283843098
11.3494645833335,6.48020867130254
11.3497979166668,6.47721387947968
11.3501312500001,6.47421908765682
11.3504645833335,6.47434929599695
11.3507979166668,6.46484408716788
11.3511312500001,6.46197950368514
11.3514645833335,6.46093783696415
11.3517979166668,6.46223992036539
11.3521312500001,6.45546908667893
11.3524645833335,6.44570346116962
11.3527979166668,6.44309929436713
11.3531312500001,6.44635450287024
11.3534645833335,6.44192741930601
11.3537979166668,6.43177116877632
11.3541312500001,6.41953158480465
11.3544645833335,6.4235680433485
11.3547979166668,6.42174512658676
11.3551312500001,6.42109408488614
11.3554645833335,6.41028679265583
11.3557979166668,6.41041700099595
11.3561312500001,6.41106804269657
11.3564645833335,6.41367220949906
11.3567979166668,6.4111982510367
11.3571312500001,6.40286491726874
11.3574645833335,6.3929690834193
11.3577979166668,6.38385449961061
11.3581312500001,6.38411491629086
11.3584645833335,6.3854169996921
11.3587979166668,6.38450554131123
11.3591312500002,6.38333366625011
11.3594645833335,6.37786491596489
11.3597979166668,6.37434929078154
11.3601312500001,6.36367220689135
11.3604645833335,6.36093783174874
11.3607979166668,6.36744824875496
11.3611312500002,6.37226595733955
11.3614645833335,6.36796908211545
11.3617979166668,6.35612012316415
11.3621312500002,6.35195345628017
11.3624645833335,6.34882845611719
11.3627979166668,6.34049512234924
11.3631312500002,6.33658887214551
11.3634645833335,6.34231803911098
11.3637979166668,6.3477867893962
11.3641312500002,6.34322949749185
11.3644645833335,6.34127637238998
11.3647979166668,6.34648470599495
11.3651312500002,6.35664095652464
11.3654645833335,6.35559928980365
11.3657979166668,6.34882845611719
11.3661312500002,6.34544303927396
11.3664645833335,6.34804720607645
11.3667979166668,6.35390658138204
11.3671312500002,6.34791699773632
11.3674645833335,6.34322949749185
11.3677979166668,6.34218783077086
11.3681312500002,6.34492220591346
11.3684645833335,6.35182324794005
11.3687979166668,6.35390658138204
11.3691312500002,6.35664095652464
11.3694645833335,6.35273470632092
11.3697979166668,6.35338574802154
11.3701312500002,6.35781283158576
11.3704645833335,6.36080762340862
11.3707979166668,6.36315137353086
11.3711312500002,6.37552116584266
11.3714645833335,6.3940107501403
11.3717979166668,6.40052116714651
11.3721312500002,6.40312533394899
11.3724645833335,6.4069013758126
11.3727979166668,6.42929721031396
11.3731312500002,6.44036491922452
11.3734645833335,6.44518262780912
11.3737979166668,6.44856804465235
11.3741312500002,6.46757846231048
11.3744645833335,6.48333367146552
11.3747979166668,6.49479200539645
11.3751312500002,6.50156283908291
11.3754645833335,6.52018263172067
11.3757979166668,6.54479200800415
11.3761312500002,6.56614617578453
11.3764645833335,6.58684930186428
11.3767979166668,6.6041670111008
11.3771312500002,6.62734409564291
11.3774645833335,6.64544305492018
11.3777979166668,6.66640659768018
11.3781312500002,6.69049514060316
11.3784645833335,6.72096389219223
11.3787979166668,6.74635451851646
11.3791312500002,6.76966181139869
11.3794645833335,6.78450556217285
11.3797979166668,6.80429722987174
11.3801312500002,6.82187535578851
11.3804645833335,6.84440139863
11.3807979166668,6.86718785815174
11.3811312500002,6.89375035953708
11.3814645833335,6.92356806942553
11.3817979166668,6.95520869607572
11.3821312500002,6.98007848903944
11.3824645833335,7.00325557358156
11.3827979166668,7.02317744962056
11.3831312500002,7.04257849229907
11.3834645833335,7.05703161805286
11.3837979166668,7.06666703522205
11.3841312500002,7.07317745222827
11.3844645833335,7.08216182769684
11.3847979166668,7.08828161968268
11.3851312500002,7.09882849523274
11.3854645833335,7.10377641215746
11.3857979166668,7.1045576621982
11.3861312500002,7.09856807855249
11.3864645833335,7.09674516179075
11.3867979166668,7.09335974494752
11.3871312500002,7.08932328640367
11.3874645833335,7.08854203636292
11.3877979166669,7.08046911927522
11.3881312500002,7.07343786890851
11.3884645833335,7.05976599319547
11.3887979166669,7.05143265942752
11.3891312500002,7.04179724225833
11.3894645833335,7.02630244978354
11.3897979166669,7.01406286581187
11.3901312500002,6.99843786499696
11.3904645833335,6.98268265584193
11.3907979166669,6.96471390490478
11.3911312500002,6.94804723736888
11.3914645833335,6.93502640335646
11.3917979166669,6.91796911080019
11.3921312500002,6.89192744277534
11.3924645833335,6.85898473272391
11.3927979166669,6.84218785684789
11.3931312500002,6.83046910623671
11.3934645833335,6.82187535578851
11.3937979166669,6.79622431278403
11.3941312500002,6.78085972864938
11.3944645833335,6.76197951933136
11.3947979166669,6.74062535155099
11.3951312500002,6.70820347486006
11.3954645833335,6.68776076546055
11.3957979166669,6.675651389829
11.3961312500002,6.65911493063322
11.3964645833335,6.63763055451273
11.3967979166669,6.61406284495024
11.3971312500002,6.59804721911496
11.3974645833335,6.58867221862602
11.3977979166669,6.58541701012291
11.3981312500002,6.58437534340192
11.3984645833335,6.57356805117161
11.3987979166669,6.55781284201658
11.3991312500002,6.54817742484738
11.3994645833335,6.54296909124241
11.3997979166669,6.53476596581459
11.4001312500002,6.528906590509
11.4004645833335,6.52473992362502
11.4007979166669,6.52968784054974
11.4011312500002,6.52174513180216
11.4014645833335,6.51367221471446
11.4017979166669,6.507943047749
11.4021312500002,6.51145867293235
11.4024645833335,6.5149742981157
11.4027979166669,6.51080763123173
11.4031312500002,6.50859408944962
11.4034645833335,6.50494825592614
11.4037979166669,6.50625033932738
11.4041312500002,6.50546908928664
11.4044645833335,6.5074222143885
11.4047979166669,6.50612013098726
11.4051312500002,6.50403679754527
11.4054645833335,6.50781283940887
11.4057979166669,6.51002638119098
11.4061312500002,6.51289096467372
11.4064645833335,6.50299513082428
11.4067979166669,6.50156283908291
11.4071312500002,6.50468783924589
11.4074645833335,6.51054721455148
11.4077979166669,6.51510450645583
11.4081312500002,6.51380242305459
11.4084645833335,6.51901075665955
11.4087979166669,6.52721388208738
11.4091312500002,6.53242221569235
11.4094645833335,6.53710971593682
11.4097979166669,6.53684929925657
11.4101312500002,6.54270867456216
11.4104645833335,6.54140659116092
11.4107979166667,6.54270867456216
11.41113125,6.54257846622204
11.4114645833333,6.54908888322825
11.4117979166667,6.54479200800415
11.41213125,6.54466179966403
11.4124645833333,6.54244825788192
11.4127979166667,6.55013054994924
11.41313125,6.55169305003074
11.4134645833333,6.55559930023446
11.4137979166667,6.55807325869682
11.41413125,6.56263055060117
11.4144645833333,6.55950555043819
11.4147979166667,6.55429721683322
11.41513125,6.55169305003074
11.4154645833333,6.55442742517335
11.4157979166667,6.55651075861533
11.41613125,6.55507846687397
11.4164645833333,6.54960971658875
11.4167979166667,6.55195346671098
11.41713125,6.55013054994924
11.4174645833333,6.55195346671098
11.4177979166667,6.54596388306527
11.41813125,6.54661492476589
11.4184645833333,6.54544304970477
11.4187979166667,6.54739617480664
11.41913125,6.54726596646651
11.4194645833333,6.54843784152763
11.4197979166667,6.548828466548
11.42013125,6.54687534144614
11.4204645833333,6.54153679950105
11.4207979166667,6.53854200767819
11.42113125,6.53398471577384
11.4214645833334,6.53541700751521
11.4217979166667,6.52773471544788
11.42213125,6.52213575682254
11.4224645833334,6.51718783989782
11.4227979166667,6.51757846491819
11.42313125,6.52291700686328
11.4234645833334,6.52070346508117
11.4237979166667,6.51276075633359
11.42413125,6.50325554750452
11.4244645833334,6.49348992199521
11.4247979166667,6.48737013000937
11.42513125,6.48281283810502
11.4254645833334,6.48203158806428
11.4257979166667,6.48033887964266
11.42613125,6.48190137972415
11.4264645833334,6.4811201296834
11.4267979166667,6.47760450450005
11.42713125,6.46276075372589
11.4274645833334,6.45065137809434
11.4277979166667,6.44960971137334
11.42813125,6.45716179510055
11.4284645833334,6.46276075372589
11.4287979166667,6.46184929534502
11.42913125,6.45768262846104
11.4294645833334,6.45325554489682
11.4297979166667,6.44817741963198
11.43013125,6.4483076279721
11.4304645833334,6.45677117008017
11.4307979166667,6.46757846231048
11.43113125,6.46809929567098
11.4314645833334,6.45872429518204
11.4317979166667,6.45273471153632
11.43213125,6.45455762829806
11.4324645833334,6.45950554522278
11.4327979166667,6.45885450352216
11.43313125,6.45729200344067
11.4334645833334,6.4606774202839
11.4337979166667,6.46484408716788
11.43413125,6.46640658724937
11.4344645833334,6.47200554587471
11.4347979166667,6.47513054603769
11.43513125,6.47825554620067
11.4354645833334,6.47565137939819
11.4357979166667,6.47617221275868
11.43613125,6.48450554652663
11.4364645833334,6.48658887996862
11.4367979166667,6.49557325543719
11.43713125,6.50468783924589
11.4374645833334,6.5203128400608
11.4377979166667,6.52903679884912
11.43813125,6.53359409075347
11.4384645833334,6.53945346605906
11.4387979166667,6.55208367505111
11.43913125,6.56627638412465
11.4394645833334,6.5740888845321
11.4397979166667,6.57539096793335
11.44013125,6.5794274264772
11.4404645833334,6.5880211769254
11.4407979166667,6.5955732606526
11.44113125,6.59713576073409
11.4414645833334,6.59921909417608
11.4417979166667,6.60260451101931
11.44213125,6.60677117790328
11.4424645833334,6.61588576171198
11.4427979166667,6.62656284560217
11.44313125,6.63528680439049
11.4434645833334,6.64466180487943
11.4437979166667,6.65507847208937
11.44413125,6.66640659768018
11.4444645833334,6.66562534763944
11.4447979166667,6.6718753479654
11.44513125,6.68059930675372
11.4454645833334,6.68932326554204
11.4457979166667,6.68632847371919
11.44613125,6.67890659833211
11.4464645833334,6.68242222351546
11.4467979166667,6.68893264052167
11.44713125,6.68489618197782
11.4474645833334,6.67291701468639
11.4477979166667,6.66132847241534
11.44813125,6.6622399307962
11.4484645833334,6.67122430626478
11.4487979166667,6.67981805671298
11.44913125,6.68958368222229
11.4494645833334,6.6885420155013
11.4497979166667,6.68411493193708
11.45013125,6.67109409792465
11.4504645833334,6.66822951444192
11.4507979166667,6.66718784772093
11.4511312500001,6.66848993112217
11.4514645833334,6.66679722270055
11.4517979166667,6.66601597265981
11.4521312500001,6.66562534763944
11.4524645833334,6.66315138917707
11.4527979166667,6.66132847241534
11.4531312500001,6.65455763872888
11.4534645833334,6.6509118052054
11.4537979166667,6.64583367994055
11.4541312500001,6.64752638836217
11.4544645833334,6.64270867977757
11.4547979166667,6.63710972115223
11.4551312500001,6.63463576268987
11.4554645833334,6.62916701240465
11.4557979166667,6.63098992916639
11.4561312500001,6.62604201224167
11.4564645833334,6.6289065957244
11.4567979166667,6.6246097205003
11.4571312500001,6.63294305426825
11.4574645833334,6.63020867912564
11.4577979166667,6.63515659605037
11.4581312500001,6.62968784576515
11.4584645833334,6.6294274290849
11.4587979166667,6.61927117855521
11.4591312500001,6.61432326163049
11.4594645833334,6.61367221992987
11.4597979166667,6.6132815949095
11.4601312500001,6.61080763644713
11.4604645833334,6.6046878444613
11.4607979166667,6.6036461777403
11.4611312500001,6.60911492802552
11.4614645833334,6.61158888648788
11.4617979166667,6.60885451134527
11.4621312500001,6.60104201093782
11.4624645833334,6.59830763579521
11.4627979166667,6.59947951085633
11.4631312500001,6.59869826081558
11.4634645833334,6.60117221927794
11.4637979166667,6.59778680243471
11.4641312500001,6.5923180521495
11.4644645833334,6.58567742680316
11.4647979166667,6.5826826349803
11.4651312500001,6.58502638510254
11.4654645833334,6.5880211769254
11.4657979166667,6.59088576040813
11.4661312500001,6.58906284364639
11.4664645833334,6.58671909352415
11.4667979166667,6.58033888485807
11.4671312500001,6.58033888485807
11.4674645833334,6.58359409336117
11.4677979166667,6.59309930219024
11.4681312500001,6.59596388567297
11.4684645833334,6.59739617741434
11.4687979166667,6.59700555239397
11.4691312500001,6.59778680243471
11.4694645833334,6.59687534405384
11.4697979166667,6.59622430235322
11.4701312500001,6.59674513571372
11.4704645833334,6.59479201061186
11.4707979166667,6.59635451069335
11.4711312500001,6.59479201061186
11.4714645833334,6.59804721911496
11.4717979166667,6.59856805247546
11.4721312500001,6.60598992786254
11.4724645833334,6.60091180259769
11.4727979166667,6.59895867749583
11.4731312500001,6.59062534372788
11.4734645833334,6.59648471903347
11.4737979166667,6.60338576106005
11.4741312500001,6.61744826179347
11.4744645833334,6.62421909547993
11.4747979166667,6.62487013718055
11.4751312500001,6.62369826211943
11.4754645833334,6.62929722074478
11.4757979166667,6.63489617937012
11.4761312500001,6.63333367928863
11.4764645833334,6.63398472098925
11.4767979166668,6.64166701305658
11.4771312500001,6.6509118052054
11.4774645833334,6.65130243022577
11.4777979166668,6.64583367994055
11.4781312500001,6.64622430496093
11.4784645833334,6.64687534666155
11.4787979166668,6.64843784674304
11.4791312500001,6.64830763840291
11.4794645833334,6.64856805508316
11.4797979166668,6.65559930544987
11.4801312500001,6.65377638868813
11.4804645833334,6.65130243022577
11.4807979166668,6.6460940966208
11.4811312500001,6.65247430528689
11.4814645833334,6.66471388925856
11.4817979166668,6.66888055614254
11.4821312500001,6.6718753479654
11.4824645833334,6.67343784804689
11.4827979166668,6.68502639031794
11.4831312500001,6.69466180748714
11.4834645833334,6.7052086830372
11.4837979166668,6.71510451688664
11.4841312500001,6.72851597591944
11.4844645833334,6.74908889365906
11.4847979166668,6.76367222775298
11.4851312500001,6.7761722284049
11.4854645833334,6.78619827059447
11.4857979166668,6.80546910493285
11.4861312500001,6.82591181433236
11.4864645833334,6.84453160697012
11.4867979166668,6.86783889985236
11.4871312500001,6.90338577670627
11.4874645833334,6.94036494530155
11.4877979166668,6.9755211971351
11.4881312500001,7.01223994905013
11.4884645833334,7.04947953432566
11.4887979166668,7.0964847451105
11.4891312500001,7.14908891452069
11.4894645833334,7.21171912612044
11.4897979166668,7.27135454589734
11.4901312500001,7.33320350745635
11.4904645833334,7.41093788651051
11.4907979166668,7.49557330759126
11.4911312500001,7.57877643693064
11.4914645833334,7.66028685784841
11.4917979166668,7.75455769609835
11.4921312500001,7.86523478520394
11.4924645833334,7.97148479074531
11.4927979166668,8.07799521296693
11.4931312500001,8.18385459348792
11.4934645833334,8.30612022486457
11.4937979166668,8.42604210611898
11.4941312500001,8.54140669546905
11.4944645833334,8.64166711736471
11.4947979166668,8.74609420614434
11.4951312500001,8.85924525371229
11.4954645833334,8.98424526023155
11.4957979166668,9.11731818383851
11.4961312500001,9.24843798234361
11.4964645833334,9.39375048992224
11.4967979166668,9.53632862235827
11.4971312500001,9.68046925487579
11.4974645833334,9.8132817618025
11.4977979166668,9.93724010160077
11.4981312500001,10.0640630248818
11.4984645833334,10.1828130310751
11.4987979166668,10.2852869947528
11.4991312500001,10.3634119988274
11.4994645833334,10.4333338774741
11.4997979166668,10.5123703399295
11.5001312500001,10.5912765940448
11.5004645833334,10.658594305889
11.5007979166668,10.7151047255029
11.5011312500001,10.7651047281106
11.5014645833334,10.8076828553312
11.5017979166668,10.8363286901586
11.5021312500001,10.844141190566
11.5024645833334,10.8250005645677
11.5027979166668,10.7731776451983
11.5031312500001,10.7069016000751
11.5034645833335,10.6227870123548
11.5037979166668,10.5292974241456
11.5041312500001,10.4246099186857
11.5044645833335,10.3307297054562
11.5047979166668,10.2484380344977
11.5051312500001,10.1572921964107
11.5054645833335,10.0627609414805
11.5057979166668,9.95416718581692
11.5061312500001,9.85299530554039
11.5064645833335,9.74479217489716
11.5067979166668,9.64036508611753
11.5071312500001,9.52526091344771
11.5074645833335,9.40325569875131
11.5077979166668,9.27630256713019
11.5081312500001,9.13815151825838
11.5084645833335,8.99192755229888
11.5087979166668,8.85742233695055
11.5091312500001,8.74140670589986
11.5094645833335,8.63906295056222
11.5097979166668,8.51705773586582
11.5101312500001,8.39101606262557
11.5104645833335,8.26315147262358
11.5107979166668,8.15625042538159
11.5111312500001,8.04987021150009
11.5114645833335,7.93880249737413
11.5117979166668,7.83489624195499
11.5121312500001,7.74987019585387
11.5124645833335,7.67903685882629
11.5127979166668,7.60429727159499
11.5131312500001,7.52148476727598
11.5134645833335,7.44609413834405
11.5137979166668,7.37721392641834
11.5141312500001,7.31562538153958
11.5144645833335,7.25807329520467
11.5147979166668,7.20338579235249
11.5151312500001,7.15052120626206
11.5154645833335,7.10612016227969
11.5157979166668,7.06731807692268
11.5161312500001,7.02890661658603
11.5164645833335,6.98619828102528
11.5167979166668,6.94570348724665
11.5171312500001,6.91054723541311
11.5174645833335,6.88632848415
11.5177979166668,6.86132848284615
11.5181312500001,6.84166702348739
11.5184645833335,6.82382848089037
11.5187979166668,6.80781285505509
11.5191312500001,6.78802118735621
11.5194645833335,6.76158889431099
11.5197979166668,6.75065139374055
11.5201312500001,6.74505243511521
11.5204645833335,6.74270868499298
11.5207979166668,6.72942743430031
11.5211312500001,6.7256513924367
11.5214645833335,6.72031285049161
11.5217979166668,6.71145868336316
11.5221312500001,6.69049514060316
11.5224645833335,6.68216180683521
11.5227979166668,6.67760451493086
11.5231312500001,6.67916701501235
11.5234645833335,6.66614618099993
11.5237979166668,6.65664097217086
11.5241312500001,6.65130243022577
11.5244645833335,6.6541670137085
11.5247979166668,6.65078159686527
11.5251312500001,6.64192742973683
11.5254645833335,6.63398472098925
11.5257979166668,6.63710972115223
11.5261312500001,6.63776076285285
11.5264645833335,6.63515659605037
11.5267979166668,6.62825555402378
11.5271312500001,6.62617222058179
11.5274645833335,6.62695347062254
11.5277979166668,6.62500034552068
11.5281312500001,6.62148472033732
11.5284645833335,6.61888055353484
11.5287979166668,6.61953159523546
11.5291312500001,6.62447951216018
11.5294645833335,6.62708367896266
11.5297979166668,6.6289065957244
11.5301312500001,6.63177117920714
11.5304645833335,6.63333367928863
11.5307979166668,6.63502638771024
11.5311312500001,6.63502638771024
11.5314645833335,6.64518263823993
11.5317979166668,6.64921909678378
11.5321312500002,6.65286493030726
11.5324645833335,6.64934930512391
11.5327979166668,6.65612013881037
11.5331312500002,6.65820347225235
11.5334645833335,6.66158888909558
11.5337979166668,6.66158888909558
11.5341312500002,6.66862013946229
11.5344645833335,6.67226597298577
11.5347979166668,6.67916701501235
11.5351312500002,6.68216180683521
11.5354645833335,6.68828159882105
11.5357979166668,6.6875003487803
11.5361312500002,6.68776076546055
11.5364645833335,6.68671909873956
11.5367979166668,6.68489618197782
11.5371312500002,6.68593784869881
11.5374645833335,6.68580764035869
11.5377979166668,6.68658889039944
11.5381312500002,6.68619826537906
11.5384645833335,6.69166701566428
11.5387979166668,6.69648472424888
11.5391312500002,6.69817743267049
11.5394645833335,6.69726597428962
11.5397979166668,6.70442743299645
11.5401312500002,6.71484410020639
11.5404645833335,6.72526076741633
11.5407979166668,6.72578160077683
11.5411312500002,6.73085972604167
11.5414645833335,6.73541701794602
11.5417979166668,6.73841180976888
11.5421312500002,6.73776076806826
11.5424645833335,6.73867222644913
11.5427979166668,6.75208368548192
11.5431312500002,6.7552086856449
11.5434645833335,6.75455764394428
11.5437979166668,6.75052118540043
11.5441312500002,6.75781285244739
11.5444645833335,6.76510451949434
11.5447979166668,6.7718753531808
11.5451312500002,6.77565139504441
11.5454645833335,6.78815139569633
11.5457979166668,6.79934931294702
11.5461312500002,6.81757848056441
11.5464645833335,6.83059931457683
11.5467979166668,6.84023473174602
11.5471312500002,6.84843785717385
11.5474645833335,6.85130244065658
11.5477979166668,6.86796910819248
11.5481312500002,6.8815107755654
11.5484645833335,6.90195348496491
11.5487979166668,6.90273473500565
11.5491312500002,6.90182327662478
11.5494645833335,6.90794306861062
11.5497979166668,6.91914098586131
11.5501312500002,6.94362015380466
11.5504645833335,6.95898473793932
11.5507979166668,6.98177119746106
11.5511312500002,6.98606807268516
11.5514645833335,6.992187864671
11.5517979166668,6.99765661495621
11.5521312500002,7.00859411552665
11.5524645833335,7.01796911601559
11.5527979166668,7.0250003663823
11.5531312500002,7.02786494986504
11.5534645833335,7.03242224176938
11.5537979166668,7.03072953334777
11.5541312500002,7.03242224176938
11.5544645833335,7.0292972416064
11.5547979166668,7.03112015836814
11.5551312500002,7.03307328347
11.5554645833335,7.03515661691199
11.5557979166668,7.03567745027249
11.5561312500002,7.03398474185087
11.5564645833335,7.03398474185087
11.5567979166668,7.03854203375522
11.5571312500002,7.04427120072069
11.5574645833335,7.03645870031323
11.5577979166668,7.02148474119895
11.5581312500002,7.0045576569828
11.5584645833335,7.0002607817587
11.5587979166669,6.99179723965062
11.5591312500002,6.98138057244069
11.5594645833335,6.97604203049559
11.5597979166669,6.96783890506777
11.5601312500002,6.95989619632019
11.5604645833335,6.94231807040342
11.5607979166669,6.93294306991447
11.5611312500002,6.9207034859428
11.5614645833335,6.91328161055572
11.5617979166669,6.90703161022975
11.5621312500002,6.90507848512789
11.5624645833335,6.8949222345982
11.5627979166669,6.8815107755654
11.5631312500002,6.86705764981161
11.5634645833335,6.86237014956714
11.5637979166669,6.85585973256093
11.5641312500002,6.84804723215348
11.5644645833335,6.83841181498428
11.5647979166669,6.83281285635894
11.5651312500002,6.8277347310941
11.5654645833335,6.81575556380267
11.5657979166669,6.80976598015695
11.5661312500002,6.80716181335447
11.5664645833335,6.81289098031994
11.5667979166669,6.81237014695944
11.5671312500002,6.81523473044217
11.5674645833335,6.80807327173534
11.5677979166669,6.80169306306925
11.5681312500002,6.78945347909758
11.5684645833335,6.78828160403646
11.5687979166669,6.79192743755994
11.5691312500002,6.7938805626618
11.5694645833335,6.7890628540772
11.5697979166669,6.78841181237658
11.5701312500002,6.78984410411795
11.5704645833335,6.78984410411795
11.5707979166669,6.78789097901608
11.5711312500002,6.78320347877161
11.5714645833335,6.7809899369895
11.5717979166669,6.77473993666354
11.5721312500002,6.77903681188764
11.5724645833335,6.78242222873087
11.5727979166669,6.78841181237658
11.5731312500002,6.78567743723397
11.5734645833335,6.78697952063521
11.5737979166669,6.78398472881236
11.5741312500002,6.7895836874377
11.5744645833335,6.78971389577782
11.5747979166669,6.79114618751919
11.5751312500002,6.7847659788531
11.5754645833335,6.78450556217285
11.5757979166669,6.78632847893459
11.5761312500002,6.79309931262105
11.5764645833335,6.79934931294702
11.5767979166669,6.80833368841559
11.5771312500002,6.80833368841559
11.5774645833335,6.80442743821186
11.5777979166669,6.79348993764143
11.5781312500002,6.79023472913832
11.5784645833335,6.79414097934205
11.5787979166669,6.79908889626677
11.5791312500002,6.8067711883341
11.5794645833335,6.80169306306925
11.5797979166669,6.80104202136863
11.5801312500002,6.79375035432167
11.5804645833335,6.79804722954577
11.5807979166669,6.8019534797495
11.5811312500002,6.80794306339521
11.5814645833333,6.80937535513658
11.5817979166667,6.81237014695944
11.58213125,6.80833368841559
11.5824645833333,6.80638056331372
11.5827979166667,6.80768264671497
11.58313125,6.82070348072739
11.5834645833333,6.83268264801882
11.5837979166667,6.83216181465832
11.58413125,6.82916702283546
11.5844645833333,6.82916702283546
11.5847979166667,6.83515660648118
11.58513125,6.84739619045286
11.5854645833333,6.85976598276466
11.5857979166667,6.87005244163447
11.58613125,6.8734378584777
11.5864645833333,6.87786494204193
11.5867979166667,6.88541702576913
11.58713125,6.89127640107472
11.5874645833333,6.8986982764618
11.5877979166667,6.91028681873286
11.58813125,6.9244795278064
11.5884645833333,6.93997432028118
11.5887979166667,6.95572952943621
11.58913125,6.97252640531224
11.5894645833333,6.98476598928392
11.5897979166667,6.99531286483398
11.59013125,7.00872432386677
11.5904645833333,7.0255211997428
11.5907979166667,7.04583370080218
11.59113125,7.06393266007945
11.5914645833333,7.08372432777833
11.5917979166667,7.0964847451105
11.59213125,7.11250037094578
11.5924645833334,7.12421912155696
11.5927979166667,7.13789099727001
11.59313125,7.14127641411324
11.5934645833334,7.15156287298305
11.5937979166667,7.1727868324233
11.59413125,7.20546912579448
11.5944645833334,7.22929725203721
11.5947979166667,7.24309933609038
11.59513125,7.25156287819846
11.5954645833334,7.27044308751647
11.5957979166667,7.29062538023573
11.59613125,7.31536496485933
11.5964645833334,7.33033892397361
11.5967979166667,7.34492225806753
11.59713125,7.35403684187622
11.5974645833334,7.36237017564417
11.5977979166667,7.36562538414728
11.59813125,7.36523475912691
11.5984645833334,7.36875038431026
11.5987979166667,7.37187538447324
11.59913125,7.3791670515202
11.5994645833334,7.38203163500293
11.5997979166667,7.38333371840418
11.60013125,7.3958337190561
11.6004645833334,7.40403684448393
11.6007979166667,7.40859413638828
11.60113125,7.40299517776293
11.6014645833334,7.40221392772219
11.6017979166667,7.41119830319076
11.60213125,7.41757851185685
11.6024645833334,7.41940142861859
11.6027979166667,7.41718788683647
11.60313125,7.41367226165312
11.6034645833334,7.42200559542107
11.6037979166667,7.42734413736616
11.60413125,7.43385455437238
11.6044645833334,7.43906288797734
11.6047979166667,7.44101601307921
11.60513125,7.44244830482057
11.6054645833334,7.43333372101188
11.6057979166667,7.4382816379366
11.60613125,7.45429726377188
11.6064645833334,7.47291705640964
11.6067979166667,7.48007851511648
11.60713125,7.47799518167449
11.6074645833334,7.48619830710231
11.6077979166667,7.50703164152219
11.60813125,7.52278685067722
11.6084645833334,7.53372435124766
11.6087979166667,7.53255247618654
11.60913125,7.5345056012884
11.6094645833334,7.53007851772418
11.6097979166667,7.53255247618654
11.61013125,7.53320351788716
11.6104645833334,7.54036497659399
11.6107979166667,7.54674518526008
11.61113125,7.55429726898729
11.6114645833334,7.55325560226629
11.6117979166667,7.55195351886505
11.61213125,7.55208372720517
11.6124645833334,7.55260456056567
11.6127979166667,7.54648476857983
11.61313125,7.54036497659399
11.6134645833334,7.54179726833536
11.6137979166667,7.539323309873
11.61413125,7.53098997610505
11.6144645833334,7.50794309990306
11.6147979166667,7.49296914078877
11.61513125,7.48437539034057
11.6154645833334,7.47578163989238
11.6157979166667,7.45820351397561
11.61613125,7.44179726311995
11.6164645833334,7.43411497105262
11.6167979166667,7.43098997088964
11.61713125,7.41067746983026
11.6174645833334,7.38919309370977
11.6177979166667,7.37200559281337
11.61813125,7.36653684252815
11.6184645833334,7.35494830025709
11.6187979166667,7.34375038300641
11.6191312500001,7.32604204874952
11.6194645833334,7.3200524651038
11.6197979166667,7.30234413084691
11.6201312500001,7.29453163043945
11.6204645833334,7.27916704630479
11.6207979166667,7.26875037909486
11.6211312500001,7.25468787836144
11.6214645833334,7.23906287754653
11.6217979166667,7.22513058515324
11.6221312500001,7.21237016782106
11.6224645833334,7.19687537534628
11.6227979166667,7.18333370797336
11.6231312500001,7.1733076657838
11.6234645833334,7.1722659990628
11.6237979166667,7.17213579072268
11.6241312500001,7.16666704043746
11.6244645833334,7.15390662310529
11.6247979166667,7.13528683046752
11.6251312500001,7.11237016260566
11.6254645833334,7.10390662049758
11.6257979166667,7.09947953693336
11.6261312500001,7.09583370340988
11.6264645833334,7.08684932794131
11.6267979166667,7.07760453579249
11.6271312500001,7.07994828591473
11.6274645833334,7.07916703587398
11.6277979166667,7.08112016097584
11.6281312500001,7.07994828591473
11.6284645833334,7.07213578550727
11.6287979166667,7.06223995165783
11.6291312500001,7.04791703424417
11.6294645833334,7.04348995067994
11.6297979166667,7.03828161707497
11.6301312500001,7.03580765861261
11.6304645833334,7.03684932533361
11.6307979166667,7.04427120072069
11.6311312500001,7.04895870096516
11.6314645833334,7.04388057570032
11.6317979166667,7.03502640857187
11.6321312500001,7.03554724193236
11.6324645833334,7.04296911731944
11.6327979166667,7.04791703424417
11.6331312500001,7.0464847425028
11.6334645833334,7.05039099270653
11.6337979166667,7.06158890995721
11.6341312500001,7.07005245206528
11.6344645833334,7.07265661886777
11.6347979166667,7.07890661919373
11.6351312500001,7.09192745320615
11.6354645833334,7.10143266203522
11.6357979166667,7.10716182900069
11.6361312500001,7.11106807920442
11.6364645833334,7.11770870455075
11.6367979166667,7.12643266333907
11.6371312500001,7.13450558042678
11.6374645833334,7.13958370569162
11.6377979166667,7.13867224731075
11.6381312500001,7.14010453905212
11.6384645833334,7.15143266464293
11.6387979166667,7.16341183193435
11.6391312500001,7.17356808246405
11.6394645833334,7.1727868324233
11.6397979166667,7.17304724910355
11.6401312500001,7.1690107905597
11.6404645833334,7.16393266529485
11.6407979166667,7.16223995687324
11.6411312500001,7.16653683209734
11.6414645833334,7.17057329064119
11.6417979166667,7.16679724877758
11.6421312500001,7.15768266496889
11.6424645833334,7.15299516472442
11.6427979166667,7.14934933120094
11.6431312500001,7.1437503725756
11.6434645833334,7.14101599743299
11.6437979166667,7.13528683046752
11.6441312500001,7.13229203864466
11.6444645833334,7.1227868298156
11.6447979166667,7.10690141232044
11.6451312500001,7.09283891158702
11.6454645833334,7.08098995263572
11.6457979166668,7.08125036931597
11.6461312500001,7.07395870226901
11.6464645833334,7.05768265975348
11.6467979166668,7.03567745027249
11.6471312500001,7.02057328281808
11.6474645833334,7.01510453253286
11.6477979166668,7.0088545322069
11.6481312500001,6.99466182313336
11.6484645833334,6.97487015543447
11.6487979166668,6.96497432158503
11.6491312500001,6.96458369656466
11.6494645833334,6.96432327988441
11.6497979166668,6.95195348757261
11.6501312500001,6.92539098618727
11.6504645833334,6.90833369363099
11.6507979166668,6.89765660974081
11.6511312500001,6.89348994285683
11.6514645833334,6.87955765046354
11.6517979166668,6.85924514940416
11.6521312500001,6.84609410705161
11.6524645833334,6.83737014826329
11.6527979166668,6.83515660648118
11.6531312500001,6.82591181433236
11.6534645833334,6.81627639716317
11.6537979166668,6.80651077165385
11.6541312500001,6.79557327108341
11.6544645833334,6.78437535383273
11.6547979166668,6.77044306143944
11.6551312500001,6.7686201446777
11.6554645833334,6.76588576953509
11.6557979166668,6.76666701957584
11.6561312500001,6.76510451949434
11.6564645833334,6.75859410248813
11.6567979166668,6.75416701892391
11.6571312500001,6.74635451851646
11.6574645833334,6.74544306013559
11.6577979166668,6.74036493487074
11.6581312500001,6.73346389284416
11.6584645833334,6.7266930591577
11.6587979166668,6.72851597591944
11.6591312500001,6.72682326749782
11.6594645833334,6.72226597559347
11.6597979166668,6.7170576419885
11.6601312500001,6.72109410053236
11.6604645833334,6.72005243381136
11.6607979166668,6.72018264215149
11.6611312500001,6.71601597526751
11.6614645833334,6.72395868401509
11.6617979166668,6.72773472587869
11.6621312500001,6.72786493421881
11.6624645833334,6.7223961839336
11.6627979166668,6.71979201713111
11.6631312500001,6.72838576757931
11.6634645833334,6.73606805964664
11.6637979166668,6.73984410151024
11.6641312500001,6.73177118442254
11.6644645833334,6.72695347583795
11.6647979166668,6.72864618425956
11.6651312500001,6.73411493454478
11.6654645833334,6.74088576823124
11.6657979166668,6.74570347681583
11.6661312500001,6.74817743527819
11.6664645833334,6.75026076872018
11.6667979166668,6.74114618491149
11.6671312500001,6.73893264312937
11.6674645833334,6.74322951835347
11.6677979166668,6.75234410216217
11.6681312500001,6.75533889398503
11.6684645833334,6.75104201876093
11.6687979166668,6.75364618556341
11.6691312500001,6.7562503523659
11.6694645833334,6.75768264410726
11.6697979166668,6.74947951867944
11.6701312500001,6.7433597266936
11.6704645833334,6.73932326814975
11.6707979166668,6.74036493487074
11.6711312500001,6.7433597266936
11.6714645833334,6.74088576823124
11.6717979166668,6.74114618491149
11.6721312500001,6.74140660159174
11.6724645833334,6.74544306013559
11.6727979166668,6.74531285179546
11.6731312500001,6.74362014337385
11.6734645833334,6.74296910167323
11.6737979166668,6.74270868499298
11.6741312500001,6.74635451851646
11.6744645833335,6.74908889365906
11.6747979166668,6.75468785228441
11.6751312500001,6.75755243576714
11.6754645833335,6.75507847730478
11.6757979166668,6.74544306013559
11.6761312500001,6.74244826831273
11.6764645833335,6.74153680993186
11.6767979166668,6.73671910134726
11.6771312500001,6.72552118409658
11.6774645833335,6.72200555891322
11.6777979166668,6.72395868401509
11.6781312500001,6.7261722257972
11.6784645833335,6.72226597559347
11.6787979166668,6.71627639194776
11.6791312500001,6.71237014174403
11.6794645833335,6.71080764166254
11.6797979166668,6.71744826700888
11.6801312500001,6.71640660028788
11.6804645833335,6.71562535024714
11.6807979166668,6.71914097543049
11.6811312500001,6.72656285081757
11.6814645833335,6.72395868401509
11.6817979166668,6.71679722530826
11.6821312500001,6.71028680830204
11.6824645833335,6.71679722530826
11.6827979166668,6.7180993087095
11.6831312500001,6.71250035008416
11.6834645833335,6.71080764166254
11.6837979166668,6.71731805866875
11.6841312500001,6.72851597591944
11.6844645833335,6.72513055907621
11.6847979166668,6.71601597526751
11.6851312500001,6.71575555858726
11.6854645833335,6.72148472555273
11.6857979166668,6.72968785098055
11.6861312500001,6.72864618425956
11.6864645833335,6.73463576790528
11.6867979166668,6.74010451819049
11.6871312500001,6.74479201843496
11.6874645833335,6.7423180599726
11.6877979166668,6.73763055972813
11.6881312500001,6.74244826831273
11.6884645833335,6.75403681058378
11.6887979166668,6.75924514418875
11.6891312500001,6.75820347746776
11.6894645833335,6.74791701859795
11.6897979166668,6.74557326847571
11.6901312500001,6.74166701827198
11.6904645833335,6.73867222644913
11.6907979166668,6.73606805964664
11.6911312500001,6.73489618458552
11.6914645833335,6.73658889300714
11.6917979166668,6.73841180976888
11.6921312500001,6.73880243478925
11.6924645833335,6.73684930968739
11.6927979166668,6.7304691010213
11.6931312500001,6.73164097608242
11.6934645833335,6.73255243446329
11.6937979166668,6.73450555956515
11.6941312500001,6.72786493421881
11.6944645833335,6.7229170172941
11.6947979166668,6.72786493421881
11.6951312500001,6.72864618425956
11.6954645833335,6.72695347583795
11.6957979166668,6.71510451688664
11.6961312500001,6.71197951672366
11.6964645833335,6.71080764166254
11.6967979166668,6.71341180846503
11.6971312500001,6.71223993340391
11.6974645833335,6.70729201647919
11.6977979166668,6.70638055809832
11.6981312500001,6.70963576660142
11.6984645833335,6.7143232668459
11.6987979166668,6.70755243315944
11.6991312500001,6.70377639129583
11.6994645833335,6.70130243283347
11.6997979166668,6.70546909971745
11.7001312500001,6.70781284983968
11.7004645833335,6.70625034975819
11.7007979166668,6.70182326619397
11.7011312500002,6.69296909906552
11.7014645833335,6.69140659898403
11.7017979166668,6.69192743234453
11.7021312500002,6.69401076578652
11.7024645833335,6.68958368222229
11.7027979166668,6.68190139015496
11.7031312500002,6.67005243120366
11.7034645833335,6.66302118083695
11.7037979166668,6.65429722204863
11.7041312500002,6.64791701338254
11.7044645833335,6.64531284658005
11.7047979166668,6.65742222221161
11.7051312500002,6.67356805638701
11.7054645833335,6.67643263986975
11.7057979166668,6.66796909776167
11.7061312500002,6.66119826407521
11.7064645833335,6.66158888909558
11.7067979166668,6.6589847222931
11.7071312500002,6.64856805508316
11.7074645833335,6.64622430496093
11.7077979166668,6.64973993014428
11.7081312500002,6.65664097217086
11.7084645833335,6.65494826374925
11.7087979166668,6.65403680536838
11.7091312500002,6.6509118052054
11.7094645833335,6.64596388828068
11.7097979166668,6.6342451376695
11.7101312500002,6.62838576236391
11.7104645833335,6.62760451232316
11.7107979166668,6.62734409564291
11.7111312500002,6.62669305394229
11.7114645833335,6.62187534535769
11.7117979166668,6.61822951183422
11.7121312500002,6.61302117822925
11.7124645833335,6.61796909515397
11.7127979166668,6.62239617871819
11.7131312500002,6.62604201224167
11.7134645833335,6.62786492900341
11.7137979166668,6.62617222058179
11.7141312500002,6.6213545119972
11.7144645833335,6.61145867814776
11.7147979166668,6.60963576138602
11.7151312500002,6.6170576367731
11.7154645833335,6.61692742843297
11.7157979166668,6.61132846980763
11.7161312500002,6.59973992753658
11.7164645833335,6.60234409433906
11.7167979166668,6.61015659474651
11.7171312500002,6.60937534470577
11.7174645833335,6.60234409433906
11.7177979166668,6.59270867716987
11.7181312500002,6.58763055190502
11.7184645833335,6.58541701012291
11.7187979166668,6.58645867684391
11.7191312500002,6.59218784380937
11.7194645833335,6.59205763546925
11.7197979166668,6.59010451036738
11.7201312500002,6.58437534340192
11.7204645833335,6.58476596842229
11.7207979166668,6.57955763481732
11.7211312500002,6.57018263432838
11.7214645833335,6.56328159230179
11.7217979166668,6.56966180096788
11.7221312500002,6.58112013489881
11.7224645833335,6.5875003435649
11.7227979166668,6.5826826349803
11.7231312500002,6.58359409336117
11.7234645833335,6.58359409336117
11.7237979166668,6.58072950987844
11.7241312500002,6.57916700979695
11.7244645833335,6.57825555141608
11.7247979166668,6.58763055190502
11.7251312500002,6.5869795102044
11.7254645833335,6.57877638477657
11.7257979166668,6.56809930088639
11.7261312500002,6.56796909254626
11.7264645833335,6.56966180096788
11.7267979166668,6.57291700947098
11.7271312500002,6.56835971756664
11.7274645833335,6.57265659279074
11.7277979166668,6.57786492639571
11.7281312500002,6.57799513473583
11.7284645833335,6.57877638477657
11.7287979166668,6.57487013457285
11.7291312500002,6.58203159327968
11.7294645833335,6.5789065931167
11.7297979166669,6.58242221830005
11.7301312500002,6.58020867651794
11.7304645833335,6.58554721846304
11.7307979166669,6.5832034683408
11.7311312500002,6.58893263530627
11.7314645833335,6.58932326032664
11.7317979166669,6.60065138591745
11.7321312500002,6.60234409433906
11.7324645833335,6.60429721944092
11.7327979166669,6.60299513603968
11.7331312500002,6.60247430267919
11.7334645833335,6.60885451134527
11.7337979166669,6.6122399281885
11.7341312500002,6.62187534535769
11.7344645833335,6.6294274290849
11.7347979166669,6.63333367928863
11.7351312500002,6.63906284625409
11.7354645833335,6.64049513799546
11.7357979166669,6.63815138787322
11.7361312500002,6.63255242924788
11.7364645833335,6.63164097086701
11.7367979166669,6.63906284625409
11.7371312500002,6.63632847111148
11.7374645833335,6.63697951281211
11.7377979166669,6.63476597102999
11.7381312500002,6.64023472131521
11.7384645833335,6.63619826277136
11.7387979166669,6.6294274290849
11.7391312500002,6.62903680406453
11.7394645833335,6.63815138787322
11.7397979166669,6.64596388828068
11.7401312500002,6.64296909645782
11.7404645833335,6.64062534633558
11.7407979166669,6.64192742973683
11.7411312500002,6.65078159686527
11.7414645833335,6.64973993014428
11.7417979166669,6.64726597168192
11.7421312500002,6.63632847111148
11.7424645833335,6.64049513799546
11.7427979166669,6.64036492965534
11.7431312500002,6.64804722172266
11.7434645833335,6.64362013815844
11.7437979166669,6.64921909678378
11.7441312500002,6.64752638836217
11.7444645833335,6.64140659637633
11.7447979166669,6.63020867912564
11.7451312500002,6.62799513734353
11.7454645833335,6.63294305426825
11.7457979166669,6.63242222090776
11.7461312500002,6.62968784576515
11.7464645833335,6.62369826211943
11.7467979166669,6.62395867879968
11.7471312500002,6.62304722041881
11.7474645833335,6.63203159588738
11.7477979166669,6.63281284592813
11.7481312500002,6.62604201224167
11.7484645833335,6.6170576367731
11.7487979166669,6.61770867847372
11.7491312500002,6.63177117920714
11.7494645833335,6.64036492965534
11.7497979166669,6.65585972213012
11.7501312500002,6.66197951411596
11.7504645833335,6.67552118148888
11.7507979166669,6.67825555663149
11.7511312500002,6.68645868205931
11.7514645833335,6.69362014076614
11.7517979166669,6.70625034975819
11.75213125,6.72369826733484
11.7524645833333,6.73437535122503
11.7527979166667,6.74882847697882
11.75313125,6.7675784779567
11.7534645833333,6.80026077132789
11.7537979166667,6.83112014793733
11.75413125,6.86757848317211
11.7544645833333,6.90026077654329
11.7547979166667,6.94023473696143
11.75513125,6.97838578061783
11.7554645833333,7.02643265812367
11.7557979166667,7.08854203636292
11.75613125,7.1641930819751
11.7564645833333,7.25039100313734
11.7567979166667,7.33854204940144
11.75713125,7.4302087208489
11.7574645833333,7.52487018411921
11.7577979166667,7.6312503980007
11.75813125,7.74596394565015
11.7584645833333,7.88203166107996
11.7587979166667,8.02552125189686
11.75913125,8.16979209275451
11.7594645833333,8.32500043418258
11.7597979166667,8.49283898460271
11.76013125,8.68489628628595
11.7604645833333,8.88007858813217
11.7607979166667,9.09856818286062
11.76113125,9.31979215273168
11.7614645833333,9.56093799864175
11.7617979166667,9.80651092811604
11.76213125,10.0630213581608
11.7624645833333,10.3201828299061
11.7627979166667,10.5856776354194
11.76313125,10.8688807751896
11.7634645833333,11.1492193314771
11.7637979166667,11.4388026799134
11.76413125,11.7348964453558
11.7644645833334,12.0447922948515
11.7647979166667,12.3641933531762
11.76513125,12.6861985783034
11.7654645833334,13.0256517210073
11.7657979166667,13.3626309052488
11.76613125,13.7098965483601
11.7664645833334,14.0725267756061
11.7667979166667,14.4609382541967
11.76713125,14.8455736909236
11.7674645833334,15.2121101683733
11.7677979166667,15.5520841444377
11.76813125,15.8692716609803
11.7684645833334,16.1566414676345
11.7687979166667,16.422396689828
11.76913125,16.6691414943634
11.7694645833334,16.8914071309555
11.7697979166667,17.0761727655918
11.77013125,17.2225269398914
11.7704645833334,17.3513029882743
11.7707979166667,17.4428394513816
11.77113125,17.4992196626554
11.7714645833334,17.4904957038671
11.7717979166667,17.4231779920228
11.77213125,17.3177092365222
11.7724645833334,17.1942717300844
11.7727979166667,17.075391515551
11.77313125,16.9595060928405
11.7734645833334,16.8282560859952
11.7737979166667,16.6743498279684
11.77413125,16.5000008605421
11.7744645833334,16.3078133505187
11.7747979166667,16.1143237570941
11.77513125,15.9061206212355
11.7754645833334,15.69075602667
11.7757979166667,15.4410164303117
11.77613125,15.1839851669065
11.7764645833334,14.9089851525641
11.7767979166667,14.6350268049428
11.77713125,14.3429694980441
11.7774645833334,14.0476569826424
11.7777979166667,13.7505215504789
11.77813125,13.4432298677857
11.7784645833334,13.1235683927807
11.7787979166667,12.7868496252195
11.77913125,12.4630214833305
11.7794645833334,12.1351568828977
11.7797979166667,11.8108079076483
11.78013125,11.476172473529
11.7804645833334,11.1535162067012
11.7807979166667,10.8345057733968
11.78113125,10.5246099239012
11.7814645833334,10.2420578258316
11.7817979166667,9.97682343699853
11.78213125,9.73919321627182
11.7824645833334,9.50429737068771
11.7827979166667,9.28515673425864
11.78313125,9.08033901524323
11.7834645833334,8.89687546400819
11.7837979166667,8.72669316346583
11.78413125,8.56471398835129
11.7844645833334,8.41171918870532
11.7847979166667,8.27825564007799
11.78513125,8.14960980003525
11.7854645833334,8.02708375197835
11.7857979166667,7.90833374578506
11.78613125,7.80729207384866
11.7864645833334,7.72304727778828
11.7867979166667,7.64283894027176
11.78713125,7.56523476955772
11.7874645833334,7.48268268191896
11.7877979166667,7.41588580343523
11.78813125,7.35195350843424
11.7884645833334,7.30442746428889
11.7887979166667,7.25742225350405
11.78913125,7.21888058482728
11.7894645833334,7.1889326665987
11.7897979166667,7.16393266529485
11.79013125,7.13593787216814
11.7904645833334,7.09609412009013
11.7907979166667,7.06106807659671
11.79113125,7.03645870031323
11.7914645833334,7.01471390751249
11.7917979166667,6.99843786499696
11.7921312500001,6.97799515559746
11.7924645833334,6.9750003637746
11.7927979166667,6.96510452992516
11.7931312500001,6.95989619632019
11.7934645833334,6.94010452862131
11.7937979166667,6.92109411096317
11.7941312500001,6.90755244359025
11.7944645833334,6.9024743183254
11.7947979166667,6.89362015119696
11.7951312500001,6.88138056722528
11.7954645833334,6.86705764981161
11.7957979166667,6.86992223329435
11.7961312500001,6.86184931620665
11.7964645833334,6.85039098227571
11.7967979166667,6.83658889822254
11.7971312500001,6.83007848121633
11.7974645833334,6.83437535644043
11.7977979166667,6.82825556445459
11.7981312500001,6.8272138977336
11.7984645833334,6.81653681384341
11.7987979166667,6.81835973060515
11.7991312500001,6.82187535578851
11.7994645833334,6.82369827255025
11.7997979166667,6.81731806388416
11.8001312500001,6.80742223003472
11.8004645833334,6.80221389642975
11.8007979166667,6.80507847991248
11.8011312500001,6.80312535481062
11.8014645833334,6.79700556282478
11.8017979166667,6.78815139569633
11.8021312500001,6.7890628540772
11.8024645833334,6.78984410411795
11.8027979166667,6.78750035399571
11.8031312500001,6.78346389545186
11.8034645833334,6.7809899369895
11.8037979166667,6.78216181205062
11.8041312500001,6.77890660354751
11.8044645833334,6.78281285375124
11.8047979166667,6.78164097869012
11.8051312500001,6.77812535350677
11.8054645833334,6.76770868629683
11.8057979166667,6.76835972799745
11.8061312500001,6.77148472816043
11.8064645833334,6.77044306143944
11.8067979166667,6.75833368580788
11.8071312500001,6.75377639390354
11.8074645833334,6.74609410183621
11.8077979166667,6.74401076839422
11.8081312500001,6.74075555989111
11.8084645833334,6.74101597657136
11.8087979166667,6.73958368483
11.8091312500001,6.73776076806826
11.8094645833334,6.7438805600541
11.8097979166667,6.74635451851646
11.8101312500001,6.7390628514695
11.8104645833334,6.73359410118428
11.8107979166667,6.73632847632689
11.8111312500001,6.74075555989111
11.8114645833334,6.74505243511521
11.8117979166667,6.73893264312937
11.8121312500001,6.73567743462627
11.8124645833334,6.73307326782378
11.8127979166667,6.73619826798677
11.8131312500001,6.72812535089906
11.8134645833334,6.72552118409658
11.8137979166667,6.72825555923919
11.8141312500001,6.73333368450403
11.8144645833334,6.73085972604167
11.8147979166667,6.72434930903546
11.8151312500001,6.73281285114354
11.8154645833334,6.73372430952441
11.8157979166667,6.73489618458552
11.8161312500001,6.73059930936142
11.8164645833334,6.73190139276267
11.8167979166667,6.73268264280341
11.8171312500001,6.73164097608242
11.8174645833334,6.74062535155099
11.8177979166667,6.74570347681583
11.8181312500001,6.75898472750851
11.8184645833334,6.75742222742702
11.8187979166668,6.75833368580788
11.8191312500001,6.74987014369981
11.8194645833334,6.75455764394428
11.8197979166668,6.76640660289559
11.8201312500001,6.78033889528888
11.8204645833334,6.78841181237658
11.8207979166668,6.78828160403646
11.8211312500001,6.79036493747844
11.8214645833334,6.79375035432167
11.8217979166668,6.79401077100192
11.8221312500001,6.80273472979025
11.8224645833334,6.81119827189832
11.8227979166668,6.82135452242801
11.8231312500001,6.82513056429161
11.8234645833334,6.82630243935273
11.8237979166668,6.83789098162379
11.8241312500001,6.84570348203124
11.8244645833334,6.86132848284615
11.8247979166668,6.8701826499746
11.8251312500001,6.86992223329435
11.8254645833334,6.86718785815174
11.8257979166668,6.87278681677708
11.8261312500001,6.88932327597286
11.8264645833334,6.89687535970006
11.8267979166668,6.8901045260136
11.8271312500001,6.88437535904814
11.8274645833334,6.89622431799944
11.8277979166668,6.90234410998528
11.8281312500001,6.9040368184069
11.8284645833334,6.89570348463894
11.8287979166668,6.89518265127845
11.8291312500001,6.90625036018901
11.8294645833334,6.90755244359025
11.8297979166668,6.90520869346801
11.8301312500001,6.88880244261236
11.8304645833334,6.88958369265311
11.8307979166668,6.89674515135994
11.8311312500001,6.90585973516863
11.8314645833334,6.90208369330503
11.8317979166668,6.89166702609509
11.8321312500001,6.88541702576913
11.8324645833334,6.88828160925186
11.8327979166668,6.8938805678772
11.8331312500001,6.8986982764618
11.8334645833334,6.89427119289758
11.8337979166668,6.88645869249012
11.8341312500001,6.88059931718453
11.8344645833334,6.87109410835546
11.8347979166668,6.86653681645112
11.8351312500001,6.86184931620665
11.8354645833334,6.86002639944491
11.8357979166668,6.85950556608441
11.8361312500001,6.85911494106404
11.8364645833334,6.86393264964863
11.8367979166668,6.86562535807025
11.8371312500001,6.86302119126776
11.8374645833334,6.85312535741832
11.8377979166668,6.84440139863
11.8381312500001,6.84244827352813
11.8384645833334,6.83841181498428
11.8387979166668,6.83971389838553
11.8391312500001,6.82942743951571
11.8394645833334,6.82304723084962
11.8397979166668,6.81835973060515
11.8401312500001,6.81080764687795
11.8404645833334,6.80455764655199
11.8407979166668,6.79153681253956
11.8411312500001,6.78737014565559
11.8414645833334,6.77682327010552
11.8417979166668,6.76953160305857
11.8421312500001,6.76223993601161
11.8424645833334,6.76692743625608
11.8427979166668,6.76822951965733
11.8431312500001,6.77031285309931
11.8434645833334,6.76692743625608
11.8437979166668,6.75481806062453
11.8441312500001,6.74609410183621
11.8444645833334,6.7433597266936
11.8447979166668,6.75299514386279
11.8451312500001,6.75039097706031
11.8454645833335,6.74908889365906
11.8457979166668,6.74088576823124
11.8461312500001,6.74153680993186
11.8464645833335,6.74218785163248
11.8467979166668,6.74609410183621
11.8471312500001,6.74622431017633
11.8474645833335,6.74348993503372
11.8477979166668,6.73632847632689
11.8481312500001,6.73033889268118
11.8484645833335,6.72526076741633
11.8487979166668,6.72447951737559
11.8491312500001,6.72057326717186
11.8494645833335,6.72434930903546
11.8497979166668,6.72278680895397
11.8501312500001,6.7223961839336
11.8504645833335,6.71158889170329
11.8507979166668,6.71106805834279
11.8511312500001,6.71041701664217
11.8514645833335,6.70833368320018
11.8517979166668,6.70416701631621
11.8521312500001,6.69882847437111
11.8524645833335,6.70429722465633
11.8527979166668,6.70625034975819
11.8531312500001,6.71197951672366
11.8534645833335,6.70299514125509
11.8537979166668,6.70221389121434
11.8541312500001,6.70208368287422
11.8544645833335,6.7009118078131
11.8547979166668,6.70273472457484
11.8551312500001,6.69987014109211
11.8554645833335,6.70156284951372
11.8557979166668,6.70234409955447
11.8561312500001,6.70416701631621
11.8564645833335,6.71210972506378
11.8567979166668,6.70612014141807
11.8571312500001,6.70664097477857
11.8574645833335,6.70234409955447
11.8577979166668,6.69739618262975
11.8581312500001,6.69856805769086
11.8584645833335,6.69882847437111
11.8587979166668,6.69674514092912
11.8591312500001,6.69752639096987
11.8594645833335,6.70377639129583
11.8597979166668,6.71158889170329
11.8601312500001,6.70846389154031
11.8604645833335,6.70013055777236
11.8607979166668,6.70169305785385
11.8611312500001,6.69895868271124
11.8614645833335,6.69492222416739
11.8617979166668,6.69635451590875
11.8621312500001,6.69531284918776
11.8624645833335,6.70052118279273
11.8627979166668,6.69856805769086
11.8631312500001,6.69934930773161
11.8634645833335,6.69843784935074
11.8637979166668,6.69453159914701
11.8641312500001,6.69375034910627
11.8644645833335,6.69023472392291
11.8647979166668,6.6880211821408
11.8651312500001,6.68919305720192
11.8654645833335,6.68450555695745
11.8657979166668,6.68333368189633
11.8661312500001,6.67877638999198
11.8664645833335,6.68333368189633
11.8667979166668,6.69192743234453
11.8671312500001,6.69257847404515
11.8674645833335,6.69388055744639
11.8677979166668,6.68945347388217
11.8681312500001,6.69075555728341
11.8684645833335,6.69414097412664
11.8687979166668,6.69921909939148
11.8691312500001,6.7057295163977
11.8694645833335,6.70703159979894
11.8697979166668,6.71289097510453
11.8701312500001,6.72161493389285
11.8704645833335,6.73059930936142
11.8707979166668,6.73789097640838
11.8711312500001,6.74440139341459
11.8714645833335,6.75078160208068
11.8717979166668,6.7557295190054
11.8721312500001,6.76328160273261
11.8724645833335,6.76940139471844
11.8727979166668,6.7729170199018
11.8731312500002,6.78398472881236
11.8734645833335,6.79492222938279
11.8737979166668,6.80507847991248
11.8741312500002,6.8105472301977
11.8744645833335,6.81744827222428
11.8747979166668,6.83684931490279
11.8751312500002,6.85143264899671
11.8754645833335,6.8772139003413
11.8757979166668,6.89296910949634
11.8761312500002,6.91028681873286
11.8764645833335,6.92291702772491
11.8767979166668,6.93763057015894
11.8771312500002,6.95664098781708
11.8774645833335,6.97473994709435
11.8777979166668,6.99804723997659
11.8781312500002,7.01276078241062
11.8784645833335,7.02096390783845
11.8787979166668,7.03007849164715
11.8791312500002,7.03567745027249
11.8794645833335,7.05416703457013
11.8797979166668,7.05820349311398
11.8801312500002,7.0669274519023
11.8804645833335,7.07005245206528
11.8807979166668,7.07786495247274
11.8811312500002,7.08151078599622
11.8814645833335,7.08385453611845
11.8817979166668,7.09062536980491
11.8821312500002,7.09153682818578
11.8824645833335,7.08684932794131
11.8827979166668,7.07083370210603
11.8831312500002,7.06809932696342
11.8834645833335,7.06653682688193
11.8837979166668,7.06445349343994
11.8841312500002,7.05911495149485
11.8844645833335,7.04817745092441
11.8847979166668,7.04036495051696
11.8851312500002,7.034114950191
11.8854645833335,7.02747432484466
11.8857979166668,7.02395869966131
11.8861312500002,7.0088545322069
11.8864645833335,6.99778682329634
11.8867979166668,6.98606807268516
11.8871312500002,6.97291703033261
11.8874645833335,6.96601598830603
11.8877979166668,6.95755244619795
11.8881312500002,6.95234411259298
11.8884645833335,6.94218786206329
11.8887979166668,6.92643265290826
11.8891312500002,6.91705765241932
11.8894645833335,6.89987015152292
11.8897979166668,6.8911461927346
11.8901312500002,6.87994827548391
11.8904645833335,6.86419306632888
11.8907979166668,6.85013056559547
11.8911312500002,6.8438805652695
11.8914645833335,6.84075556510652
11.8917979166668,6.8363284815423
11.8921312500002,6.81614618882304
11.8924645833335,6.80299514647049
11.8927979166668,6.78776077067596
11.8931312500002,6.77968785358826
11.8934645833335,6.77096389479993
11.8937979166668,6.75325556054304
11.8941312500002,6.74908889365906
11.8944645833335,6.74856806029857
11.8947979166668,6.75182326880167
11.8951312500002,6.74179722661211
11.8954645833335,6.72408889235521
11.8957979166668,6.72148472555273
11.8961312500002,6.71914097543049
11.8964645833335,6.72460972571571
11.8967979166668,6.7143232668459
11.8971312500002,6.70494826635695
11.8974645833335,6.69388055744639
11.8977979166668,6.6875003487803
11.8981312500002,6.67929722335248
11.8984645833335,6.67122430626478
11.8987979166668,6.66549513929931
11.8991312500002,6.66627638934006
11.8994645833335,6.66692743104068
11.8997979166669,6.66106805573509
11.9001312500002,6.65325555532763
11.9004645833335,6.64648472164117
11.9007979166668,6.64348992981832
11.9011312500002,6.64401076317881
11.9014645833335,6.63958367961459
11.9017979166669,6.63932326293434
11.9021312500002,6.63463576268987
11.9024645833335,6.6417972213967
11.9027979166669,6.64817743006279
11.9031312500002,6.64648472164117
11.9034645833335,6.63867222123372
11.9037979166669,6.63346388762875
11.9041312500002,6.63346388762875
11.9044645833335,6.63164097086701
11.9047979166669,6.6246097205003
11.9051312500002,6.6213545119972
11.9054645833335,6.62643263726204
11.9057979166669,6.63229201256763
11.9061312500002,6.633724304309
11.9064645833335,6.63567742941086
11.9067979166669,6.63815138787322
11.9071312500002,6.64570347160043
11.9074645833335,6.64101597135596
11.9077979166669,6.63463576268987
11.9081312500002,6.63489617937012
11.9084645833335,6.63294305426825
11.9087979166669,6.63763055451273
11.9091312500002,6.63190138754726
11.9094645833335,6.63138055418676
11.9097979166669,6.62734409564291
11.9101312500002,6.62278680373856
11.9104645833335,6.62903680406453
11.9107979166669,6.63437534600962
11.9111312500002,6.6417972213967
11.9114645833335,6.64427117985906
11.9117979166669,6.6412763880362
11.9121312500002,6.64166701305658
11.9124645833335,6.64010451297509
11.9127979166669,6.63945347127446
11.9131312500002,6.64153680471645
11.9134645833335,6.63710972115223
11.9137979166669,6.64075555467571
11.9141312500002,6.64414097151894
11.9144645833335,6.65286493030726
11.9147979166669,6.66093784739496
11.9151312500002,6.65781284723198
11.9154645833335,6.65052118018502
11.9157979166669,6.6412763880362
11.9161312500002,6.64309930479794
11.9164645833335,6.64505242989981
11.9167979166669,6.64895868010353
11.9171312500002,6.64869826342329
11.9174645833335,6.65065138852515
11.9177979166669,6.64934930512391
11.9181312500002,6.65325555532763
11.9184645833335,6.66093784739496
11.9187979166669,6.66627638934006
11.9191312500002,6.66601597265981
11.9194645833335,6.66054722237459
11.9197979166669,6.66237013913633
11.9201312500002,6.66783888942155
11.9204645833335,6.67669305654999
11.9207979166669,6.68359409857658
11.9211312500002,6.69270868238527
11.9214645833335,6.70130243283347
11.9217979166669,6.70325555793534
11.9221312500002,6.70052118279273
11.9224645833335,6.69557326586801
11.9227979166667,6.69062534894329
11.92313125,6.69075555728341
11.9234645833333,6.69296909906552
11.9237979166667,6.70403680797608
11.92413125,6.71250035008416
11.9244645833333,6.71979201713111
11.9247979166667,6.72955764264043
11.92513125,6.73697951802751
11.9254645833333,6.74895868531894
11.9257979166667,6.74648472685658
11.92613125,6.74960972701956
11.9264645833333,6.75221389382205
11.9267979166667,6.76171910265111
11.92713125,6.76041701924987
11.9274645833333,6.76966181139869
11.9277979166667,6.78033889528888
11.92813125,6.79505243772292
11.9284645833333,6.79700556282478
11.9287979166667,6.79544306274329
11.92913125,6.80078160468838
11.9294645833333,6.80494827157236
11.9297979166667,6.80963577181683
11.93013125,6.81406285538105
11.9304645833333,6.82330764752987
11.9307979166667,6.82942743951571
11.93113125,6.83216181465832
11.9314645833333,6.84127639846702
11.9317979166667,6.85013056559547
11.93213125,6.86028681612515
11.9324645833333,6.86419306632888
11.9327979166667,6.87148473337584
11.93313125,6.8820316089259
11.9334645833333,6.88476598406851
11.9337979166667,6.89843785978155
11.93413125,6.91067744375323
11.9344645833334,6.91809931914031
11.9347979166667,6.9196618192218
11.93513125,6.92044306926255
11.9354645833334,6.9287764030305
11.9357979166667,6.93828161185957
11.93613125,6.94700557064789
11.9364645833334,6.95078161251149
11.9367979166667,6.94804723736888
11.93713125,6.94947952911025
11.9374645833334,6.950260779151
11.9377979166667,6.95208369591273
11.93813125,6.95013057081087
11.9384645833334,6.95625036279671
11.9387979166667,6.95638057113683
11.93913125,6.95416702935472
11.9394645833334,6.94518265388615
11.9397979166667,6.94257848708367
11.94013125,6.94414098716516
11.9404645833334,6.94231807040342
11.9407979166667,6.94687536230777
11.94113125,6.93958369526081
11.9414645833334,6.94101598700218
11.9417979166667,6.93619827841758
11.94213125,6.93216181987373
11.9424645833334,6.9287764030305
11.9427979166667,6.92473994448665
11.94313125,6.92604202788789
11.9434645833334,6.92122431930329
11.9437979166667,6.90859411031124
11.94413125,6.88984410933335
11.9444645833334,6.88411494236789
11.9447979166667,6.8787764004228
11.94513125,6.87786494204193
11.9454645833334,6.86601598309062
11.9457979166667,6.86263056624739
11.94613125,6.86263056624739
11.9464645833334,6.85716181596217
11.9467979166667,6.85742223264242
11.94713125,6.84804723215348
11.9474645833334,6.84635452373186
11.9477979166667,6.83606806486205
11.94813125,6.83138056461758
11.9484645833334,6.82460973093112
11.9487979166667,6.8196618140064
11.94913125,6.80898473011621
11.9494645833334,6.80364618817112
11.9497979166667,6.79231806258031
11.95013125,6.78658889561484
11.9504645833334,6.77708368678577
11.9507979166667,6.77278681156167
11.95113125,6.77812535350677
11.9514645833334,6.77799514516664
11.9517979166667,6.77851597852714
11.95213125,6.77252639488143
11.9524645833334,6.76848993633757
11.9527979166667,6.76171910265111
11.95313125,6.75794306078751
11.9534645833334,6.75156285212143
11.9537979166667,6.74895868531894
11.95413125,6.74830764361832
11.9544645833334,6.74882847697882
11.9547979166667,6.7466149351967
11.95513125,6.74466181009484
11.9554645833334,6.73723993470776
11.9557979166667,6.73841180976888
11.95613125,6.73007847600093
11.9564645833334,6.73619826798677
11.9567979166667,6.73750035138801
11.95713125,6.72968785098055
11.9574645833334,6.72057326717186
11.9577979166667,6.71171910004341
11.95813125,6.71770868368913
11.9584645833334,6.71770868368913
11.9587979166667,6.71354201680515
11.95913125,6.71106805834279
11.9594645833334,6.71549514190701
11.9597979166667,6.71471389186627
11.96013125,6.71184930838354
11.9604645833334,6.69973993275198
11.9607979166667,6.70677118311869
11.9611312500001,6.71054722498229
11.9614645833334,6.7138024334854
11.9617979166667,6.70664097477857
11.9621312500001,6.70377639129583
11.9624645833334,6.71393264182552
11.9627979166667,6.72018264215149
11.9631312500001,6.71445347518602
11.9634645833334,6.70234409955447
11.9637979166667,6.68997430724267
11.9641312500001,6.68971389056242
11.9644645833334,6.68541701533832
11.9647979166667,6.67851597331173
11.9651312500001,6.67278680634627
11.9654645833334,6.67330763970676
11.9657979166667,6.6794274316926
11.9661312500001,6.67968784837285
11.9664645833334,6.67773472327099
11.9667979166667,6.67174513962527
11.9671312500001,6.66888055614254
11.9674645833334,6.66237013913633
11.9677979166667,6.65768263889186
11.9681312500001,6.64856805508316
11.9684645833334,6.64244826309732
11.9687979166667,6.63112013750652
11.9691312500001,6.63437534600962
11.9694645833334,6.63880242957384
11.9697979166667,6.64257847143745
11.9701312500001,6.63242222090776
11.9704645833334,6.62473992884043
11.9707979166667,6.62304722041881
11.9711312500001,6.62630242892192
11.9714645833334,6.61471388665086
11.9717979166667,6.61210971984838
11.9721312500001,6.60612013620266
11.9724645833334,6.61119826146751
11.9727979166667,6.61367221992987
11.9731312500001,6.61015659474651
11.9734645833334,6.60559930284217
11.9737979166667,6.60208367765881
11.9741312500001,6.6046878444613
11.9744645833334,6.61041701142676
11.9747979166667,6.612760761549
11.9751312500001,6.60885451134527
11.9754645833334,6.60104201093782
11.9757979166667,6.59843784413533
11.9761312500001,6.60494826114154
11.9764645833334,6.60885451134527
11.9767979166667,6.61237013652863
11.9771312500001,6.61783888681384
11.9774645833334,6.62252638705832
11.9777979166667,6.62447951216018
11.9781312500001,6.62278680373856
11.9784645833334,6.6289065957244
11.9787979166667,6.63658888779173
11.9791312500001,6.63893263791397
11.9794645833334,6.64270867977757
11.9797979166667,6.63723992949235
11.9801312500001,6.63971388795471
11.9804645833334,6.64335972147819
11.9807979166667,6.6509118052054
11.9811312500001,6.66588576431968
11.9814645833334,6.67122430626478
11.9817979166667,6.67161493128515
11.9821312500001,6.67382847306726
11.9824645833334,6.67604201484937
11.9827979166667,6.68919305720192
11.9831312500001,6.68867222384142
11.9834645833334,6.69765659931
11.9837979166667,6.70638055809832
11.9841312500001,6.72421910069534
11.9844645833334,6.73346389284416
11.9847979166667,6.74218785163248
11.9851312500001,6.75585972734552
11.9854645833334,6.77070347811969
11.9857979166667,6.78450556217285
11.9861312500001,6.78919306241733
11.9864645833334,6.79778681286553
11.9867979166667,6.80963577181683
11.9871312500001,6.82252639748913
11.9874645833334,6.83541702316143
11.9877979166668,6.84713577377261
11.9881312500001,6.85585973256093
11.9884645833334,6.86718785815174
11.9887979166668,6.88216181726602
11.9891312500001,6.90052119322354
11.9894645833334,6.90937536035199
11.9897979166668,6.91848994416068
11.9901312500001,6.92981806975149
11.9904645833334,6.9497399457905
11.9907979166668,6.96445348822454
11.9911312500001,6.97487015543447
11.9914645833334,6.98854203114752
11.9917979166668,7.0002607817587
11.9921312500001,7.01250036573038
11.9924645833334,7.01549515755323
11.9927979166668,7.01184932402975
11.9931312500001,7.01901078273659
11.9934645833334,7.02669307480392
11.9937979166668,7.03802120039472
11.9941312500001,7.0373701586941
11.9944645833334,7.03463578355149
11.9947979166668,7.04049515885708
11.9951312500001,7.04817745092441
11.9954645833334,7.05898474315473
11.9957979166668,7.05664099303249
11.9961312500001,7.04843786760466
11.9964645833334,7.04466182574106
11.9967979166668,7.04335974233982
11.9971312500001,7.04036495051696
11.9974645833334,7.02851599156566
11.9977979166668,7.02278682460019
11.9981312500001,7.02291703294031
11.9984645833334,7.02161494953907
11.9987979166668,7.00768265714578
11.9991312500001,6.99362015641236
11.9994645833334,6.98802119778702
11.9997979166668,6.97851598895795
12.0001312500001,6.96328161316342
12.0004645833334,6.94362015380466
12.0007979166668,6.92721390294901
12.0011312500001,6.91757848577981
12.0014645833334,6.9040368184069
12.0017979166668,6.89401077621733
12.0021312500001,6.87213577507646
12.0024645833334,6.86067744114553
12.0027979166668,6.8406253567664
12.0031312500001,6.82799514777435
12.0034645833334,6.80898473011621
12.0037979166668,6.7976566045254
12.0041312500001,6.79270868760068
12.0044645833334,6.78593785391422
12.0047979166668,6.78502639553335
12.0051312500001,6.77838577018702
12.0054645833334,6.76601597787521
12.0057979166668,6.75612014402577
12.0061312500001,6.74140660159174
12.0064645833334,6.73463576790528
12.0067979166668,6.72526076741633
12.0071312500001,6.72031285049161
12.0074645833334,6.70924514158105
12.0077979166668,6.70052118279273
12.0081312500001,6.69023472392291
12.0084645833334,6.68723993210006
12.0087979166668,6.6847659736377
12.0091312500001,6.68072951509385
12.0094645833334,6.68320347355621
12.0097979166668,6.68567743201857
12.0101312500001,6.68632847371919
12.0104645833334,6.68346389023645
12.0107979166668,6.68385451525683
12.0111312500001,6.68789097380068
12.0114645833334,6.69270868238527
12.0117979166668,6.69205764068465
12.0121312500001,6.69362014076614
12.0124645833334,6.70182326619397
12.0127979166668,6.70872430822055
12.0131312500001,6.71575555858726
12.0134645833334,6.7223961839336
12.0137979166668,6.72708368417807
12.0141312500001,6.73502639292565
12.0144645833334,6.73997430985037
12.0147979166668,6.75273472718254
12.0151312500001,6.76067743593012
12.0154645833335,6.76627639455546
12.0157979166668,6.77096389479993
12.0161312500001,6.78463577051298
12.0164645833335,6.79375035432167
12.0167979166668,6.80039097966801
12.0171312500001,6.79882847958652
12.0174645833335,6.79973993796739
12.0177979166668,6.80950556347671
12.0181312500001,6.82343785587
12.0184645833335,6.83229202299845
12.0187979166668,6.83984410672565
12.0191312500001,6.84257848186826
12.0194645833335,6.85325556575845
12.0197979166668,6.84973994057509
12.0201312500001,6.85377639911894
12.0204645833335,6.85273473239795
12.0207979166668,6.8610680661659
12.0211312500001,6.86536494139
12.0214645833335,6.87122431669559
12.0217979166668,6.87408890017832
12.0221312500001,6.87656285864068
12.0224645833335,6.87330765013758
12.0227979166668,6.87656285864068
12.0231312500001,6.87864619208267
12.0234645833335,6.88229202560615
12.0237979166668,6.88059931718453
12.0241312500001,6.88085973386478
12.0244645833335,6.87851598374255
12.0247979166668,6.87539098357957
12.0251312500001,6.86653681645112
12.0254645833335,6.86562535807025
12.0257979166668,6.86237014956714
12.0261312500001,6.85846389936342
12.0264645833335,6.85507848252019
12.0267979166668,6.85338577409857
12.0271312500001,6.85182327401708
12.0274645833335,6.85052119061584
12.0277979166668,6.85013056559547
12.0281312500001,6.85403681579919
12.0284645833335,6.84570348203124
12.0287979166668,6.83307327303919
12.0291312500001,6.82799514777435
12.0294645833335,6.82552118931199
12.0297979166668,6.82265660582925
12.0301312500001,6.82083368906751
12.0304645833335,6.82526077263174
12.0307979166668,6.82096389740764
12.0311312500001,6.81627639716317
12.0314645833335,6.80872431343596
12.0317979166668,6.81263056363969
12.0321312500001,6.81315139700018
12.0324645833335,6.8057295216131
12.0327979166668,6.79804722954577
12.0331312500001,6.78893264573708
12.0334645833335,6.79023472913832
12.0337979166668,6.79088577083894
12.0341312500001,6.78242222873087
12.0344645833335,6.77656285342528
12.0347979166668,6.77330764492217
12.0351312500001,6.77382847828267
12.0354645833335,6.76419306111348
12.0357979166668,6.75078160208068
12.0361312500001,6.74023472653062
12.0364645833335,6.74622431017633
12.0367979166668,6.74531285179546
12.0371312500001,6.73984410151024
12.0374645833335,6.72643264247745
12.0377979166668,6.71966180879099
12.0381312500001,6.72408889235521
12.0384645833335,6.72122430887248
12.0387979166668,6.71888055875024
12.0391312500001,6.71197951672366
12.0394645833335,6.70703159979894
12.0397979166668,6.70703159979894
12.0401312500001,6.69622430756863
12.0404645833335,6.68489618197782
12.0407979166668,6.67161493128515
12.0411312500001,6.66692743104068
12.0414645833335,6.67213576464565
12.0417979166668,6.66992222286353
12.0421312500002,6.66341180585732
12.0424645833335,6.65455763872888
12.0427979166668,6.654687847069
12.0431312500002,6.64895868010353
12.0434645833335,6.63880242957384
12.0437979166668,6.62760451232316
12.0441312500002,6.62382847045956
12.0444645833335,6.63164097086701
12.0447979166668,6.63880242957384
12.0451312500002,6.64296909645782
12.0454645833335,6.63463576268987
12.0457979166668,6.62669305394229
12.0461312500002,6.61627638673235
12.0464645833335,6.61380242826999
12.0467979166668,6.6084638863249
12.0471312500002,6.61419305329037
12.0474645833335,6.61979201191571
12.0477979166668,6.62044305361633
12.0481312500002,6.61992222025583
12.0484645833335,6.61250034486875
12.0487979166668,6.612760761549
12.0491312500002,6.61875034519471
12.0494645833335,6.6299482624454
12.0497979166668,6.63098992916639
12.0501312500002,6.63072951248614
12.0504645833335,6.63216180422751
12.0507979166668,6.63958367961459
12.0511312500002,6.64375034649857
12.0514645833335,6.64062534633558
12.0517979166668,6.64778680504242
12.0521312500002,6.64960972180416
12.0524645833335,6.65976597233385
12.0527979166668,6.66237013913633
12.0531312500002,6.66848993112217
12.0534645833335,6.67057326456415
12.0537979166668,6.68281284853583
12.0541312500002,6.68841180716118
12.0544645833335,6.70273472457484
12.0547979166668,6.70533889137732
12.0551312500002,6.70937534992118
12.0554645833335,6.7100263916218
12.0557979166668,6.7143232668459
12.0561312500002,6.72447951737559
12.0564645833335,6.72747430919844
12.0567979166668,6.72708368417807
12.0571312500002,6.73085972604167
12.0574645833335,6.73684930968739
12.0577979166668,6.74973993535969
12.0581312500002,6.75377639390354
12.0584645833335,6.75416701892391
12.0587979166668,6.76145868597087
12.0591312500002,6.77265660322155
12.0594645833335,6.78450556217285
12.0597979166668,6.7858076455741
12.0601312500002,6.79114618751919
12.0604645833335,6.80091181302851
12.0607979166668,6.81132848023844
12.0611312500002,6.81419306372118
12.0614645833335,6.80846389675571
12.0617979166668,6.80078160468838
12.0621312500002,6.79947952128714
12.0624645833335,6.80690139667422
12.0627979166668,6.80598993829335
12.0631312500002,6.81237014695944
12.0634645833335,6.80794306339521
12.0637979166668,6.81653681384341
12.0641312500002,6.8191409806459
12.0644645833335,6.82265660582925
12.0647979166668,6.81940139732615
12.0651312500002,6.81848993894528
12.0654645833335,6.82226598080888
12.0657979166668,6.82018264736689
12.0661312500002,6.81341181368043
12.0664645833335,6.80247431311
12.0667979166668,6.80286493813037
12.0671312500002,6.80468785489211
12.0674645833335,6.81093785521807
12.0677979166668,6.8057295216131
12.0681312500002,6.80208368808962
12.0684645833335,6.80403681319149
12.0687979166669,6.80950556347671
12.0691312500002,6.80885452177609
12.0694645833335,6.79492222938279
12.0697979166669,6.79062535415869
12.0701312500002,6.79075556249882
12.0704645833335,6.79401077100192
12.0707979166669,6.78867222905683
12.0711312500002,6.78072952030925
12.0714645833335,6.77460972832341
12.0717979166669,6.77421910330304
12.0721312500002,6.77018264475919
12.0724645833335,6.76289097771223
12.0727979166669,6.75351597722329
12.0731312500002,6.74505243511521
12.0734645833335,6.74179722661211
12.0737979166669,6.73138055940217
12.0741312500002,6.72096389219223
12.0744645833335,6.71731805866875
12.0747979166669,6.71770868368913
12.0751312500002,6.71158889170329
12.0754645833335,6.69856805769086
12.0757979166669,6.69518264084763
12.0761312500002,6.69362014076614
12.0764645833335,6.69804722433037
12.0767979166669,6.68919305720192
12.0771312500002,6.68763055712043
12.0774645833335,6.68710972375993
12.0777979166669,6.68450555695745
12.0781312500002,6.67473993144813
12.0784645833335,6.66562534763944
12.0787979166669,6.6627607641567
12.0791312500002,6.66002638901409
12.0794645833335,6.65325555532763
12.0797979166669,6.63997430463496
12.0801312500002,6.6289065957244
12.0804645833335,6.62252638705832
12.0807979166669,6.62291701207869
12.0811312500002,6.63085972082627
12.0814645833335,6.63085972082627
12.0817979166669,6.63281284592813
12.0821312500002,6.63476597102999
12.0824645833335,6.63684930447198
12.0827979166669,6.63697951281211
12.0831312500002,6.62265659539844
12.0834645833335,6.6160159700521
12.0837979166669,6.60755242794403
12.0841312500002,6.61054721976689
12.0844645833335,6.60612013620266
12.0847979166669,6.5998701358767
12.0851312500002,6.59596388567297
12.0854645833335,6.60273471935943
12.0857979166669,6.60833367798478
12.0861312500002,6.60312534437981
12.0864645833335,6.59791701077484
12.0867979166669,6.5950524272921
12.0871312500002,6.60104201093782
12.0874645833335,6.59895867749583
12.0877979166669,6.59583367733285
12.0881312500002,6.59296909385012
12.0884645833335,6.59140659376863
12.0887979166669,6.59023471870751
12.0891312500002,6.58632846850378
12.0894645833335,6.58528680178279
12.0897979166669,6.5869795102044
12.0901312500002,6.58346388502105
12.0904645833335,6.57773471805558
12.0907979166669,6.5703128426685
12.0911312500002,6.57669305133459
12.0914645833335,6.57981805149757
12.0917979166669,6.57552117627347
12.0921312500002,6.56158888388018
12.0924645833335,6.55533888355421
12.0927979166669,6.56197950890055
12.0931312500002,6.57591180129384
12.0934645833333,6.57773471805558
12.0937979166667,6.57395867619198
12.09413125,6.57526075959322
12.0944645833333,6.58424513506179
12.0947979166667,6.59049513538776
12.09513125,6.58593784348341
12.0954645833333,6.57929721813707
12.0957979166667,6.57760450971546
12.09613125,6.57981805149757
12.0964645833333,6.57981805149757
12.0967979166667,6.58164096825931
12.09713125,6.57981805149757
12.0974645833333,6.57760450971546
12.0977979166667,6.57382846785186
12.09813125,6.57682325967471
12.0984645833333,6.58059930153831
12.0987979166667,6.58789096858527
12.09913125,6.59036492704763
12.0994645833333,6.59101596874825
12.0997979166667,6.59414096891123
12.10013125,6.59283888550999
12.1004645833333,6.5912763854285
12.1007979166667,6.58658888518403
12.10113125,6.58098992655869
12.1014645833333,6.58710971854453
12.1017979166667,6.59296909385012
12.10213125,6.60065138591745
12.1024645833333,6.60078159425757
12.1027979166667,6.60117221927794
12.10313125,6.60169305263844
12.1034645833334,6.6036461777403
12.1037979166667,6.60442742778105
12.10413125,6.61119826146751
12.1044645833334,6.61028680308664
12.1047979166667,6.61380242826999
12.10513125,6.62057326195645
12.1054645833334,6.62838576236391
12.1057979166667,6.63789097119297
12.10613125,6.64062534633558
12.1064645833334,6.64296909645782
12.1067979166667,6.63554722107074
12.10713125,6.63658888779173
12.1074645833334,6.63880242957384
12.1077979166667,6.64114617969608
12.10813125,6.63710972115223
12.1084645833334,6.6375003461726
12.1087979166667,6.64062534633558
12.10913125,6.64713576334179
12.1094645833334,6.64596388828068
12.1097979166667,6.64908888844366
12.11013125,6.63346388762875
12.1104645833334,6.62747430398304
12.1107979166667,6.62604201224167
12.11113125,6.63307326260838
12.1114645833334,6.63710972115223
12.1117979166667,6.62981805410527
12.11213125,6.63593784609111
12.1124645833334,6.64192742973683
12.1127979166667,6.64205763807695
12.11313125,6.63554722107074
12.1134645833334,6.62903680406453
12.1137979166667,6.63281284592813
12.11413125,6.63138055418676
12.1144645833334,6.6251305538608
12.1147979166667,6.62148472033732
12.11513125,6.63112013750652
12.1154645833334,6.63632847111148
12.1157979166667,6.6380211795331
12.11613125,6.62539097054105
12.1164645833334,6.61783888681384
12.1167979166667,6.61679722009285
12.11713125,6.61406284495024
12.1174645833334,6.61080763644713
12.1177979166667,6.60976596972614
12.11813125,6.61263055320887
12.1184645833334,6.62122430365707
12.1187979166667,6.61927117855521
12.11913125,6.60885451134527
12.1194645833334,6.60351596940018
12.1197979166667,6.60234409433906
12.12013125,6.60703159458353
12.1204645833334,6.6074222196039
12.1207979166667,6.60052117757732
12.12113125,6.60130242761807
12.1214645833334,6.59830763579521
12.1217979166667,6.60000034421682
12.12213125,6.59739617741434
12.1224645833334,6.59453159393161
12.1227979166667,6.5960940940131
12.12313125,6.59570346899272
12.1234645833334,6.59440138559148
12.1237979166667,6.58958367700689
12.12413125,6.59257846882974
12.1244645833334,6.59270867716987
12.1247979166667,6.58463576008217
12.12513125,6.57265659279074
12.1254645833334,6.56705763416539
12.1257979166667,6.57747430137533
12.12613125,6.58710971854453
12.1264645833334,6.59309930219024
12.1267979166667,6.59023471870751
12.12713125,6.58489617676241
12.1274645833334,6.58906284364639
12.1277979166667,6.58919305198651
12.12813125,6.58203159327968
12.1284645833334,6.56848992590676
12.1287979166667,6.56093784217956
12.12913125,6.56354200898204
12.1294645833334,6.56419305068266
12.1297979166667,6.56744825918577
12.1301312500001,6.56718784250552
12.1304645833334,6.56848992590676
12.1307979166667,6.56484409238328
12.13113125,6.56367221732217
12.1314645833334,6.56432325902279
12.1317979166667,6.56237013392092
12.1321312500001,6.56158888388018
12.1324645833334,6.56588575910428
12.1327979166667,6.56809930088639
12.1331312500001,6.56901075926726
12.1334645833334,6.56848992590676
12.1337979166667,6.57109409270925
12.1341312500001,6.57252638445061
12.1344645833334,6.57070346768887
12.1347979166667,6.57096388436912
12.1351312500001,6.5751305512531
12.1354645833334,6.58020867651794
12.1357979166667,6.57643263465434
12.1361312500001,6.57382846785186
12.1364645833334,6.56875034258701
12.1367979166667,6.56953159262776
12.1371312500001,6.57487013457285
12.1374645833334,6.57604200963397
12.1377979166667,6.57968784315745
12.1381312500001,6.57968784315745
12.1384645833334,6.58059930153831
12.1387979166667,6.57617221797409
12.1391312500001,6.569792009308
12.1394645833334,6.5703128426685
12.1397979166667,6.57760450971546
12.1401312500001,6.58294305166055
12.1404645833334,6.58020867651794
12.1407979166667,6.57526075959322
12.1411312500001,6.570833676029
12.1414645833334,6.56705763416539
12.1417979166667,6.56705763416539
12.1421312500001,6.56328159230179
12.1424645833334,6.57526075959322
12.1427979166667,6.58789096858527
12.1431312500001,6.59648471903347
12.1434645833334,6.59414096891123
12.1437979166667,6.59101596874825
12.1441312500001,6.59700555239397
12.1444645833334,6.60273471935943
12.1447979166667,6.59739617741434
12.1451312500001,6.59335971887049
12.1454645833334,6.58815138526552
12.1457979166667,6.59817742745509
12.1461312500001,6.60169305263844
12.1464645833334,6.60065138591745
12.1467979166667,6.5950524272921
12.1471312500001,6.59309930219024
12.1474645833334,6.59479201061186
12.1477979166667,6.59335971887049
12.1481312500001,6.59322951053036
12.1484645833334,6.59335971887049
12.1487979166667,6.59778680243471
12.1491312500001,6.59973992753658
12.1494645833334,6.59362013555074
12.1497979166667,6.59036492704763
12.1501312500001,6.58242221830005
12.1504645833334,6.58398471838154
12.1507979166667,6.5821618016198
12.1511312500001,6.58411492672167
12.1514645833334,6.5875003435649
12.1517979166667,6.58671909352415
12.1521312500001,6.58658888518403
12.1524645833334,6.59283888550999
12.1527979166667,6.59270867716987
12.1531312500001,6.58945346866676
12.1534645833334,6.58138055157906
12.1537979166667,6.58307326000068
12.1541312500001,6.58502638510254
12.1544645833334,6.58164096825931
12.1547979166667,6.56744825918577
12.1551312500001,6.56354200898204
12.1554645833334,6.56263055060117
12.1557979166667,6.57187534274999
12.1561312500001,6.57109409270925
12.1564645833334,6.57018263432838
12.1567979166667,6.56432325902279
12.1571312500001,6.5665368008049
12.1574645833334,6.56614617578453
12.1577979166667,6.56328159230179
12.1581312500001,6.55768263367645
12.1584645833334,6.55091179998999
12.1587979166668,6.55130242501036
12.1591312500001,6.55182325837086
12.1594645833334,6.55833367537707
12.1597979166668,6.55768263367645
12.1601312500001,6.55963575877831
12.1604645833334,6.55091179998999
12.1607979166668,6.55273471675173
12.1611312500001,6.55299513343198
12.1614645833334,6.55377638347272
12.1617979166668,6.55156284169061
12.1621312500001,6.54270867456216
12.1624645833334,6.54036492443993
12.1627979166668,6.53580763253558
12.1631312500001,6.53059929893061
12.1634645833334,6.53112013229111
12.1637979166668,6.53307325739297
12.1641312500001,6.53580763253558
12.1644645833334,6.54192742452142
12.1647979166668,6.5412763828208
12.1651312500001,6.53789096597757
12.1654645833334,6.53333367407322
12.1657979166668,6.53242221569235
12.1661312500001,6.5321617990121
12.1664645833334,6.52682325706701
12.1667979166668,6.5326826323726
12.1671312500001,6.53815138265782
12.1674645833334,6.54231804954179
12.1677979166668,6.53958367439918
12.1681312500001,6.54179721618129
12.1684645833334,6.55078159164987
12.1687979166668,6.55208367505111
12.1691312500001,6.55065138330974
12.1694645833334,6.54765659148688
12.1697979166668,6.55104200833012
12.1701312500001,6.55468784185359
12.1704645833334,6.55078159164987
12.1707979166668,6.54583367472515
12.1711312500001,6.54375034128316
12.1714645833334,6.54791700816713
12.1717979166668,6.55585971691471
12.1721312500001,6.56835971756664
12.1724645833334,6.58281284332043
12.1727979166668,6.58333367668092
12.1731312500001,6.58515659344266
12.1734645833334,6.57382846785186
12.1737979166668,6.57330763449136
12.1741312500001,6.57526075959322
12.1744645833334,6.57968784315745
12.1747979166668,6.57812534307595
12.1751312500001,6.57578159295372
12.1754645833334,6.57799513473583
12.1757979166668,6.58606805182353
12.1761312500001,6.58333367668092
12.1764645833334,6.57604200963397
12.1767979166668,6.57382846785186
12.1771312500001,6.58437534340192
12.1774645833334,6.59622430235322
12.1777979166668,6.59739617741434
12.1781312500001,6.5960940940131
12.1784645833334,6.59414096891123
12.1787979166668,6.59544305231248
12.1791312500001,6.59257846882974
12.1794645833334,6.58463576008217
12.1797979166668,6.58776076024515
12.1801312500001,6.59088576040813
12.1804645833334,6.59804721911496
12.1807979166668,6.60156284429831
12.1811312500001,6.59804721911496
12.1814645833334,6.60520867782179
12.1817979166668,6.61341180324962
12.1821312500001,6.62578159556142
12.1824645833334,6.62695347062254
12.1827979166668,6.62552117888117
12.1831312500001,6.62487013718055
12.1834645833334,6.63359409596887
12.1837979166668,6.63684930447198
12.1841312500001,6.63567742941086
12.1844645833334,6.63177117920714
12.1847979166668,6.63697951281211
12.1851312500001,6.64934930512391
12.1854645833334,6.66132847241534
12.1857979166668,6.65638055549061
12.1861312500001,6.65598993047024
12.1864645833335,6.64934930512391
12.1867979166668,6.65794305557211
12.1871312500001,6.6638024308777
12.1874645833335,6.67278680634627
12.1877979166668,6.6761722231895
12.1881312500001,6.67265659800614
12.1884645833335,6.67734409825062
12.1887979166668,6.67799513995124
12.1891312500001,6.68294305687596
12.1894645833335,6.68697951541981
12.1897979166668,6.69127639064391
12.1901312500001,6.69075555728341
12.1904645833335,6.68945347388217
12.1907979166668,6.696614932589
12.1911312500001,6.71041701664217
12.1914645833335,6.72044305883173
12.1917979166668,6.72487014239596
12.1921312500001,6.72656285081757
12.1924645833335,6.73359410118428
12.1927979166668,6.74518264345534
12.1931312500001,6.75026076872018
12.1934645833335,6.74609410183621
12.1937979166668,6.74140660159174
12.1941312500001,6.74960972701956
12.1944645833335,6.75729201908689
12.1947979166668,6.75351597722329
12.1951312500001,6.74518264345534
12.1954645833335,6.74427118507447
12.1957979166668,6.74570347681583
12.1961312500001,6.7471357685572
12.1964645833335,6.74205764329236
12.1967979166668,6.74987014369981
12.1971312500001,6.75104201876093
12.1974645833335,6.75833368580788
12.1977979166668,6.75781285244739
12.1981312500001,6.75690139406652
12.1984645833335,6.74987014369981
12.1987979166668,6.75117222710105
12.1991312500001,6.75716181074677
12.1994645833335,6.75755243576714
12.1997979166668,6.74791701859795
12.2001312500001,6.74114618491149
12.2004645833335,6.74218785163248
12.2007979166668,6.74544306013559
12.2011312500001,6.73997430985037
12.2014645833335,6.72916701762006
12.2017979166668,6.71979201713111
12.2021312500001,6.72356805899472
12.2024645833335,6.72369826733484
12.2027979166668,6.72174514223298
12.2031312500001,6.71158889170329
12.2034645833335,6.71041701664217
12.2037979166668,6.7046878496767
12.2041312500001,6.69934930773161
12.2044645833335,6.69687534926925
12.2047979166668,6.70481805801683
12.2051312500001,6.70781284983968
12.2054645833335,6.71484410020639
12.2057979166668,6.70989618328167
12.2061312500001,6.71067743332242
12.2064645833335,6.6960940992285
12.2067979166668,6.69114618230378
12.2071312500001,6.69023472392291
12.2074645833335,6.6890628488618
12.2077979166668,6.68645868205931
12.2081312500001,6.68190139015496
12.2084645833335,6.68359409857658
12.2087979166668,6.68815139048093
12.2091312500001,6.68177118181484
12.2094645833335,6.68190139015496
12.2097979166668,6.67500034812838
12.2101312500001,6.67695347323024
12.2104645833335,6.67057326456415
12.2107979166668,6.66432326423819
12.2111312500001,6.66497430593881
12.2114645833335,6.66953159784316
12.2117979166668,6.67408888974751
12.2121312500001,6.66888055614254
12.2124645833335,6.66979201452341
12.2127979166668,6.6751305564685
12.2131312500002,6.67643263986975
12.2134645833335,6.67382847306726
12.2137979166668,6.67031284788391
12.2141312500002,6.67291701468639
12.2144645833335,6.67200555630552
12.2147979166668,6.66835972278204
12.2151312500002,6.6718753479654
12.2154645833335,6.68684930707968
12.2157979166668,6.7009118078131
12.2161312500002,6.70442743299645
12.2164645833335,6.69479201582726
12.2167979166668,6.68606805703894
12.2171312500002,6.6837243069167
12.2174645833335,6.68580764035869
12.2177979166668,6.68255243185558
12.2181312500002,6.67500034812838
12.2184645833335,6.67382847306726
12.2187979166668,6.68007847339322
12.2191312500002,6.68763055712043
12.2194645833335,6.68320347355621
12.2197979166668,6.67148472294503
12.2201312500002,6.66979201452341
12.2204645833335,6.67851597331173
12.2207979166668,6.68515659865807
12.2211312500002,6.67812534829136
12.2214645833335,6.66080763905484
12.2217979166668,6.66419305589807
12.2221312500002,6.66888055614254
12.2224645833335,6.67356805638701
12.2227979166668,6.66822951444192
12.2231312500002,6.66119826407521
12.2234645833335,6.67031284788391
12.2237979166668,6.66992222286353
12.2241312500002,6.67447951476788
12.2244645833335,6.66523472261906
12.2247979166668,6.65963576399372
12.2251312500002,6.6622399307962
12.2254645833335,6.66210972245608
12.2257979166668,6.66132847241534
12.2261312500002,6.65976597233385
12.2264645833335,6.66080763905484
12.2267979166668,6.66341180585732
12.2271312500002,6.6589847222931
12.2274645833335,6.65651076383074
12.2277979166668,6.65026076350478
12.2281312500002,6.64726597168192
12.2284645833335,6.64765659670229
12.2287979166668,6.65390659702825
12.2291312500002,6.66237013913633
12.2294645833335,6.66445347257832
12.2297979166668,6.66302118083695
12.2301312500002,6.6627607641567
12.2304645833335,6.66731805606105
12.2307979166668,6.67343784804689
12.2311312500002,6.66106805573509
12.2314645833335,6.65052118018502
12.2317979166668,6.64947951346403
12.2321312500002,6.65598993047024
12.2324645833335,6.66028680569434
12.2327979166668,6.6589847222931
12.2331312500002,6.66315138917707
12.2334645833335,6.66171909743571
12.2337979166668,6.66237013913633
12.2341312500002,6.65820347225235
12.2344645833335,6.65781284723198
12.2347979166668,6.65976597233385
12.2351312500002,6.66731805606105
12.2354645833335,6.67057326456415
12.2357979166668,6.67148472294503
12.2361312500002,6.6723961813259
12.2364645833335,6.67421909808763
12.2367979166668,6.66979201452341
12.2371312500002,6.66992222286353
12.2374645833335,6.6804690984136
12.2377979166668,6.68763055712043
12.2381312500002,6.67786493161111
12.2384645833335,6.66679722270055
12.2387979166668,6.66601597265981
12.2391312500002,6.67291701468639
12.2394645833335,6.67955764003273
12.2397979166668,6.67851597331173
12.2401312500002,6.67864618165186
12.2404645833335,6.68190139015496
12.2407979166669,6.68919305720192
12.2411312500002,6.69062534894329
12.2414645833335,6.68528680699819
12.2417979166669,6.68411493193708
12.2421312500002,6.69244826570503
12.2424645833335,6.69687534926925
12.2427979166669,6.70130243283347
12.2431312500002,6.69570347420813
12.2434645833335,6.70195347453409
12.2437979166669,6.6971357659495
12.2441312500002,6.70338576627546
12.2444645833335,6.69635451590875
12.2447979166669,6.69622430756863
12.2451312500002,6.69375034910627
12.2454645833335,6.70351597461559
12.2457979166669,6.70937534992118
12.2461312500002,6.71770868368913
12.2464645833335,6.71263055842428
12.2467979166669,6.70924514158105
12.2471312500002,6.70716180813906
12.2474645833335,6.70937534992118
12.2477979166669,6.7138024334854
12.2481312500002,6.71588576692739
12.2484645833335,6.71770868368913
12.2487979166669,6.71822951704962
12.2491312500002,6.7223961839336
12.2494645833335,6.72265660061385
12.2497979166669,6.73112014272192
12.2501312500002,6.74101597657136
12.2504645833335,6.74856806029857
12.2507979166669,6.75612014402577
12.2511312500002,6.75598993568565
12.2514645833335,6.76770868629683
12.2517979166669,6.77096389479993
12.2521312500002,6.77135451982031
12.2524645833335,6.77252639488143
12.2527979166669,6.77083368645981
12.2531312500002,6.77226597820118
12.2534645833335,6.77161493650056
12.2537979166669,6.77747431180615
12.2541312500002,6.78411493715248
12.2544645833335,6.78971389577782
12.2547979166669,6.78489618719323
12.2551312500002,6.78437535383273
12.2554645833335,6.79348993764143
12.2557979166669,6.80533889659273
12.2561312500002,6.81093785521807
12.2564645833335,6.80390660485136
12.2567979166669,6.79830764622602
12.2571312500002,6.79882847958652
12.2574645833335,6.80364618817112
12.2577979166669,6.80533889659273
12.2581312500002,6.80481806323223
12.2584645833335,6.79622431278403
12.2587979166669,6.79687535448466
12.2591312500002,6.79674514614453
12.2594645833335,6.79049514581857
12.2597979166669,6.79257847926056
12.2601312500002,6.79244827092043
12.2604645833335,6.79934931294702
12.2607979166669,6.79622431278403
12.2611312500002,6.78945347909758
12.2614645833335,6.78411493715248
12.2617979166669,6.78723993731546
12.2621312500002,6.79375035432167
12.2624645833335,6.79453160436242
12.2627979166669,6.78763056233584
12.2631312500002,6.78216181205062
12.2634645833335,6.77968785358826
12.2637979166669,6.78125035366975
12.26413125,6.780469103629
12.2644645833333,6.77487014500366
12.2647979166667,6.76796910297708
12.26513125,6.76796910297708
12.2654645833333,6.77252639488143
12.2657979166667,6.7648441028141
12.26613125,6.75221389382205
12.2664645833333,6.74492222677509
12.2667979166667,6.7509118104208
12.26713125,6.74882847697882
12.2674645833333,6.74479201843496
12.2677979166667,6.73841180976888
12.26813125,6.73541701794602
12.2684645833333,6.73997430985037
12.2687979166667,6.74427118507447
12.26913125,6.74179722661211
12.2694645833333,6.73580764296639
12.2697979166667,6.73242222612316
12.27013125,6.73606805964664
12.2704645833333,6.73997430985037
12.2707979166667,6.7347659762454
12.27113125,6.73268264280341
12.2714645833333,6.7299482676608
12.2717979166667,6.72773472587869
12.27213125,6.71966180879099
12.2724645833333,6.71953160045086
12.2727979166667,6.72161493389285
12.27313125,6.73359410118428
12.2734645833333,6.7261722257972
12.2737979166667,6.7170576419885
12.27413125,6.70976597494155
12.2744645833333,6.70507847469708
12.2747979166667,6.71158889170329
12.27513125,6.71106805834279
12.2754645833333,6.71588576692739
12.2757979166667,6.7143232668459
12.27613125,6.70989618328167
12.2764645833334,6.70533889137732
12.2767979166667,6.70494826635695
12.27713125,6.7003909744526
12.2774645833334,6.69791701599024
12.2777979166667,6.6971357659495
12.27813125,6.70247430789459
12.2784645833334,6.70052118279273
12.2787979166667,6.69739618262975
12.27913125,6.69583368254826
12.2794645833334,6.69635451590875
12.2797979166667,6.69674514092912
12.28013125,6.69856805769086
12.2804645833334,6.69596389088838
12.2807979166667,6.6885420155013
12.28113125,6.68437534861732
12.2814645833334,6.68489618197782
12.2817979166667,6.68789097380068
12.28213125,6.68177118181484
12.2824645833334,6.67669305654999
12.2827979166667,6.66862013946229
12.28313125,6.65820347225235
12.2834645833334,6.65481805540912
12.2837979166667,6.64895868010353
12.28413125,6.65729201387148
12.2844645833334,6.66145868075546
12.2847979166667,6.66263055581658
12.28513125,6.65351597200788
12.2854645833334,6.65013055516465
12.2857979166667,6.65781284723198
12.28613125,6.65729201387148
12.2864645833334,6.65260451362701
12.2867979166667,6.64713576334179
12.28713125,6.64544305492018
12.2874645833334,6.64791701338254
12.2877979166667,6.64375034649857
12.28813125,6.64192742973683
12.2884645833334,6.63984409629484
12.2887979166667,6.64570347160043
12.28913125,6.64791701338254
12.2894645833334,6.64492222155968
12.2897979166667,6.63997430463496
12.29013125,6.63619826277136
12.2904645833334,6.63684930447198
12.2907979166667,6.63046909580589
12.29113125,6.63268263758801
12.2914645833334,6.63112013750652
12.2917979166667,6.63125034584664
12.29213125,6.62851597070403
12.2924645833334,6.63098992916639
12.2927979166667,6.63815138787322
12.29313125,6.63671909613186
12.2934645833334,6.62968784576515
12.2937979166667,6.62981805410527
12.29413125,6.63515659605037
12.2944645833334,6.6412763880362
12.2947979166667,6.6342451376695
12.29513125,6.63190138754726
12.2954645833334,6.6256513872213
12.2957979166667,6.62656284560217
12.29613125,6.61888055353484
12.2964645833334,6.612760761549
12.2967979166667,6.60455763612117
12.29713125,6.60677117790328
12.2974645833334,6.61002638640639
12.2977979166667,6.61432326163049
12.29813125,6.61067742810701
12.2984645833334,6.61432326163049
12.2987979166667,6.61341180324962
12.29913125,6.61940138689533
12.2994645833334,6.6203128452762
12.2997979166667,6.61835972017434
12.30013125,6.62447951216018
12.3004645833334,6.62864617904415
12.3007979166667,6.62929722074478
12.30113125,6.62304722041881
12.3014645833334,6.61354201158974
12.3017979166667,6.61471388665086
12.3021312500001,6.61471388665086
12.3024645833334,6.61966180357558
12.3027979166667,6.61666701175272
12.3031312500001,6.61171909482801
12.3034645833334,6.6084638863249
12.3037979166667,6.61536492835148
12.3041312500001,6.62265659539844
12.3044645833334,6.62760451232316
12.3047979166667,6.6256513872213
12.3051312500001,6.62109409531695
12.3054645833334,6.61588576171198
12.3057979166667,6.61862013685459
12.3061312500001,6.62109409531695
12.3064645833334,6.612760761549
12.3067979166667,6.60768263628415
12.3071312500001,6.61536492835148
12.3074645833334,6.63138055418676
12.3077979166667,6.63151076252689
12.3081312500001,6.6299482624454
12.3084645833334,6.63046909580589
12.3087979166667,6.63658888779173
12.3091312500001,6.63411492932937
12.3094645833334,6.62604201224167
12.3097979166667,6.62877638738428
12.3101312500001,6.63268263758801
12.3104645833334,6.63697951281211
12.3107979166667,6.63255242924788
12.3111312500001,6.62500034552068
12.3114645833334,6.62369826211943
12.3117979166667,6.62317742875894
12.3121312500001,6.62838576236391
12.3124645833334,6.63046909580589
12.3127979166667,6.63476597102999
12.3131312500001,6.62851597070403
12.3134645833334,6.62239617871819
12.3137979166667,6.61914097021509
12.3141312500001,6.6289065957244
12.3144645833334,6.63906284625409
12.3147979166667,6.63723992949235
12.3151312500001,6.63020867912564
12.3154645833334,6.63346388762875
12.3157979166667,6.63997430463496
12.3161312500001,6.64440138819919
12.3164645833334,6.63971388795471
12.3167979166667,6.63346388762875
12.3171312500001,6.63190138754726
12.3174645833334,6.63958367961459
12.3177979166667,6.64140659637633
12.3181312500001,6.64713576334179
12.3184645833334,6.64440138819919
12.3187979166667,6.64622430496093
12.3191312500001,6.64830763840291
12.3194645833334,6.64765659670229
12.3197979166667,6.65104201354552
12.3201312500001,6.65338576366776
12.3204645833334,6.65585972213012
12.3207979166667,6.65885451395297
12.3211312500001,6.66289097249683
12.3214645833334,6.66549513929931
12.3217979166667,6.6665368060203
12.3221312500001,6.66796909776167
12.3224645833334,6.67630243152962
12.3227979166667,6.68020868173335
12.3231312500001,6.67981805671298
12.3234645833334,6.67734409825062
12.3237979166667,6.68554722367844
12.3241312500001,6.69804722433037
12.3244645833334,6.70625034975819
12.3247979166667,6.70703159979894
12.3251312500001,6.70976597494155
12.3254645833334,6.71966180879099
12.3257979166667,6.73671910134726
12.3261312500001,6.7476566019177
12.3264645833334,6.74895868531894
12.3267979166667,6.75260451884242
12.3271312500001,6.76132847763074
12.3274645833334,6.76523472783447
12.3277979166667,6.76354201941285
12.3281312500001,6.76263056103198
12.3284645833334,6.77317743658205
12.3287979166668,6.78802118735621
12.3291312500001,6.79205764590006
12.3294645833334,6.8019534797495
12.3297979166668,6.80794306339521
12.3301312500001,6.82005243902677
12.3304645833334,6.82174514744838
12.3307979166668,6.82825556445459
12.3311312500001,6.84101598178677
12.3314645833334,6.85273473239795
12.3317979166668,6.86718785815174
12.3321312500001,6.86927119159373
12.3324645833334,6.8739586918382
12.3327979166668,6.87083369167522
12.3331312500001,6.87578160859994
12.3334645833334,6.88919306763273
12.3337979166668,6.89843785978155
12.3341312500001,6.91119827711373
12.3344645833334,6.9196618192218
12.3347979166668,6.92721390294901
12.3351312500001,6.94036494530155
12.3354645833334,6.94687536230777
12.3357979166668,6.95664098781708
12.3361312500001,6.95755244619795
12.3364645833334,6.96783890506777
12.3367979166668,6.98216182248143
12.3371312500001,6.98997432288888
12.3374645833334,6.98854203114752
12.3377979166668,6.98463578094379
12.3381312500001,6.98802119778702
12.3384645833334,7.00247432354081
12.3387979166668,7.00664099042479
12.3391312500001,7.00872432386677
12.3394645833334,7.01471390751249
12.3397979166668,7.02604203310329
12.3401312500001,7.03072953334777
12.3404645833334,7.02148474119895
12.3407979166668,7.02044307447795
12.3411312500001,7.02721390816441
12.3414645833334,7.03802120039472
12.3417979166668,7.03815140873485
12.3421312500001,7.02799515820516
12.3424645833334,7.0255211997428
12.3427979166668,7.02591182476317
12.3431312500001,7.03307328347
12.3434645833334,7.03333370015025
12.3437979166668,7.02773474152491
12.3441312500001,7.02330765796069
12.3444645833334,7.01445349083224
12.3447979166668,7.01406286581187
12.3451312500001,7.00117224013957
12.3454645833334,6.99257848969137
12.3457979166668,6.98190140580118
12.3461312500001,6.97031286353013
12.3464645833334,6.96015661300044
12.3467979166668,6.95078161251149
12.3471312500001,6.95533890441584
12.3474645833334,6.96002640466031
12.3477979166668,6.95677119615721
12.3481312500001,6.9454430705664
12.3484645833334,6.92473994448665
12.3487979166668,6.91145869379398
12.3491312500001,6.90559931848838
12.3494645833334,6.89791702642106
12.3497979166668,6.89101598439447
12.3501312500001,6.88072952552466
12.3504645833334,6.88138056722528
12.3507979166668,6.88398473402776
12.3511312500001,6.87981806714379
12.3514645833334,6.86145869118627
12.3517979166668,6.84791702381335
12.3521312500001,6.84283889854851
12.3524645833334,6.83971389838553
12.3527979166668,6.82799514777435
12.3531312500001,6.81341181368043
12.3534645833334,6.81223993861931
12.3537979166668,6.81080764687795
12.3541312500001,6.81028681351745
12.3544645833334,6.80716181335447
12.3547979166668,6.80078160468838
12.3551312500001,6.80260452145012
12.3554645833334,6.79830764622602
12.3557979166668,6.80000035464764
12.3561312500001,6.79492222938279
12.3564645833334,6.78619827059447
12.3567979166668,6.77382847828267
12.3571312500001,6.77044306143944
12.3574645833335,6.77252639488143
12.3577979166668,6.77161493650056
12.3581312500001,6.75651076904614
12.3584645833334,6.74947951867944
12.3587979166668,6.75598993568565
12.3591312500001,6.76549514451472
12.3594645833335,6.76835972799745
12.3597979166668,6.75820347746776
12.3601312500001,6.75664097738627
12.3604645833335,6.75898472750851
12.3607979166668,6.76145868597087
12.3611312500001,6.75976597754925
12.3614645833335,6.75664097738627
12.3617979166668,6.75755243576714
12.3621312500001,6.76692743625608
12.3624645833335,6.77278681156167
12.3627979166668,6.77955764524813
12.3631312500001,6.77513056168391
12.3634645833335,6.77786493682652
12.3637979166668,6.7858076455741
12.3641312500001,6.79934931294702
12.3644645833335,6.80768264671497
12.3647979166668,6.80924514679646
12.3651312500001,6.81171910525882
12.3654645833335,6.81705764720391
12.3657979166668,6.8229170225095
12.3661312500001,6.8272138977336
12.3664645833335,6.82903681449534
12.3667979166668,6.83867223166453
12.3671312500001,6.85026077393559
12.3674645833335,6.86276077458751
12.3677979166668,6.8686201498931
12.3681312500001,6.8686201498931
12.3684645833335,6.88059931718453
12.3687979166668,6.89270869281609
12.3691312500001,6.89908890148217
12.3694645833335,6.89960973484267
12.3697979166668,6.90937536035199
12.3701312500001,6.92356806942553
12.3704645833335,6.93541702837683
12.3707979166668,6.9411461953423
12.3711312500001,6.94960973745037
12.3714645833335,6.95937536295969
12.3717979166668,6.9669274466869
12.3721312500001,6.96966182182951
12.3724645833335,6.9787764056382
12.3727979166668,6.98593786434503
12.3731312500001,6.99908890669758
12.3734645833335,6.9959639065346
12.3737979166668,6.99987015673833
12.3741312500001,6.99843786499696
12.3744645833335,7.00065140677907
12.3747979166668,7.00768265714578
12.3751312500001,7.01992224111746
12.3754645833335,7.03203161674901
12.3757979166668,7.03268265844963
12.3761312500001,7.03593786695274
12.3764645833335,7.03502640857187
12.3767979166668,7.04062536719721
12.3771312500001,7.03606807529286
12.3774645833335,7.03229203342926
12.3777979166668,7.0335941168305
12.3781312500001,7.03854203375522
12.3784645833335,7.05052120104665
12.3787979166668,7.04895870096516
12.3791312500001,7.04674515918305
12.3794645833335,7.04583370080218
12.3797979166668,7.03984411715646
12.3801312500001,7.03476599189162
12.3804645833335,7.02148474119895
12.3807979166668,7.01354203245137
12.3811312500001,7.00963578224764
12.3814645833335,7.01054724062851
12.3817979166668,7.01054724062851
12.3821312500001,6.99231807301112
12.3824645833335,6.97994828069932
12.3827979166668,6.96744828004739
12.3831312500001,6.96848994676839
12.3834645833335,6.9583336962387
12.3837979166668,6.94921911243
12.3841312500002,6.94036494530155
12.3844645833335,6.93489619501634
12.3847979166668,6.93098994481261
12.3851312500002,6.92031286092242
12.3854645833335,6.9110680687736
12.3857979166668,6.9078128602705
12.3861312500002,6.91263056885509
12.3864645833335,6.90104202658404
12.3867979166668,6.88919306763273
12.3871312500002,6.87890660876292
12.3874645833335,6.8782555670623
12.3877979166668,6.87473994187894
12.3881312500002,6.86666702479124
12.3884645833335,6.85989619110478
12.3887979166668,6.85117223231646
12.3891312500002,6.8481774404936
12.3894645833335,6.8449222319905
12.3897979166668,6.82929723117559
12.3901312500002,6.81705764720391
12.3904645833335,6.80468785489211
12.3907979166668,6.80104202136863
12.3911312500002,6.79062535415869
12.3914645833335,6.78554722889385
12.3917979166668,6.78164097869012
12.3921312500002,6.78059931196913
12.3924645833335,6.77864618686726
12.3927979166668,6.7729170199018
12.3931312500002,6.76106806095049
12.3934645833335,6.75859410248813
12.3937979166668,6.76367222775298
12.3941312500002,6.76237014435174
12.3944645833335,6.75533889398503
12.3947979166668,6.75221389382205
12.3951312500002,6.75638056070602
12.3954645833335,6.75390660224366
12.3957979166668,6.74518264345534
12.3961312500002,6.73489618458552
12.3964645833335,6.73958368483
12.3967979166668,6.7476566019177
12.3971312500002,6.75299514386279
12.3974645833335,6.73945347648987
12.3977979166668,6.73307326782378
12.3981312500002,6.73463576790528
12.3984645833335,6.74010451819049
12.3987979166668,6.73997430985037
12.3991312500002,6.73880243478925
12.3994645833335,6.74179722661211
12.3997979166668,6.73828160142875
12.4001312500002,6.73671910134726
12.4004645833335,6.73984410151024
12.4007979166668,6.7438805600541
12.4011312500002,6.74739618523745
12.4014645833335,6.74492222677509
12.4017979166668,6.75794306078751
12.4021312500002,6.76979201973882
12.4024645833335,6.77760452014627
12.4027979166668,6.77695347844565
12.4031312500002,6.78489618719323
12.4034645833335,6.79309931262105
12.4037979166668,6.80026077132789
12.4041312500002,6.79492222938279
12.4044645833335,6.80208368808962
12.4047979166668,6.81223993861931
12.4051312500002,6.82968785619596
12.4054645833335,6.8406253567664
12.4057979166668,6.84596389871149
12.4061312500002,6.85117223231646
12.4064645833335,6.86015660778503
12.4067979166668,6.86653681645112
12.4071312500002,6.87031285831472
12.4074645833335,6.87591181694006
12.4077979166668,6.88789098423149
12.4081312500002,6.90585973516863
12.4084645833335,6.91848994416068
12.4087979166668,6.93007848643174
12.4091312500002,6.94622432060714
12.4094645833335,6.96575557162578
12.4097979166668,6.99010453122901
12.4101312500002,7.00182328184019
12.4104645833335,7.01341182411125
12.4107979166669,7.02109411617858
12.4111312500002,7.0421878672787
12.4114645833335,7.06341182671895
12.4117979166669,7.07734411911224
12.4121312500002,7.08541703619994
12.4124645833335,7.08919307806355
12.4127979166669,7.09765662017162
12.4131312500002,7.09153682818578
12.4134645833335,7.09414099498827
12.4137979166669,7.10208370373584
12.4141312500002,7.11979203799274
12.4144645833335,7.13489620544715
12.4147979166669,7.13854203897063
12.4151312500002,7.13710974722926
12.4154645833335,7.13554724714777
12.4157979166669,7.13997433071199
12.4161312500002,7.14518266431696
12.4164645833335,7.15520870650653
12.4167979166669,7.16640662375721
12.4171312500002,7.17096391566156
12.4174645833335,7.16484412367572
12.4177979166669,7.15963579007075
12.4181312500002,7.1647139153356
12.4184645833335,7.17356808246405
12.4187979166669,7.17721391598752
12.4191312500002,7.17369829080417
12.4194645833335,7.17161495736218
12.4197979166669,7.1765628742869
12.4201312500002,7.17916704108939
12.4204645833335,7.17916704108939
12.4207979166669,7.17682329096715
12.4211312500002,7.17838579104864
12.4214645833335,7.17916704108939
12.4217979166669,7.17122433234181
12.4221312500002,7.16666704043746
12.4224645833335,7.16237016521336
12.4227979166669,7.16145870683249
12.4231312500002,7.16223995687324
12.4234645833335,7.15520870650653
12.4237979166669,7.15520870650653
12.4241312500002,7.15390662310529
12.4244645833335,7.15442745646578
12.4247979166669,7.15156287298305
12.4251312500002,7.14726599775895
12.4254645833335,7.14661495605833
12.4257979166669,7.14114620577311
12.4261312500002,7.13476599710702
12.4264645833335,7.13580766382802
12.4267979166669,7.14166703913361
12.4271312500002,7.1427087058546
12.4274645833335,7.14205766415398
12.4277979166669,7.13828162229038
12.4281312500002,7.13932328901137
12.4284645833335,7.13359412204591
12.4287979166669,7.13072953856317
12.4291312500002,7.13007849686255
12.4294645833335,7.1384118306305
12.4297979166669,7.15351599808491
12.4301312500002,7.16510454035597
12.4304645833335,7.16237016521336
12.4307979166669,7.15585974820715
12.4311312500002,7.1593753733905
12.4314645833335,7.16966183226032
12.4317979166669,7.16953162392019
12.4321312500002,7.16523474869609
12.4324645833335,7.1566409982479
12.4327979166669,7.16601599873684
12.4331312500002,7.17617224926653
12.4334645833335,7.18164099955175
12.4337979166669,7.17473995752516
12.4341312500002,7.17356808246405
12.4344645833335,7.17591183258628
12.4347979166667,7.18072954117088
12.43513125,7.17838579104864
12.4354645833333,7.1727868324233
12.4357979166667,7.17447954084491
12.43613125,7.17552120756591
12.4364645833333,7.18098995785113
12.4367979166667,7.18098995785113
12.43713125,7.17903683274926
12.4374645833333,7.17421912416467
12.4377979166667,7.17421912416467
12.43813125,7.16523474869609
12.4384645833333,7.1550784981664
12.4387979166667,7.14153683079349
12.43913125,7.14010453905212
12.4394645833333,7.1432295392151
12.4397979166667,7.14010453905212
12.44013125,7.12721391337982
12.4404645833333,7.11054724584392
12.4407979166667,7.09348995328765
12.44113125,7.0846357861592
12.4414645833333,7.08320349441783
12.4417979166667,7.07252641052764
12.44213125,7.06250036833808
12.4424645833333,7.05234411780839
12.4427979166667,7.04987015934603
12.44313125,7.04114620055771
12.4434645833333,7.02226599123969
12.4437979166667,7.00937536556739
12.44413125,6.99609411487472
12.4444645833333,6.9835941142228
12.4447979166667,6.9664066133264
12.44513125,6.94947952911025
12.4454645833334,6.94244827874354
12.4457979166667,6.94036494530155
12.44613125,6.9373701534787
12.4464645833334,6.92812536132988
12.4467979166667,6.91406286059646
12.44713125,6.9029951516859
12.4474645833334,6.89843785978155
12.4477979166667,6.88489619240863
12.44813125,6.87031285831472
12.4484645833334,6.85976598276466
12.4487979166667,6.8562503575813
12.44913125,6.84843785717385
12.4494645833334,6.83515660648118
12.4497979166667,6.81875035562553
12.45013125,6.81015660517733
12.4504645833334,6.80885452177609
12.4507979166667,6.80729202169459
12.45113125,6.80000035464764
12.4514645833334,6.78789097901608
12.4517979166667,6.78177118703025
12.45213125,6.77799514516664
12.4524645833334,6.77565139504441
12.4527979166667,6.77096389479993
12.45313125,6.7766930617654
12.4534645833334,6.77682327010552
12.4537979166667,6.77161493650056
12.45413125,6.76367222775298
12.4544645833334,6.7557295190054
12.4547979166667,6.7600263942295
12.45513125,6.7648441028141
12.4554645833334,6.76471389447397
12.4557979166667,6.75989618588937
12.45613125,6.74895868531894
12.4564645833334,6.74348993503372
12.4567979166667,6.74036493487074
12.45713125,6.73776076806826
12.4574645833334,6.74153680993186
12.4577979166667,6.74023472653062
12.45813125,6.74127639325161
12.4584645833334,6.73619826798677
12.4587979166667,6.74257847665285
12.45913125,6.7509118104208
12.4594645833334,6.75468785228441
12.4597979166667,6.75468785228441
12.46013125,6.75260451884242
12.4604645833334,6.75442743560416
12.4607979166667,6.76289097771223
12.46113125,6.76627639455546
12.4614645833334,6.77148472816043
12.4617979166667,6.76888056135795
12.46213125,6.77057326977956
12.4624645833334,6.76953160305857
12.4627979166667,6.76718785293633
12.46313125,6.77630243674503
12.4634645833334,6.78802118735621
12.4637979166667,6.79609410444391
12.46413125,6.79348993764143
12.4644645833334,6.79479202104267
12.4647979166667,6.8019534797495
12.46513125,6.80651077165385
12.4654645833334,6.80937535513658
12.4657979166667,6.8105472301977
12.46613125,6.81679723052366
12.4664645833334,6.81835973060515
12.4667979166667,6.82825556445459
12.46713125,6.83971389838553
12.4674645833334,6.85494827418006
12.4677979166667,6.86315139960789
12.46813125,6.85898473272391
12.4684645833334,6.85533889920043
12.4687979166667,6.84908889887447
12.46913125,6.85065139895596
12.4694645833334,6.85911494106404
12.4697979166667,6.8691409832536
12.47013125,6.88476598406851
12.4704645833334,6.88945348431298
12.4707979166667,6.88723994253087
12.47113125,6.88372431734752
12.4714645833334,6.88880244261236
12.4717979166667,6.89947952650255
12.4721312500001,6.90559931848838
12.4724645833334,6.91119827711373
12.4727979166667,6.9201826525823
12.4731312500001,6.93281286157435
12.4734645833334,6.94726598732814
12.4737979166667,6.95377640433435
12.4741312500001,6.95768265453808
12.4744645833334,6.95533890441584
12.4747979166667,6.95559932109609
12.4751312500001,6.96067744636093
12.4754645833334,6.9658857799659
12.4757979166667,6.97109411357087
12.4761312500001,6.97278682199249
12.4764645833334,6.98059932239994
12.4767979166667,6.98750036442652
12.4771312500001,6.98776078110677
12.4774645833334,6.98085973908019
12.4777979166667,6.98033890571969
12.4781312500001,6.9755211971351
12.4784645833334,6.97604203049559
12.4787979166667,6.97942744733882
12.4791312500001,6.98723994774628
12.4794645833334,6.97942744733882
12.4797979166667,6.96445348822454
12.4801312500001,6.9578128628782
12.4804645833334,6.95846390457882
12.4807979166667,6.96666703000665
12.4811312500001,6.96796911340789
12.4814645833334,6.9669274466869
12.4817979166667,6.96953161348938
12.4821312500001,6.97148473859124
12.4824645833334,6.97109411357087
12.4827979166667,6.95924515461957
12.4831312500001,6.96197952976218
12.4834645833334,6.96666703000665
12.4837979166667,6.96783890506777
12.4841312500001,6.96028682134056
12.4844645833334,6.95377640433435
12.4847979166667,6.94804723736888
12.4851312500001,6.94661494562752
12.4854645833334,6.9449222372059
12.4857979166667,6.94036494530155
12.4861312500001,6.92942744473112
12.4864645833334,6.93190140319348
12.4867979166667,6.93893265356019
12.4871312500001,6.93697952845832
12.4874645833334,6.91862015250081
12.4877979166667,6.91119827711373
12.4881312500001,6.91197952715447
12.4884645833334,6.90911494367174
12.4887979166667,6.90182327662478
12.4891312500001,6.89218785945559
12.4894645833334,6.89804723476118
12.4897979166667,6.90130244326429
12.4901312500001,6.90143265160441
12.4904645833334,6.88333369232714
12.4907979166667,6.86627639977087
12.4911312500001,6.85468785749981
12.4914645833334,6.85885452438379
12.4917979166667,6.85742223264242
12.4921312500001,6.85507848252019
12.4924645833334,6.84231806518801
12.4927979166667,6.83971389838553
12.4931312500001,6.83294306469907
12.4934645833334,6.83841181498428
12.4937979166667,6.83541702316143
12.4941312500001,6.83294306469907
12.4944645833334,6.8277347310941
12.4947979166667,6.82369827255025
12.4951312500001,6.82304723084962
12.4954645833334,6.81497431376192
12.4957979166667,6.8138024387008
12.4961312500001,6.81341181368043
12.4964645833334,6.81562535546254
12.4967979166667,6.8153649387823
12.4971312500001,6.8100263968372
12.4974645833334,6.80898473011621
12.4977979166667,6.80546910493285
12.4981312500001,6.81315139700018
12.4984645833334,6.81406285538105
12.4987979166667,6.81210973027919
12.4991312500001,6.80820348007546
12.4994645833334,6.81562535546254
12.4997979166668,6.82122431408789
12.5001312500001,6.81028681351745
12.5004645833334,6.80533889659273
12.5007979166668,6.80533889659273
12.5011312500001,6.82473993927124
12.5014645833334,6.82500035595149
12.5017979166668,6.82330764752987
12.5021312500001,6.81822952226503
12.5024645833334,6.81940139732615
12.5027979166668,6.82083368906751
12.5031312500001,6.82174514744838
12.5034645833334,6.82187535578851
12.5037979166668,6.82838577279472
12.5041312500001,6.84088577344664
12.5044645833334,6.84544306535099
12.5047979166668,6.84166702348739
12.5051312500001,6.83554723150155
12.5054645833334,6.83880244000466
12.5057979166668,6.83802118996391
12.5061312500001,6.83984410672565
12.5064645833334,6.84375035692938
12.5067979166668,6.85039098227571
12.5071312500001,6.85208369069733
12.5074645833334,6.85468785749981
12.5077979166668,6.85638056592143
12.5081312500001,6.86028681612515
12.5084645833334,6.85768264932267
12.5087979166668,6.86497431636963
12.5091312500001,6.86510452470975
12.5094645833334,6.87252640009683
12.5097979166668,6.86953160827397
12.5101312500001,6.86132848284615
12.5104645833334,6.86067744114553
12.5107979166668,6.8615888995264
12.5111312500001,6.86627639977087
12.5114645833334,6.86575556641037
12.5117979166668,6.86744827483199
12.5121312500001,6.87252640009683
12.5124645833334,6.86835973321286
12.5127979166668,6.86901077491348
12.5131312500001,6.86992223329435
12.5134645833334,6.87096390001534
12.5137979166668,6.87096390001534
12.5141312500001,6.8648441080295
12.5144645833334,6.86640660811099
12.5147979166668,6.86835973321286
12.5151312500001,6.87382848349807
12.5154645833334,6.87252640009683
12.5157979166668,6.87369827515795
12.5161312500001,6.87278681677708
12.5164645833334,6.86614619143075
12.5167979166668,6.85429723247944
12.5171312500001,6.85273473239795
12.5174645833334,6.85885452438379
12.5177979166668,6.8696618166141
12.5181312500001,6.86927119159373
12.5184645833334,6.87682327532093
12.5187979166668,6.86979202495422
12.5191312500001,6.87421910851845
12.5194645833334,6.87460973353882
12.5197979166668,6.87916702544317
12.5201312500001,6.87473994187894
12.5204645833334,6.87122431669559
12.5207979166668,6.86783889985236
12.5211312500001,6.86380244130851
12.5214645833334,6.85911494106404
12.5217979166668,6.86614619143075
12.5221312500001,6.87460973353882
12.5224645833334,6.87617223362031
12.5227979166668,6.8734378584777
12.5231312500001,6.86875035823323
12.5234645833334,6.87187535839621
12.5237979166668,6.86848994155298
12.5241312500001,6.8734378584777
12.5244645833334,6.87578160859994
12.5247979166668,6.8777347337018
12.5251312500001,6.87539098357957
12.5254645833334,6.8787764004228
12.5257979166668,6.88528681742901
12.5261312500001,6.89075556771422
12.5264645833334,6.89739619306056
12.5267979166668,6.90338577670627
12.5271312500001,6.90716181856988
12.5274645833335,6.90651077686926
12.5277979166668,6.90312536002602
12.5281312500001,6.90507848512789
12.5284645833335,6.91523473565758
12.5287979166668,6.93138056983298
12.5291312500001,6.94570348724665
12.5294645833335,6.94843786238926
12.5297979166668,6.94635452894727
12.5301312500001,6.9411461953423
12.5304645833335,6.94427119550528
12.5307979166668,6.95208369591273
12.5311312500001,6.96067744636093
12.5314645833335,6.97330765535298
12.5317979166668,6.98476598928392
12.5321312500001,6.99557328151423
12.5324645833335,6.99557328151423
12.5327979166668,6.99388057309261
12.5331312500001,7.00677119876491
12.5334645833335,7.02630244978354
12.5337979166668,7.03802120039472
12.5341312500001,7.0373701586941
12.5344645833335,7.0427087006392
12.5347979166668,7.0502607843664
12.5351312500001,7.06510453514056
12.5354645833335,7.06901078534429
12.5357979166668,7.07578161903075
12.5361312500001,7.08710974462156
12.5364645833335,7.10052120365435
12.5367979166668,7.11523474608839
12.5371312500001,7.12773474674032
12.5374645833335,7.13255245532491
12.5377979166668,7.13710974722926
12.5381312500001,7.14518266431696
12.5384645833335,7.16197954019299
12.5387979166668,7.1803389161505
12.5391312500001,7.19049516668019
12.5394645833335,7.1975264170469
12.5397979166668,7.21289100118156
12.5401312500001,7.22994829373783
12.5404645833335,7.24231808604964
12.5407979166668,7.24218787770951
12.5411312500001,7.25221391989908
12.5414645833335,7.26940142079548
12.5417979166668,7.28971392185485
12.5421312500001,7.29283892201784
12.5424645833335,7.29843788064318
12.5427979166668,7.31393267311796
12.5431312500001,7.33007850729337
12.5434645833335,7.33606809093908
12.5437979166668,7.33164100737486
12.5441312500001,7.33190142405511
12.5444645833335,7.34882850827125
12.5447979166668,7.36315142568492
12.5451312500001,7.37161496779299
12.5454645833335,7.37630246803747
12.5457979166668,7.38359413508442
12.5461312500001,7.39179726051225
12.5464645833335,7.39348996893386
12.5467979166668,7.39466184399498
12.5471312500001,7.3910160104715
12.5474645833335,7.3877608019684
12.5477979166668,7.38476601014554
12.5481312500001,7.38489621848566
12.5484645833335,7.38606809354678
12.5487979166668,7.3920576771925
12.5491312500001,7.3958337190561
12.5494645833335,7.39270871889312
12.5497979166668,7.3834639267443
12.5501312500001,7.37994830156095
12.5504645833335,7.37265663451399
12.5507979166668,7.36862017597014
12.5511312500001,7.35507850859722
12.5514645833335,7.34348996632616
12.5517979166668,7.33854204940144
12.5521312500001,7.34218788292492
12.5524645833335,7.33580767425883
12.5527979166668,7.31875038170256
12.5531312500001,7.30247433918703
12.5534645833335,7.29830767230305
12.5537979166668,7.30013058906479
12.5541312500002,7.29388058873883
12.5544645833335,7.28281287982827
12.5547979166668,7.27213579593808
12.5551312500002,7.26848996241461
12.5554645833335,7.26862017075473
12.5557979166668,7.26510454557138
12.5561312500002,7.25052121147746
12.5564645833335,7.23346391892119
12.5567979166668,7.22239621001063
12.5571312500002,7.21744829308591
12.5574645833335,7.21028683437908
12.5577979166668,7.19973995882901
12.5581312500002,7.19062537502032
12.5584645833335,7.18697954149684
12.5587979166668,7.18411495801411
12.5591312500002,7.17604204092641
12.5594645833335,7.16328162359423
12.5597979166668,7.15156287298305
12.5601312500002,7.14179724747373
12.5604645833335,7.13867224731075
12.5607979166668,7.13151078860392
12.5611312500002,7.12695349669957
12.5614645833335,7.11914099629212
12.5617979166668,7.11328162098653
12.5621312500002,7.11484412106802
12.5624645833335,7.1131514126464
12.5627979166668,7.1098962041433
12.5631312500002,7.10338578713709
12.5634645833335,7.10286495377659
12.5637979166668,7.09908891191299
12.5641312500002,7.09309932826727
12.5644645833335,7.08997432810429
12.5647979166668,7.08489620283945
12.5651312500002,7.0755212023505
12.5654645833335,7.06875036866404
12.5657979166668,7.06549516016094
12.5661312500002,7.06393266007945
12.5664645833335,7.06484411846032
12.5667979166668,7.06419307675969
12.5671312500002,7.06054724323622
12.5674645833335,7.05143265942752
12.5677979166668,7.05013057602628
12.5681312500002,7.05781286809361
12.5684645833335,7.06093786825659
12.5687979166668,7.06197953497758
12.5691312500002,7.05924515983497
12.5694645833335,7.06002640987572
12.5697979166668,7.05286495116889
12.5701312500002,7.05234411780839
12.5704645833335,7.04869828428491
12.5707979166668,7.05273474282876
12.5711312500002,7.05299515950901
12.5714645833335,7.05403682623
12.5717979166668,7.05729203473311
12.5721312500002,7.06250036833808
12.5724645833335,7.06223995165783
12.5727979166668,7.05755245141336
12.5731312500002,7.05286495116889
12.5734645833335,7.05364620120963
12.5737979166668,7.05625036801212
12.5741312500002,7.05481807627075
12.5744645833335,7.06197953497758
12.5747979166668,7.06966182704491
12.5751312500002,7.06992224372516
12.5754645833335,7.06223995165783
12.5757979166668,7.05494828461087
12.5761312500002,7.05065140938677
12.5764645833335,7.05013057602628
12.5767979166668,7.05091182606702
12.5771312500002,7.05585974299174
12.5774645833335,7.05924515983497
12.5777979166668,7.06822953530355
12.5781312500002,7.07447953562951
12.5784645833335,7.08046911927522
12.5787979166668,7.06940141036466
12.5791312500002,7.06080765991646
12.5794645833335,7.05546911797137
12.5797979166668,7.06223995165783
12.5801312500002,7.06523474348069
12.5804645833335,7.06953161870479
12.5807979166668,7.0717451604869
12.5811312500002,7.07487016064988
12.5814645833335,7.06757849360292
12.5817979166669,7.05013057602628
12.5821312500002,7.0416670339182
12.5824645833335,7.04804724258429
12.5827979166669,7.05820349311398
12.5831312500002,7.06328161837882
12.5834645833335,7.05546911797137
12.5837979166669,7.05651078469237
12.5841312500002,7.05429724291025
12.5844645833335,7.05286495116889
12.5847979166669,7.05468786793062
12.5851312500002,7.06432328509982
12.5854645833335,7.07213578550727
12.5857979166669,7.06510453514056
12.5861312500002,7.06158890995721
12.5864645833335,7.06393266007945
12.5867979166669,7.06406286841957
12.5871312500002,7.06054724323622
12.5874645833335,7.0583337014541
12.5877979166669,7.06250036833808
12.5881312500002,7.06562536850106
12.5884645833335,7.06471391012019
12.5887979166669,7.06666703522205
12.5891312500002,7.06809932696342
12.5894645833335,7.07408891060914
12.5897979166669,7.07578161903075
12.5901312500002,7.07513057733013
12.5904645833335,7.07356807724864
12.5907979166669,7.07265661886777
12.5911312500002,7.0755212023505
12.5914645833335,7.07578161903075
12.5917979166669,7.07291703554802
12.5921312500002,7.07161495214677
12.5924645833335,7.07343786890851
12.5927979166669,7.08085974429559
12.5931312500002,7.08541703619994
12.5934645833335,7.08164099433634
12.5937979166669,7.0765628690715
12.5941312500002,7.07278682720789
12.5944645833335,7.07591182737087
12.5947979166669,7.07916703587398
12.5951312500002,7.07786495247274
12.5954645833335,7.07747432745236
12.5957979166669,7.07786495247274
12.5961312500002,7.08020870259497
12.5964645833335,7.0717451604869
12.5967979166669,7.06484411846032
12.5971312500002,7.06002640987572
12.5974645833335,7.06458370178007
12.5977979166669,7.07513057733013
12.5981312500002,7.07473995230976
12.5984645833335,7.0669274519023
12.5987979166669,7.06302120169858
12.5991312500002,7.06393266007945
12.5994645833335,7.07578161903075
12.5997979166669,7.07695349409187
12.6001312500002,7.07760453579249
12.6004645833335,7.07304724388814
12.6007979166669,7.07109411878628
12.6011312500002,7.06536495182081
12.6014645833335,7.05846390979423
12.6017979166669,7.05677120137261
12.6021312500002,7.06770870194305
12.6024645833335,7.07513057733013
12.6027979166669,7.06875036866404
12.6031312500002,7.07304724388814
12.6034645833335,7.07669307741162
12.6037979166669,7.08007849425485
12.6041312500002,7.07018266040541
12.6044645833335,7.06770870194305
12.6047979166669,7.06171911829733
12.6051312500002,7.05664099303249
12.6054645833333,7.05260453448864
12.6057979166667,7.05716182639299
12.60613125,7.05533890963125
12.6064645833333,7.05872432647448
12.6067979166667,7.07473995230976
12.60713125,7.08945349474379
12.6074645833333,7.09049516146479
12.6077979166667,7.08333370275795
12.60813125,7.07356807724864
12.6084645833333,7.06966182704491
12.6087979166667,7.06731807692268
12.60913125,7.0679691186233
12.6094645833333,7.06575557684118
12.6097979166667,7.06979203538504
12.61013125,7.0884118280228
12.6104645833333,7.10781287070131
12.6107979166667,7.11575557944889
12.61113125,7.1104170375038
12.6114645833333,7.11354203766678
12.6117979166667,7.12382849653659
12.61213125,7.12955766350206
12.6124645833333,7.12773474674032
12.6127979166667,7.1265628716792
12.61313125,7.12851599678106
12.6134645833333,7.13164099694404
12.6137979166667,7.13333370536566
12.61413125,7.14401078925584
12.6144645833333,7.15039099792193
12.6147979166667,7.14973995622131
12.61513125,7.14973995622131
12.6154645833334,7.15338578974479
12.6157979166667,7.15911495671026
12.61613125,7.16510454035597
12.6164645833333,7.16940141558007
12.6167979166667,7.17578162424616
12.61713125,7.18098995785113
12.6174645833334,7.19036495834007
12.6177979166667,7.20260454231175
12.61813125,7.20221391729138
12.6184645833334,7.20572954247473
12.6187979166667,7.2023441256315
12.61913125,7.20312537567224
12.6194645833334,7.20247433397162
12.6197979166667,7.20559933413461
12.62013125,7.20690141753585
12.6204645833334,7.20221391729138
12.6207979166667,7.20273475065187
12.62113125,7.20846391761734
12.6214645833334,7.20898475097783
12.6217979166667,7.20572954247473
12.62213125,7.20729204255622
12.6224645833334,7.21315141786181
12.6227979166667,7.21497433462355
12.62313125,7.21640662636492
12.6234645833334,7.21888058482728
12.6237979166667,7.21875037648715
12.62413125,7.22369829341187
12.6244645833334,7.22942746037734
12.6247979166667,7.23216183551995
12.62513125,7.23007850207796
12.6254645833334,7.22916704369709
12.6257979166667,7.23229204386007
12.62613125,7.23085975211871
12.6264645833334,7.23216183551995
12.6267979166667,7.23763058580516
12.62713125,7.24362016945088
12.6274645833334,7.24869829471572
12.6277979166667,7.24713579463423
12.62813125,7.24140662766877
12.6284645833334,7.23476600232243
12.6287979166667,7.23893266920641
12.62913125,7.24518266953237
12.6294645833334,7.25846392022504
12.6297979166667,7.26119829536765
12.63013125,7.25598996176268
12.6304645833334,7.24466183617187
12.6307979166667,7.23710975244467
12.63113125,7.23776079414529
12.6314645833334,7.24114621098852
12.6317979166667,7.24062537762802
12.63213125,7.24283891941013
12.6324645833334,7.24453162783175
12.6327979166667,7.25065141981759
12.63313125,7.24960975309659
12.6334645833334,7.24544308621262
12.6337979166667,7.2351566273428
12.63413125,7.24505246119225
12.6344645833334,7.25742225350405
12.6347979166667,7.26875037909486
12.63513125,7.26002642030653
12.6354645833334,7.25625037844293
12.6357979166667,7.25911496192566
12.63613125,7.26705767067324
12.6364645833334,7.26588579561212
12.6367979166667,7.26458371221088
12.63713125,7.26445350387075
12.6374645833334,7.27161496257759
12.6377979166667,7.27513058776094
12.63813125,7.27643267116218
12.6384645833334,7.27226600427821
12.6387979166667,7.27708371286281
12.63913125,7.28489621327026
12.6394645833334,7.28932329683448
12.6397979166667,7.28463579659001
12.64013125,7.28489621327026
12.6404645833334,7.29127642193635
12.6407979166667,7.29153683861659
12.64113125,7.2947920471197
12.6414645833334,7.29492225545982
12.6417979166667,7.30585975603026
12.64213125,7.3119795480161
12.6424645833334,7.3162764232402
12.6427979166667,7.31315142307722
12.64313125,7.30963579789386
12.6434645833334,7.31171913133585
12.6437979166667,7.31875038170256
12.6441312500001,7.31653683992045
12.6444645833334,7.32031288178405
12.6447979166667,7.32500038202852
12.64513125,7.33854204940144
12.6454645833334,7.33645871595945
12.6457979166667,7.33112017401436
12.6461312500001,7.33164100737486
12.6464645833334,7.33489621587796
12.6467979166667,7.34739621652989
12.6471312500001,7.34921913329163
12.6474645833334,7.35234413345461
12.6477979166667,7.35377642519598
12.6481312500001,7.3619795506238
12.6484645833334,7.36914100933063
12.6487979166667,7.36875038431026
12.6491312500001,7.36744830090902
12.6494645833334,7.36757850924914
12.6497979166667,7.3700524677115
12.6501312500001,7.36640663418803
12.6504645833334,7.36223996730405
12.6507979166667,7.35924517548119
12.6511312500001,7.35664100867871
12.6514645833334,7.36757850924914
12.6517979166667,7.3791670515202
12.6521312500001,7.38307330172393
12.6524645833334,7.37473996795598
12.6527979166667,7.36692746754852
12.6531312500001,7.36119830058306
12.6534645833334,7.36054725888244
12.6537979166667,7.36158892560343
12.6541312500001,7.37161496779299
12.6544645833334,7.37890663483995
12.6547979166667,7.38359413508442
12.6551312500001,7.38515663516591
12.6554645833334,7.38841184366902
12.6557979166667,7.38893267702952
12.6561312500001,7.38971392707026
12.6564645833334,7.38802121864865
12.6567979166667,7.38932330204989
12.6571312500001,7.38359413508442
12.6574645833334,7.37096392609237
12.6577979166667,7.36901080099051
12.6581312500001,7.37200559281337
12.6584645833334,7.38268267670355
12.6587979166667,7.37994830156095
12.6591312500001,7.37695350973809
12.6594645833334,7.36914100933063
12.6597979166667,7.36848996763001
12.6601312500001,7.37552121799672
12.6604645833334,7.38515663516591
12.6607979166667,7.39726601079747
12.6611312500001,7.39804726083821
12.6614645833334,7.39088580213138
12.6617979166667,7.37890663483995
12.6621312500001,7.38046913492144
12.6624645833334,7.38893267702952
12.6627979166667,7.39674517743697
12.6631312500001,7.39335976059374
12.6634645833334,7.38750038528815
12.6637979166667,7.38216184334306
12.6641312500001,7.37812538479921
12.6644645833334,7.37825559313933
12.6647979166667,7.38007850990107
12.6651312500001,7.38268267670355
12.6654645833334,7.38177121832268
12.6657979166667,7.38112017662206
12.6661312500001,7.38151080164244
12.6664645833334,7.38515663516591
12.6667979166667,7.39023476043076
12.6671312500001,7.38658892690728
12.6674645833334,7.38125038496219
12.6677979166667,7.37994830156095
12.6681312500001,7.38593788520666
12.6684645833334,7.3877608019684
12.6687979166667,7.38372434342455
12.6691312500001,7.38515663516591
12.6694645833334,7.39427121897461
12.6697979166667,7.39973996925983
12.6701312500001,7.4006514276407
12.6704645833334,7.39440142731473
12.6707979166668,7.39830767751846
12.6711312500001,7.40208371938206
12.6714645833334,7.41237017825188
12.6717979166667,7.41601601177536
12.6721312500001,7.42005247031921
12.6724645833334,7.42395872052293
12.6727979166668,7.4291670541279
12.6731312500001,7.43190142927051
12.6734645833334,7.42656288732542
12.6737979166668,7.42096392870008
12.6741312500001,7.42760455404641
12.6744645833334,7.43958372133784
12.6747979166668,7.44101601307921
12.6751312500001,7.44036497137859
12.6754645833334,7.44322955486132
12.6757979166668,7.4463545550243
12.6761312500001,7.44895872182679
12.6764645833334,7.45416705543175
12.6767979166668,7.46041705575772
12.6771312500001,7.46002643073734
12.6774645833334,7.46002643073734
12.6777979166668,7.46875038952567
12.6781312500001,7.47942747341585
12.6784645833334,7.4920576824079
12.6787979166668,7.50052122451598
12.6791312500001,7.49869830775424
12.6794645833334,7.49895872443449
12.6797979166668,7.50520872476045
12.6801312500001,7.5140628918889
12.6804645833334,7.51106810006604
12.6807979166668,7.51054726670554
12.6811312500001,7.5178389337525
12.6814645833334,7.52539101747971
12.6817979166668,7.53255247618654
12.6821312500001,7.54466185181809
12.6824645833334,7.56523476955772
12.6827979166668,7.57604206178803
12.6831312500001,7.58307331215474
12.6834645833334,7.58645872899797
12.6837979166668,7.59726602122828
12.6841312500001,7.59973997969064
12.6844645833334,7.60377643823449
12.6847979166668,7.61041706358083
12.6851312500001,7.62760456447722
12.6854645833334,7.64661498213536
12.6857979166668,7.65742227436567
12.6861312500001,7.65950560780766
12.6864645833334,7.66705769153487
12.6867979166668,7.67109415007872
12.6871312500001,7.6747399836022
12.6874645833334,7.67343790020095
12.6877979166668,7.68059935890779
12.6881312500001,7.68723998425412
12.6884645833334,7.69674519308319
12.6887979166668,7.70963581875549
12.6891312500001,7.7247399862099
12.6894645833334,7.7328129032976
12.6897979166668,7.73828165358282
12.6901312500001,7.74257852880692
12.6904645833334,7.75351602937735
12.6907979166668,7.76458373828791
12.6911312500001,7.78567748938804
12.6914645833334,7.78632853108866
12.6917979166668,7.78242228088493
12.6921312500001,7.78138061416394
12.6924645833334,7.7924483230745
12.6927979166668,7.79934936510108
12.6931312500001,7.80234415692394
12.6934645833334,7.80963582397089
12.6937979166668,7.82135457458208
12.6941312500001,7.82239624130307
12.6944645833334,7.82161499126232
12.6947979166668,7.82161499126232
12.6951312500001,7.82265665798332
12.6954645833334,7.82916707498953
12.6957979166668,7.82695353320742
12.6961312500001,7.8300785333704
12.6964645833334,7.83619832535624
12.6967979166668,7.84700561758655
12.6971312500001,7.85312540957239
12.6974645833334,7.84921915936866
12.6977979166668,7.84062540892046
12.6981312500001,7.84062540892046
12.6984645833334,7.84309936738282
12.6987979166668,7.84987020106928
12.6991312500001,7.85351603459276
12.6994645833334,7.85716186811624
12.6997979166668,7.85598999305512
12.7001312500001,7.85364624293288
12.7004645833335,7.85403686795326
12.7007979166668,7.86041707661934
12.7011312500001,7.86093790997984
12.7014645833335,7.85742228479649
12.7017979166668,7.86106811831996
12.7021312500001,7.86653686860518
12.7024645833335,7.86744832698605
12.7027979166668,7.86562541022431
12.7031312500001,7.8714847855299
12.7034645833335,7.87213582723052
12.7037979166668,7.87695353581512
12.7041312500001,7.875781660754
12.7044645833335,7.88450561954233
12.7047979166668,7.88789103638556
12.7051312500001,7.8929691616504
12.7054645833335,7.89557332845288
12.7057979166668,7.89062541152816
12.7061312500001,7.88203166107996
12.7064645833335,7.87773478585586
12.7067979166668,7.87916707759723
12.7071312500001,7.8795577026176
12.7074645833335,7.8805993693386
12.7077979166668,7.88294311946083
12.7081312500001,7.89166707824916
12.7084645833335,7.90065145371773
12.7087979166668,7.90559937064245
12.7091312500001,7.90247437047947
12.7094645833335,7.90143270375847
12.7097979166668,7.89856812027574
12.7101312500001,7.89466187007201
12.7104645833335,7.88593791128369
12.7107979166668,7.89335978667077
12.7111312500001,7.89700562019425
12.7114645833335,7.89335978667077
12.7117979166668,7.88411499452195
12.7121312500001,7.88671916132444
12.7124645833335,7.88398478618183
12.7127979166668,7.87838582755649
12.7131312500001,7.86497436852369
12.7134645833335,7.87122436884965
12.7137979166668,7.87395874399226
12.7141312500001,7.88294311946083
12.7144645833335,7.87239624391077
12.7147979166668,7.86406291014282
12.7151312500001,7.85572957637487
12.7154645833335,7.8634118684422
12.7157979166668,7.8639327018027
12.7161312500001,7.85677124309586
12.7164645833335,7.8457035341853
12.7167979166668,7.84661499256618
12.7171312500001,7.84908895102853
12.7174645833335,7.84205770066183
12.7177979166668,7.82656290818704
12.7181312500001,7.81705769935797
12.7184645833335,7.80950561563077
12.7187979166668,7.80833374056965
12.7191312500001,7.79739623999922
12.7194645833335,7.78932332291152
12.7197979166668,7.770963946954
12.7201312500001,7.7704431135935
12.7204645833335,7.76484415496816
12.7207979166668,7.75833373796195
12.7211312500001,7.75260457099648
12.7214645833335,7.7462243623304
12.7217979166668,7.74010457034456
12.7221312500001,7.727995194713
12.7224645833335,7.71510456904071
12.7227979166668,7.70312540174928
12.7231312500001,7.69791706814431
12.7234645833335,7.69244831785909
12.7237979166668,7.6951826930017
12.7241312500001,7.68502644247201
12.7244645833335,7.68398477575102
12.7247979166668,7.67447956692195
12.7251312500001,7.67083373339847
12.7254645833335,7.65781289938605
12.7257979166668,7.64166706521064
12.7261312500001,7.63203164804145
12.7264645833335,7.63268268974207
12.7267979166668,7.63763060666679
12.7271312500002,7.63815144002729
12.7274645833335,7.63697956496617
12.7277979166668,7.63411498148344
12.7281312500002,7.63085977298033
12.7284645833335,7.62526081435499
12.7287979166668,7.62356810593337
12.7291312500002,7.62356810593337
12.7294645833335,7.62161498083151
12.7297979166668,7.62408893929387
12.7301312500002,7.61992227240989
12.7304645833335,7.61497435548518
12.7307979166668,7.61328164706356
12.7311312500002,7.61354206374381
12.7314645833335,7.61445352212468
12.7317979166668,7.6140628971043
12.7321312500002,7.6070316467376
12.7324645833335,7.60325560487399
12.7327979166668,7.59973997969064
12.7331312500002,7.60924518851971
12.7334645833335,7.6188806056889
12.7337979166668,7.6194014390494
12.7341312500002,7.61145873030182
12.7344645833335,7.61367227208393
12.7347979166668,7.61601602220617
12.7351312500002,7.61862018900865
12.7354645833335,7.6145837304648
12.7357979166668,7.6108076886012
12.7361312500002,7.61614623054629
12.7364645833335,7.62226602253213
12.7367979166668,7.62786498115747
12.7371312500002,7.61992227240989
12.7374645833335,7.61783893896791
12.7377979166668,7.6236983142735
12.7381312500002,7.63190143970132
12.7384645833335,7.63684935662604
12.7387979166668,7.63489623152418
12.7391312500002,7.63437539816368
12.7394645833335,7.63242227306182
12.7397979166668,7.6355472732248
12.7401312500002,7.64023477346928
12.7404645833335,7.63268268974207
12.7407979166668,7.63164102302108
12.7411312500002,7.63242227306182
12.7414645833335,7.64153685687052
12.7417979166668,7.63958373176865
12.7421312500002,7.62591185605561
12.7424645833335,7.61796914730803
12.7427979166668,7.62161498083151
12.7431312500002,7.63619831492542
12.7434645833335,7.64388060699275
12.7437979166668,7.64674519047549
12.7441312500002,7.65377644084219
12.7444645833335,7.65859414942679
12.7447979166668,7.65664102432493
12.7451312500002,7.65351602416195
12.7454645833335,7.64335977363226
12.7457979166668,7.6317712313612
12.7461312500002,7.62721393945685
12.7464645833335,7.62851602285809
12.7467979166668,7.63854206504766
12.7471312500002,7.63424518982356
12.7474645833335,7.63385456480319
12.7477979166668,7.63398477314331
12.7481312500002,7.6446618570335
12.7484645833335,7.65000039897859
12.7487979166668,7.64362019031251
12.7491312500002,7.64283894027176
12.7494645833335,7.64934935727797
12.7497979166668,7.65364623250207
12.7501312500002,7.65117227403971
12.7504645833335,7.64934935727797
12.7507979166668,7.65078164901934
12.7511312500002,7.64557331541437
12.7514645833335,7.63958373176865
12.7517979166668,7.64348998197238
12.7521312500002,7.64804727387673
12.7524645833335,7.64348998197238
12.7527979166669,7.63580768990505
12.7531312500002,7.63450560650381
12.7534645833335,7.64296914861188
12.7537979166669,7.64960977395822
12.7541312500002,7.65091185735946
12.7544645833335,7.64583373209462
12.7547979166669,7.64453164869337
12.7551312500002,7.64427123201313
12.7554645833335,7.64388060699275
12.7557979166669,7.64778685719648
12.7561312500002,7.64739623217611
12.7564645833335,7.65234414910083
12.7567979166669,7.64283894027176
12.7571312500002,7.64049519014952
12.7574645833335,7.644141023673
12.7577979166669,7.65507852424344
12.7581312500002,7.66315144133114
12.7584645833335,7.66380248303176
12.7587979166669,7.66666706651449
12.7591312500002,7.67187540011946
12.7594645833335,7.67955769218679
12.7597979166669,7.68411498409114
12.7601312500002,7.68411498409114
12.7604645833335,7.69791706814431
12.7607979166669,7.7123701938981
12.7611312500002,7.72552123625064
12.7614645833335,7.72161498604692
12.7617979166669,7.71093790215673
12.7621312500002,7.70690144361288
12.7624645833335,7.71367227729934
12.7627979166669,7.72812540305313
12.7631312500002,7.73450561171921
12.7634645833335,7.73398477835872
12.7637979166669,7.73750040354207
12.7641312500002,7.74322957050754
12.7644645833335,7.7537764460576
12.7647979166669,7.75559936281934
12.7651312500002,7.76158894646505
12.7654645833335,7.76484415496816
12.7657979166669,7.77278686371574
12.7661312500002,7.77630248889909
12.7664645833335,7.77708373893984
12.7667979166669,7.78059936412319
12.7671312500002,7.78919311457139
12.7674645833335,7.7914066563535
12.7677979166669,7.79153686469363
12.7681312500002,7.79166707303375
12.7684645833335,7.79882853174058
12.7687979166669,7.79830769838009
12.7691312500002,7.80130249020294
12.7694645833335,7.80247436526406
12.7697979166669,7.81119832405238
12.7701312500002,7.81614624097711
12.7704645833335,7.81302124081412
12.7707979166669,7.80690144882829
12.7711312500002,7.80963582397089
12.7714645833335,7.82343790802406
12.7717979166669,7.82799519992841
12.7721312500002,7.82799519992841
12.7724645833335,7.8247399914253
12.7727979166669,7.82812540826853
12.7731312500002,7.82031290786108
12.7734645833335,7.81640665765735
12.7737979166669,7.81132853239251
12.7741312500002,7.8177087410586
12.7744645833335,7.81940144948021
12.7747979166669,7.81862019943947
12.7751312500002,7.81041707401164
12.7754645833335,7.80572957376717
12.7757979166669,7.80638061546779
12.77613125,7.80742228218878
12.7764645833333,7.80833374056965
12.7767979166667,7.80898478227027
12.77713125,7.80013061514183
12.7774645833333,7.78528686436766
12.7777979166667,7.78125040582381
12.77813125,7.7757816555386
12.7784645833333,7.7752608221781
12.7787979166667,7.76848998849164
12.77913125,7.77057332193363
12.7794645833333,7.77174519699474
12.7797979166667,7.77005248857313
12.78013125,7.76015665472369
12.7804645833333,7.7414066537458
12.7807979166667,7.73098998653586
12.78113125,7.72005248596543
12.7814645833333,7.7247399862099
12.7817979166667,7.72356811114878
12.78213125,7.71302123559872
12.7824645833333,7.69987019324617
12.7827979166667,7.68424519243126
12.78313125,7.6903649844171
12.7834645833333,7.69427123462083
12.7837979166667,7.69726602644369
12.78413125,7.68385456741089
12.7844645833333,7.67252644182008
12.7847979166667,7.66848998327623
12.78513125,7.6656253997935
12.7854645833333,7.65390664918232
12.7857979166667,7.63385456480319
12.78613125,7.63307331476244
12.7864645833334,7.63359414812294
12.7867979166667,7.63502643986431
12.78713125,7.6274743561371
12.7874645833333,7.61953164738952
12.7877979166667,7.61419310544443
12.78813125,7.61484414714505
12.7884645833334,7.61106810528145
12.7887979166667,7.60911498017958
12.78913125,7.60338581321412
12.7894645833334,7.61210977200244
12.7897979166667,7.60963581354008
12.79013125,7.60494831329561
12.7904645833334,7.59427122940542
12.7907979166667,7.59231810430356
12.79113125,7.58906289580045
12.7914645833334,7.58710977069859
12.7917979166667,7.58802122907946
12.79213125,7.59127643758256
12.7924645833334,7.58450560389611
12.7927979166667,7.57929727029114
12.79313125,7.58085977037263
12.7934645833334,7.58580768729735
12.7937979166667,7.58658893733809
12.79413125,7.58697956235847
12.7944645833334,7.5855472706171
12.7947979166667,7.58580768729735
12.79513125,7.58450560389611
12.7954645833334,7.58867227078008
12.7957979166667,7.59596393782704
12.79613125,7.5941410210653
12.7964645833334,7.5941410210653
12.7967979166667,7.5893233124807
12.79713125,7.59296914600418
12.7974645833334,7.59648477118753
12.7977979166667,7.59375039604493
12.79813125,7.59270872932393
12.7984645833334,7.59609414616716
12.7987979166667,7.6027347715135
12.79913125,7.61848998066853
12.7994645833334,7.62903685621859
12.7997979166667,7.6355472732248
12.80013125,7.62356810593337
12.8004645833334,7.62135456415126
12.8007979166667,7.62864623119822
12.80113125,7.65078164901934
12.8014645833334,7.66471394141263
12.8017979166667,7.66848998327623
12.80213125,7.67096394173859
12.8024645833334,7.68346394239052
12.8027979166667,7.70039102660667
12.80313125,7.70989623543574
12.8034645833334,7.71679727746232
12.8037979166667,7.74231811212667
12.80413125,7.76367227990704
12.8044645833334,7.7871097811294
12.8047979166667,7.78463582266704
12.80513125,7.79479207319673
12.8054645833334,7.8005212401622
12.8057979166667,7.81250040745363
12.80613125,7.81914103279996
12.8064645833334,7.82122436624195
12.8067979166667,7.83229207515251
12.80713125,7.85598999305512
12.8074645833334,7.87916707759723
12.8077979166667,7.89335978667077
12.80813125,7.89505249509239
12.8084645833334,7.90820353744493
12.8087979166667,7.92669312174257
12.80913125,7.93619833057164
12.8094645833334,7.93320353874879
12.8097979166667,7.93190145534754
12.81013125,7.94140666417661
12.8104645833334,7.9526045814273
12.8107979166667,7.96888062394282
12.81113125,7.97890666613239
12.8114645833334,7.9897139583627
12.8117979166667,7.99388062524668
12.81213125,8.01054729278258
12.8124645833334,8.01770875148941
12.8127979166667,8.0192712515709
12.8131312500001,8.0187504182104
12.8134645833334,8.02890666874009
12.8137979166667,8.03528687740618
12.8141312500001,8.03997437765065
12.8144645833334,8.03606812744692
12.8147979166667,8.04192750275251
12.8151312500001,8.03450562736543
12.8154645833334,8.04153687773214
12.8157979166667,8.04947958647972
12.8161312500001,8.05403687838407
12.8164645833334,8.05182333660196
12.8167979166667,8.04817750307848
12.8171312500001,8.04166708607227
12.8174645833334,8.03385458566481
12.8177979166667,8.02330771011475
12.8181312500001,8.02135458501289
12.8184645833334,8.01458375132643
12.8187979166667,8.01028687610233
12.8191312500001,7.99726604208991
12.8194645833334,7.99322958354605
12.8197979166667,7.98424520807748
12.8201312500001,7.97903687447251
12.8204645833334,7.96614624880021
12.8207979166667,7.95651083163102
12.8211312500001,7.94843791454332
12.8214645833334,7.94283895591798
12.8217979166667,7.92968791356543
12.8221312500001,7.91549520449189
12.8224645833334,7.91158895428816
12.8227979166667,7.9096358291863
12.8231312500001,7.90716187072394
12.8234645833334,7.88723999468493
12.8237979166667,7.87317749395152
12.8241312500001,7.86028686827922
12.8244645833334,7.85312540957239
12.8247979166667,7.84362020074332
12.8251312500001,7.83971395053959
12.8254645833334,7.8333337418735
12.8257979166667,7.82083374122158
12.8261312500001,7.80065144850232
12.8264645833334,7.79205769805412
12.8267979166667,7.78776082283002
12.8271312500001,7.78645873942878
12.8274645833334,7.7828129059053
12.8277979166667,7.7757816555386
12.8281312500001,7.77070353027375
12.8284645833334,7.75820352962182
12.8287979166667,7.74987019585387
12.8291312500001,7.7451826956094
12.8294645833334,7.73463582005934
12.8297979166667,7.72356811114878
12.8301312500001,7.72408894450928
12.8304645833334,7.72395873616915
12.8307979166667,7.72786498637288
12.8311312500001,7.71341186061909
12.8314645833334,7.70182331834803
12.8317979166667,7.69661498474306
12.8321312500001,7.68932331769611
12.8324645833334,7.69101602611772
12.8327979166667,7.67812540044543
12.8331312500001,7.66731810821511
12.8334645833334,7.65729206602555
12.8337979166667,7.65690144100518
12.8341312500001,7.66432331639226
12.8344645833334,7.66250039963052
12.8347979166667,7.65182331574033
12.8351312500001,7.64322956529213
12.8354645833334,7.64700560715573
12.8357979166667,7.65312539914157
12.8361312500001,7.64322956529213
12.8364645833334,7.62434935597412
12.8367979166667,7.61901081402903
12.8371312500001,7.63059935630008
12.8374645833334,7.63450560650381
12.8377979166667,7.62630248107598
12.8381312500001,7.62031289743027
12.8384645833334,7.62278685589263
12.8387979166667,7.62395873095375
12.8391312500001,7.62213581419201
12.8394645833334,7.62174518917163
12.8397979166667,7.62760456447722
12.8401312500001,7.64101602351002
12.8404645833334,7.64739623217611
12.8407979166667,7.65182331574033
12.8411312500001,7.65520873258356
12.8414645833334,7.6656253997935
12.8417979166667,7.67812540044543
12.8421312500001,7.68632852587325
12.8424645833334,7.68984415105661
12.8427979166668,7.69453165130108
12.8431312500001,7.70612019357213
12.8434645833334,7.7199222776253
12.8437979166668,7.73190144491673
12.8441312500001,7.73789102856245
12.8444645833334,7.76341186322679
12.8447979166668,7.78632853108866
12.8451312500001,7.80533894874679
12.8454645833334,7.80546915708692
12.8457979166668,7.81888061611971
12.8461312500001,7.83841186713835
12.8464645833334,7.85768270147673
12.8467979166668,7.8634118684422
12.8471312500001,7.87057332714903
12.8474645833334,7.88580770294357
12.8477979166668,7.91132853760792
12.8481312500001,7.93476603883028
12.8484645833334,7.95273478976742
12.8487979166668,7.96237020693661
12.8491312500001,7.98828166662133
12.8494645833334,8.01458375132643
12.8497979166668,8.04648479465686
12.8501312500001,8.06341187887301
12.8504645833334,8.07981812972867
12.8507979166668,8.10221396423003
12.8511312500001,8.12500042375177
12.8514645833334,8.15091188343649
12.8517979166668,8.17057334279525
12.8521312500001,8.18724001033115
12.8524645833334,8.20260459446581
12.8527979166668,8.23268272103451
12.8531312500001,8.25859418071923
12.8534645833334,8.2885420989478
12.8537979166668,8.29609418267501
12.8541312500001,8.30768272494606
12.8544645833334,8.32773480932519
12.8547979166668,8.35833376925439
12.8551312500001,8.38033897873538
12.8554645833334,8.39023481258482
12.8557979166668,8.39283897938731
12.8561312500001,8.4072921051411
12.8564645833334,8.42044314749364
12.8567979166668,8.43372439818631
12.8571312500001,8.43216189810483
12.8574645833334,8.43059939802333
12.8577979166668,8.43411502320669
12.8581312500001,8.44257856531476
12.8584645833334,8.44830773228023
12.8587979166668,8.45455773260619
12.8591312500001,8.46224002467352
12.8594645833334,8.47291710856371
12.8597979166668,8.47799523382855
12.8601312500001,8.47903690054955
12.8604645833334,8.465885858197
12.8607979166668,8.45612023268768
12.8611312500001,8.44908898232097
12.8614645833334,8.44648481551849
12.8617979166668,8.43463585656719
12.8621312500001,8.42786502288072
12.8624645833334,8.42200564757513
12.8627979166668,8.41757856401091
12.8631312500001,8.40559939671948
12.8634645833334,8.3986983546929
12.8637979166668,8.3847660622996
12.8641312500001,8.37213585330756
12.8644645833334,8.36445356124023
12.8647979166668,8.35260460228892
12.8651312500001,8.32864626770606
12.8654645833334,8.29010459902929
12.8657979166668,8.27044313967053
12.8661312500001,8.26041709748097
12.8664645833334,8.24466188832594
12.8667979166668,8.21809938694059
12.8671312500001,8.19101605219475
12.8674645833334,8.17447959299898
12.8677979166668,8.14270875800867
12.8681312500001,8.11067750633811
12.8684645833335,8.08281292155152
12.8687979166668,8.06849000413786
12.8691312500001,8.04466187789513
12.8694645833335,8.01770875148941
12.8697979166668,7.9854170831386
12.8701312500001,7.95026083130506
12.8704645833335,7.92005249639624
12.8707979166668,7.89856812027574
12.8711312500001,7.88398478618183
12.8714645833335,7.85716186811624
12.8717979166668,7.8333337418735
12.8721312500001,7.81106811571226
12.8724645833335,7.79531290655723
12.8727979166668,7.77434936379723
12.8731312500001,7.75078165423474
12.8734645833335,7.72330769446853
12.8737979166668,7.69179727615847
12.8741312500001,7.66901081663673
12.8744645833335,7.64622435711499
12.8747979166668,7.63190143970132
12.8751312500001,7.60898477183946
12.8754645833335,7.58398477053561
12.8757979166668,7.55898476923176
12.8761312500001,7.53346393456741
12.8764645833335,7.51510455860989
12.8767979166668,7.48737018216343
12.8771312500001,7.47526080653188
12.8774645833335,7.47083372296765
12.8777979166668,7.46289101422008
12.8781312500001,7.44062538805883
12.8784645833335,7.4173180951766
12.8787979166668,7.40208371938206
12.8791312500001,7.38750038528815
12.8794645833335,7.37187538447324
12.8797979166668,7.35247434179473
12.8801312500001,7.34270871628542
12.8804645833335,7.33476600753784
12.8807979166668,7.32773475717113
12.8811312500001,7.31757850664144
12.8814645833335,7.3109378812951
12.8817979166668,7.30299517254753
12.8821312500001,7.28919308849436
12.8824645833335,7.26875037909486
12.8827979166668,7.26302121212939
12.8831312500001,7.26666704565287
12.8834645833335,7.25924517026579
12.8837979166668,7.24830766969535
12.8841312500001,7.24036496094777
12.8844645833335,7.24492225285212
12.8847979166668,7.24557329455274
12.8851312500001,7.23216183551995
12.8854645833335,7.21653683470504
12.8857979166668,7.20742225089634
12.8861312500001,7.20585975081485
12.8864645833335,7.19661495866603
12.8867979166668,7.18385454133386
12.8871312500001,7.17682329096715
12.8874645833335,7.17734412432765
12.8877979166668,7.17526079088566
12.8881312500001,7.17096391566156
12.8884645833335,7.16862016553932
12.8887979166668,7.15677120658802
12.8891312500001,7.1470055810787
12.8894645833335,7.1384118306305
12.8897979166668,7.13828162229038
12.8901312500001,7.13815141395025
12.8904645833335,7.13216183030454
12.8907979166668,7.13476599710702
12.8911312500001,7.13437537208665
12.8914645833335,7.13554724714777
12.8917979166668,7.13476599710702
12.8921312500001,7.13737016390951
12.8924645833335,7.1394534973515
12.8927979166668,7.13229203864466
12.8931312500001,7.12487016325758
12.8934645833335,7.1227868298156
12.8937979166668,7.12473995491746
12.8941312500001,7.12447953823721
12.8944645833335,7.11640662114951
12.8947979166668,7.10781287070131
12.8951312500002,7.09817745353212
12.8954645833335,7.097005578471
12.8957979166668,7.09843787021237
12.8961312500002,7.0975264118315
12.8964645833335,7.09856807855249
12.8967979166668,7.10208370373584
12.8971312500002,7.09882849523274
12.8974645833335,7.09726599515125
12.8977979166668,7.08971391142404
12.8981312500002,7.08867224470305
12.8984645833335,7.08112016097584
12.8987979166668,7.08424516113883
12.8991312500002,7.08737016130181
12.8994645833335,7.09362016162777
12.8997979166668,7.09257849490678
12.9001312500002,7.10000037029386
12.9004645833335,7.10625037061982
12.9007979166668,7.1055993289192
12.9011312500002,7.09557328672963
12.9014645833335,7.09518266170926
12.9017979166668,7.10247432875622
12.9021312500002,7.10638057895994
12.9024645833335,7.09960974527348
12.9027979166668,7.0932295366074
12.9031312500002,7.09101599482529
12.9034645833335,7.0927087032469
12.9037979166668,7.09335974494752
12.9041312500002,7.0964847451105
12.9044645833335,7.09075557814504
12.9047979166668,7.09179724486603
12.9051312500002,7.09869828689261
12.9054645833335,7.10351599547721
12.9057979166668,7.09973995361361
12.9061312500002,7.09375036996789
12.9064645833335,7.09049516146479
12.9067979166668,7.08867224470305
12.9071312500002,7.08971391142404
12.9074645833335,7.09674516179075
12.9077979166668,7.09531287004938
12.9081312500002,7.08932328640367
12.9084645833335,7.08190141101659
12.9087979166668,7.07773474413261
12.9091312500002,7.07682328575174
12.9094645833335,7.06822953530355
12.9097979166668,7.06289099335845
12.9101312500002,7.06328161837882
12.9104645833335,7.0722659938474
12.9107979166668,7.07304724388814
12.9111312500002,7.06835974364367
12.9114645833335,7.06276078501833
12.9117979166668,7.07330766056839
12.9121312500002,7.07695349409187
12.9124645833335,7.07591182737087
12.9127979166668,7.06497432680044
12.9131312500002,7.06237015999796
12.9134645833335,7.06757849360292
12.9137979166668,7.07252641052764
12.9141312500002,7.07083370210603
12.9144645833335,7.05794307643373
12.9147979166668,7.04830765926454
12.9151312500002,7.03606807529286
12.9154645833335,7.03580765861261
12.9157979166668,7.04348995067994
12.9161312500002,7.04973995100591
12.9164645833335,7.04609411748243
12.9167979166668,7.03945349213609
12.9171312500002,7.03776078371448
12.9174645833335,7.04088578387746
12.9177979166668,7.04088578387746
12.9181312500002,7.04414099238056
12.9184645833335,7.04752640922379
12.9187979166668,7.05312536784914
12.9191312500002,7.04557328412193
12.9194645833335,7.03268265844963
12.9197979166668,7.02395869966131
12.9201312500002,7.02747432484466
12.9204645833335,7.03750036703423
12.9207979166668,7.03802120039472
12.9211312500002,7.03294307512988
12.9214645833335,7.02825557488541
12.9217979166668,7.0217451578792
12.9221312500002,7.01432328249211
12.9224645833335,7.00520869868342
12.9227979166668,7.00598994872416
12.9231312500002,7.00429724030255
12.9234645833335,7.00117224013957
12.9237979166669,6.99348994807224
12.9241312500002,6.98528682264441
12.9244645833335,6.97981807235919
12.9247979166669,6.97864619729808
12.9251312500002,6.97773473891721
12.9254645833335,6.97265661365236
12.9257979166669,6.96341182150354
12.9261312500002,6.95703161283745
12.9264645833335,6.95260452927323
12.9267979166669,6.94934932077013
12.9271312500002,6.94674515396764
12.9274645833335,6.94570348724665
12.9277979166669,6.94843786238926
12.9281312500002,6.95104202919174
12.9284645833335,6.94856807072938
12.9287979166669,6.94557327890652
12.9291312500002,6.94388057048491
12.9294645833335,6.94401077882503
12.9297979166669,6.93750036181882
12.9301312500002,6.93984411194106
12.9304645833335,6.93971390360093
12.9307979166669,6.93372431995522
12.9311312500002,6.9287764030305
12.9314645833335,6.92747431962926
12.9317979166669,6.93502640335646
12.9321312500002,6.93476598667621
12.9324645833335,6.93216181987373
12.9327979166669,6.93945348692068
12.9331312500002,6.94713577898801
12.9334645833335,6.94987015413062
12.9337979166669,6.93463577833609
12.9341312500002,6.92734411128913
12.9344645833335,6.92565140286752
12.9347979166669,6.92851598635025
12.9351312500002,6.92851598635025
12.9354645833335,6.92760452796938
12.9357979166669,6.92278681938478
12.9361312500002,6.92057327760267
12.9364645833335,6.92825556967
12.9367979166669,6.93763057015894
12.9371312500002,6.93710973679845
12.9374645833335,6.93515661169659
12.9377979166669,6.93645869509783
12.9381312500002,6.93723994513857
12.9384645833335,6.94088577866205
12.9387979166669,6.94192744538305
12.9391312500002,6.94101598700218
12.9394645833335,6.93593786173733
12.9397979166669,6.94440140384541
12.9401312500002,6.95572952943621
12.9404645833335,6.95664098781708
12.9407979166669,6.94518265388615
12.9411312500002,6.94687536230777
12.9414645833335,6.95598994611646
12.9417979166669,6.96171911308193
12.9421312500002,6.95559932109609
12.9424645833335,6.95520869607572
12.9427979166669,6.95911494627944
12.9431312500002,6.96953161348938
12.9434645833335,6.97083369689062
12.9437979166669,6.97161494693137
12.9441312500002,6.96354202984367
12.9444645833335,6.9669274466869
12.9447979166669,6.97630244717584
12.9451312500002,6.98294307252218
12.9454645833335,6.97643265551597
12.9457979166669,6.97148473859124
12.9461312500002,6.9787764056382
12.9464645833335,6.98528682264441
12.9467979166667,6.98658890604566
12.94713125,6.98515661430429
12.9474645833333,6.98580765600491
12.9477979166667,6.98515661430429
12.94813125,6.98463578094379
12.9484645833333,6.98281286418205
12.9487979166667,6.98007848903944
12.94913125,6.97916703065857
12.9494645833333,6.98971390620864
12.9497979166667,7.00013057341857
12.95013125,6.99205765633087
12.9504645833333,6.97760453057708
12.9507979166667,6.96888057178876
12.95113125,6.97083369689062
12.9514645833333,6.97005244684988
12.9517979166667,6.97005244684988
12.95213125,6.96601598830603
12.9524645833333,6.96562536328565
12.9527979166667,6.96575557162578
12.95313125,6.9739586970536
12.9534645833333,6.97421911373385
12.9537979166667,6.96979203016963
12.95413125,6.96328161316342
12.9544645833333,6.96341182150354
12.9547979166667,6.9626305714628
12.95513125,6.96197952976218
12.9554645833333,6.95807327955845
12.9557979166667,6.9540368210146
12.95613125,6.95247432093311
12.9564645833333,6.9529951542936
12.9567979166667,6.95130244587199
12.95713125,6.94726598732814
12.9574645833334,6.94205765372317
12.9577979166667,6.93932327858056
12.95813125,6.9368493201182
12.9584645833334,6.93867223687994
12.9587979166667,6.93619827841758
12.95913125,6.9325524448941
12.9594645833334,6.93059931979224
12.9597979166667,6.92578161120764
12.96013125,6.92213577768416
12.9604645833334,6.9164066107187
12.9607979166667,6.91367223557609
12.96113125,6.91328161055572
12.9614645833334,6.90755244359025
12.9617979166667,6.90364619338652
12.96213125,6.89882848480193
12.9624645833334,6.89557327629882
12.9627979166667,6.90455765176739
12.96313125,6.90768265193037
12.9634645833334,6.90859411031124
12.9637979166667,6.89570348463894
12.96413125,6.89257848447596
12.9644645833334,6.89661494301981
12.9647979166667,6.89882848480193
12.96513125,6.89049515103398
12.9654645833334,6.88437535904814
12.9657979166667,6.87812535872217
12.96613125,6.87981806714379
12.9664645833334,6.8782555670623
12.9667979166667,6.88424515070801
12.96713125,6.88945348431298
12.9674645833334,6.8901045260136
12.9677979166667,6.88333369232714
12.96813125,6.87968785880366
12.9684645833334,6.87916702544317
12.9687979166667,6.8787764004228
12.96913125,6.87513056689932
12.9694645833334,6.87656285864068
12.9697979166667,6.88554723410925
12.97013125,6.88841181759199
12.9704645833334,6.88854202593211
12.9707979166667,6.88697952585062
12.97113125,6.89713577638031
12.9714645833334,6.90429723508714
12.9717979166667,6.90625036018901
12.97213125,6.88893265095248
12.9724645833334,6.88242223394627
12.9727979166667,6.88710973419075
12.97313125,6.8992191098223
12.9734645833334,6.9040368184069
12.9737979166667,6.90117223492416
12.97413125,6.89882848480193
12.9744645833334,6.90416702674702
12.9747979166667,6.90963577703224
12.97513125,6.90846390197112
12.9754645833334,6.90143265160441
12.9757979166667,6.89765660974081
12.97613125,6.90690140188963
12.9764645833334,6.91119827711373
12.9767979166667,6.9164066107187
12.97713125,6.91367223557609
12.9774645833334,6.91354202723596
12.9777979166667,6.91979202756193
12.97813125,6.92890661137062
12.9784645833334,6.93229202821385
12.9787979166667,6.92981806975149
12.97913125,6.93476598667621
12.9794645833334,6.94153682036267
12.9797979166667,6.94179723704292
12.98013125,6.94010452862131
12.9804645833334,6.9373701534787
12.9807979166667,6.93554723671696
12.98113125,6.93789098683919
12.9814645833334,6.94023473696143
12.9817979166667,6.94518265388615
12.98213125,6.94739619566826
12.9824645833334,6.95078161251149
12.9827979166667,6.9535159876541
12.98313125,6.95078161251149
12.9834645833334,6.95429723769485
12.9837979166667,6.9540368210146
12.98413125,6.95794307121833
12.9844645833334,6.96184932142205
12.9847979166667,6.96927119680913
12.9851312500001,6.97109411357087
12.9854645833334,6.96601598830603
12.9857979166667,6.96067744636093
12.9861312500001,6.95742223785783
12.9864645833334,6.96223994644242
12.9867979166667,6.96367223818379
12.9871312500001,6.96367223818379
12.9874645833334,6.96080765470106
12.9877979166667,6.96184932142205
12.9881312500001,6.96328161316342
12.9884645833334,6.96822953008814
12.9887979166667,6.96901078012888
12.9891312500001,6.9739586970536
12.9894645833334,6.97643265551597
12.9897979166667,6.98593786434503
12.9901312500001,6.98437536426354
12.9904645833334,6.98229203082156
12.9907979166667,6.97226598863199
12.9911312500001,6.97369828037336
12.9914645833334,6.97161494693137
12.9917979166667,6.97252640531224
12.9921312500001,6.97304723867274
12.9924645833334,6.97604203049559
12.9927979166667,6.98476598928392
12.9931312500001,6.9878909894469
12.9934645833334,6.98619828102528
12.9937979166667,6.98424515592342
12.9941312500001,6.98216182248143
12.9944645833334,6.98411494758329
12.9947979166667,6.98763057276665
12.9951312500001,6.98776078110677
12.9954645833334,6.98437536426354
12.9957979166667,6.97643265551597
12.9961312500001,6.97786494725733
12.9964645833334,6.97890661397833
12.9967979166667,6.98320348920242
12.9971312500001,6.98632848936541
12.9974645833334,6.98697953106603
12.9977979166667,6.98190140580118
12.9981312500001,6.97343786369311
12.9984645833334,6.97096390523075
12.9987979166667,6.97330765535298
12.9991312500001,6.97421911373385
12.9994645833334,6.97317744701286
12.9997979166667,6.97096390523075
13.0001312500001,6.97187536361162
13.0004645833334,6.97565140547522
13.0007979166667,6.97513057211472
13.0011312500001,6.97526078045485
13.0014645833334,6.97213578029186
13.0017979166667,6.97773473891721
13.0021312500001,6.9792972389987
13.0024645833334,6.97539098879497
13.0027979166667,6.96940140514926
13.0031312500001,6.9739586970536
13.0034645833334,6.98450557260367
13.0037979166667,6.98411494758329
13.0041312500001,6.9782555722777
13.0044645833334,6.97460973875423
13.0047979166667,6.9787764056382
13.0051312500001,6.97656286385609
13.0054645833334,6.97291703033261
13.0057979166667,6.97018265519
13.0061312500001,6.96705765502702
13.0064645833334,6.97539098879497
13.0067979166667,6.98151078078081
13.0071312500001,6.98203161414131
13.0074645833334,6.97330765535298
13.0077979166667,6.9707034885505
13.0081312500001,6.97343786369311
13.0084645833334,6.97994828069932
13.0087979166667,6.97916703065857
13.0091312500001,6.9787764056382
13.0094645833334,6.97682328053634
13.0097979166667,6.97955765567895
13.0101312500001,6.98802119778702
13.0104645833334,7.00078161511919
13.0107979166667,6.99830765665684
13.0111312500001,6.99362015641236
13.0114645833334,6.98710973940615
13.0117979166668,6.99830765665684
13.0121312500001,7.0035159902618
13.0124645833334,7.0083336988464
13.0127979166668,7.00442744864267
13.0131312500001,7.00546911536367
13.0134645833334,7.00598994872416
13.0137979166668,7.00963578224764
13.0141312500001,7.01510453253286
13.0144645833334,7.02682328314404
13.0147979166668,7.02890661658603
13.0151312500001,7.03164099172864
13.0154645833334,7.02786494986504
13.0157979166668,7.03307328347
13.0161312500001,7.03463578355149
13.0164645833334,7.03776078371448
13.0167979166668,7.04335974233982
13.0171312500001,7.05533890963125
13.0174645833334,7.07135453546653
13.0177979166668,7.08697953628143
13.0181312500001,7.09622432843025
13.0184645833334,7.09375036996789
13.0187979166668,7.09348995328765
13.0191312500001,7.09596391175001
13.0194645833334,7.10403682883771
13.0197979166668,7.10807328738156
13.0201312500001,7.12018266301311
13.0204645833334,7.12773474674032
13.0207979166668,7.13815141395025
13.0211312500001,7.14088578909286
13.0214645833334,7.15039099792193
13.0217979166668,7.15690141492814
13.0221312500001,7.16731808213808
13.0224645833334,7.17239620740293
13.0227979166668,7.17500037420541
13.0231312500001,7.17148474902206
13.0234645833334,7.17552120756591
13.0237979166668,7.18007849947026
13.0241312500001,7.18346391631349
13.0244645833334,7.18112016619125
13.0247979166668,7.18385454133386
13.0251312500001,7.18697954149684
13.0254645833334,7.18476599971473
13.0257979166668,7.17799516602827
13.0261312500001,7.17239620740293
13.0264645833334,7.17109412400168
13.0267979166668,7.16992224894057
13.0271312500001,7.16888058221957
13.0274645833334,7.16862016553932
13.0277979166668,7.16888058221957
13.0281312500001,7.16888058221957
13.0284645833334,7.17890662440914
13.0287979166668,7.1851566247351
13.0291312500001,7.18151079121162
13.0294645833334,7.16536495703622
13.0297979166668,7.15690141492814
13.0301312500001,7.15208370634355
13.0304645833334,7.13971391403175
13.0307979166668,7.12669308001932
13.0311312500001,7.1174482878705
13.0314645833334,7.11328162098653
13.0317979166668,7.10520870389883
13.0321312500001,7.10338578713709
13.0324645833334,7.0975264118315
13.0327979166668,7.09492224502901
13.0331312500001,7.09505245336914
13.0334645833334,7.09765662017162
13.0337979166668,7.08984411976417
13.0341312500001,7.07591182737087
13.0344645833334,7.07513057733013
13.0347979166668,7.076042035711
13.0351312500001,7.06940141036466
13.0354645833334,7.05234411780839
13.0357979166668,7.03697953367373
13.0361312500001,7.02994828330702
13.0364645833334,7.02838578322553
13.0367979166668,7.0255211997428
13.0371312500001,7.01393265747174
13.0374645833335,6.99791703163646
13.0377979166668,6.99505244815373
13.0381312500001,6.99739619827597
13.0384645833335,6.99557328151423
13.0387979166668,6.99427119811298
13.0391312500001,6.98867223948764
13.0394645833335,6.98450557260367
13.0397979166668,6.9755211971351
13.0401312500001,6.97408890539373
13.0404645833335,6.96367223818379
13.0407979166668,6.94856807072938
13.0411312500001,6.93567744505708
13.0414645833335,6.93020869477186
13.0417979166668,6.92682327792863
13.0421312500001,6.92187536100391
13.0424645833335,6.91041702707298
13.0427979166668,6.90794306861062
13.0431312500001,6.89414098455745
13.0434645833335,6.88593785912963
13.0437979166668,6.8701826499746
13.0441312500001,6.86197952454677
13.0444645833335,6.85585973256093
13.0447979166668,6.85130244065658
13.0451312500001,6.85143264899671
13.0454645833335,6.85221389903745
13.0457979166668,6.84648473207199
13.0461312500001,6.83763056494354
13.0464645833335,6.83880244000466
13.0467979166668,6.84205764850776
13.0471312500001,6.83802118996391
13.0474645833335,6.82473993927124
13.0477979166668,6.81705764720391
13.0481312500001,6.81041702185758
13.0484645833335,6.80963577181683
13.0487979166668,6.81015660517733
13.0491312500001,6.81601598048292
13.0494645833335,6.80729202169459
13.0497979166668,6.80091181302851
13.0501312500001,6.80247431311
13.0504645833335,6.80468785489211
13.0507979166668,6.7976566045254
13.0511312500001,6.78671910395497
13.0514645833335,6.7890628540772
13.0517979166668,6.79322952096118
13.0521312500001,6.79531285440317
13.0524645833335,6.79544306274329
13.0527979166668,6.79440139602229
13.0531312500001,6.79348993764143
13.0534645833335,6.79414097934205
13.0537979166668,6.79414097934205
13.0541312500001,6.79023472913832
13.0544645833335,6.78710972897534
13.0547979166668,6.79427118768217
13.0551312500001,6.80416702153161
13.0554645833335,6.80377639651124
13.0557979166668,6.7971357711649
13.0561312500001,6.79453160436242
13.0564645833335,6.8057295216131
13.0567979166668,6.81692743886379
13.0571312500001,6.82695348105335
13.0574645833335,6.82473993927124
13.0577979166668,6.82864618947497
13.0581312500001,6.8320316063182
13.0584645833335,6.84231806518801
13.0587979166668,6.8481774404936
13.0591312500001,6.8529951490782
13.0594645833335,6.85026077393559
13.0597979166668,6.8492191072146
13.0601312500001,6.84934931555472
13.0604645833335,6.85312535741832
13.0607979166668,6.84843785717385
13.0611312500001,6.83658889822254
13.0614645833335,6.83307327303919
13.0617979166668,6.84648473207199
13.0621312500001,6.8572920243023
13.0624645833335,6.86458369134925
13.0627979166668,6.86497431636963
13.0631312500001,6.87981806714379
13.0634645833335,6.88528681742901
13.0637979166668,6.88619827580988
13.0641312500001,6.87812535872217
13.0644645833335,6.88164098390553
13.0647979166668,6.89882848480193
13.0651312500001,6.91393265225634
13.0654645833335,6.92421911112615
13.0657979166668,6.92526077784714
13.0661312500002,6.92786494464963
13.0664645833335,6.93281286157435
13.0667979166668,6.94049515364168
13.0671312500001,6.95468786271522
13.0674645833335,6.96145869640168
13.0677979166668,6.96484411324491
13.0681312500002,6.96927119680913
13.0684645833335,6.9750003637746
13.0687979166668,6.97760453057708
13.0691312500002,6.97669307219621
13.0694645833335,6.98242223916168
13.0697979166668,6.99231807301112
13.0701312500002,6.99739619827597
13.0704645833335,7.0045576569828
13.0707979166668,6.99856807333708
13.0711312500002,6.99791703163646
13.0714645833335,6.99322953139199
13.0717979166668,7.00039099009882
13.0721312500002,7.00273474022106
13.0724645833335,7.00429724030255
13.0727979166668,7.00859411552665
13.0731312500002,7.02044307447795
13.0734645833335,7.02539099140267
13.0737979166668,7.02096390783845
13.0741312500002,7.01614619925385
13.0744645833335,7.01862015771621
13.0747979166668,7.02890661658603
13.0751312500002,7.02721390816441
13.0754645833335,7.02330765796069
13.0757979166668,7.01862015771621
13.0761312500002,7.01562536589336
13.0764645833335,7.01210974071
13.0767979166668,7.0126305740705
13.0771312500002,7.01835974103597
13.0774645833335,7.02421911634156
13.0777979166668,7.02239619957982
13.0781312500002,7.0212243245187
13.0784645833335,7.01432328249211
13.0787979166668,7.00898474054702
13.0791312500002,7.01080765730876
13.0794645833335,7.01289099075075
13.0797979166668,7.01953161609708
13.0801312500002,7.01705765763472
13.0804645833335,7.0174482826551
13.0807979166668,7.01054724062851
13.0811312500002,7.0083336988464
13.0814645833335,7.00742224046553
13.0817979166668,7.01080765730876
13.0821312500002,7.01536494921311
13.0824645833335,7.01562536589336
13.0827979166668,7.0212243245187
13.0831312500002,7.0255211997428
13.0834645833335,7.02734411650454
13.0837979166668,7.01770869933534
13.0841312500002,7.01549515755323
13.0844645833335,7.02148474119895
13.0847979166668,7.03294307512988
13.0851312500002,7.0292972416064
13.0854645833335,7.02578161642305
13.0857979166668,7.02187536621932
13.0861312500002,7.02786494986504
13.0864645833335,7.03190140840889
13.0867979166668,7.02630244978354
13.0871312500002,7.01953161609708
13.0874645833335,7.02031286613783
13.0877979166668,7.02721390816441
13.0881312500002,7.02109411617858
13.0884645833335,7.01445349083224
13.0887979166668,7.01536494921311
13.0891312500002,7.02513057472243
13.0894645833335,7.03476599189162
13.0897979166668,7.0384118254151
13.0901312500002,7.03658890865336
13.0904645833335,7.03463578355149
13.0907979166668,7.03372432517063
13.0911312500002,7.03632849197311
13.0914645833335,7.02903682492615
13.0917979166668,7.02669307480392
13.0921312500002,7.02942744994652
13.0924645833335,7.04075557553733
13.0927979166669,7.0427087006392
13.0931312500002,7.04296911731944
13.0934645833335,7.04127640889783
13.0937979166668,7.05039099270653
13.0941312500002,7.05351599286951
13.0944645833335,7.05338578452938
13.0947979166669,7.03958370047622
13.0951312500002,7.04192745059845
13.0954645833335,7.05143265942752
13.0957979166669,7.06445349343994
13.0961312500002,7.06770870194305
13.0964645833335,7.06927120202454
13.0967979166669,7.07239620218752
13.0971312500002,7.08059932761535
13.0974645833335,7.08307328607771
13.0977979166669,7.07955766089435
13.0981312500002,7.07252641052764
13.0984645833335,7.07109411878628
13.0987979166669,7.07421911894926
13.0991312500002,7.07877641085361
13.0994645833335,7.08138057765609
13.0997979166669,7.07460974396963
13.1001312500002,7.06822953530355
13.1004645833335,7.06562536850106
13.1007979166669,7.07434932728938
13.1011312500002,7.07838578583324
13.1014645833335,7.07239620218752
13.1017979166669,7.07057328542578
13.1021312500002,7.06992224372516
13.1024645833335,7.07369828558876
13.1027979166669,7.07877641085361
13.1031312500002,7.07942745255423
13.1034645833335,7.08294307773758
13.1037979166669,7.08125036931597
13.1041312500002,7.07864620251348
13.1044645833335,7.07734411911224
13.1047979166669,7.07460974396963
13.1051312500002,7.07044307708566
13.1054645833335,7.06497432680044
13.1057979166669,7.06497432680044
13.1061312500002,7.06875036866404
13.1064645833335,7.06848995198379
13.1067979166669,7.06471391012019
13.1071312500002,7.06002640987572
13.1074645833335,7.05039099270653
13.1077979166669,7.04114620055771
13.1081312500002,7.04179724225833
13.1084645833335,7.05182328444789
13.1087979166669,7.04635453416267
13.1091312500002,7.03502640857187
13.1094645833335,7.01940140775696
13.1097979166669,7.01510453253286
13.1101312500002,7.01718786597485
13.1104645833335,7.01835974103597
13.1107979166669,7.0078128654859
13.1111312500002,6.99388057309261
13.1114645833335,6.98854203114752
13.1117979166669,6.99752640661609
13.1121312500002,6.9997399483982
13.1124645833335,6.99231807301112
13.1127979166669,6.97682328053634
13.1131312500002,6.96992223850975
13.1134645833335,6.96536494660541
13.1137979166669,6.96250036312267
13.1141312500002,6.94231807040342
13.1144645833335,6.92473994448665
13.1147979166669,6.92252640270453
13.1151312500002,6.93085973647249
13.1154645833335,6.93242223655398
13.1157979166669,6.9196618192218
13.1161312500002,6.90937536035199
13.1164645833335,6.90481806844764
13.1167979166669,6.89375035953708
13.1171312500002,6.8858076507895
13.1174645833333,6.86901077491348
13.1177979166667,6.86380244130851
13.11813125,6.85924514940416
13.1184645833333,6.85468785749981
13.1187979166667,6.84414098194975
13.11913125,6.8309899395972
13.1194645833333,6.82734410607373
13.1197979166667,6.82552118931199
13.12013125,6.82408889757062
13.1204645833333,6.82187535578851
13.1207979166667,6.81197952193907
13.12113125,6.80286493813037
13.1214645833333,6.80416702153161
13.1217979166667,6.81445348040143
13.12213125,6.81419306372118
13.1224645833333,6.80013056298776
13.1227979166667,6.78606806225435
13.12313125,6.78697952063521
13.1234645833333,6.79049514581857
13.1237979166667,6.79179722921981
13.12413125,6.78164097869012
13.1244645833333,6.78033889528888
13.1247979166667,6.77565139504441
13.12513125,6.77369826994254
13.1254645833333,6.76276076937211
13.1257979166667,6.75651076904614
13.12613125,6.74947951867944
13.1264645833333,6.75273472718254
13.1267979166667,6.75885451916838
13.12713125,6.76093785261037
13.1274645833333,6.75351597722329
13.1277979166667,6.75026076872018
13.12813125,6.75221389382205
13.1284645833334,6.75299514386279
13.1287979166667,6.75377639390354
13.12913125,6.7562503523659
13.1294645833333,6.75612014402577
13.1297979166667,6.75286493552267
13.13013125,6.75247431050229
13.1304645833334,6.75390660224366
13.1307979166667,6.7509118104208
13.13113125,6.74075555989111
13.1314645833334,6.72851597591944
13.1317979166667,6.72122430887248
13.13213125,6.72369826733484
13.1324645833334,6.73255243446329
13.1327979166667,6.73463576790528
13.13313125,6.73815139308863
13.1334645833334,6.73867222644913
13.1337979166667,6.7428388933331
13.13413125,6.74062535155099
13.1344645833334,6.74843785195844
13.1347979166667,6.74817743527819
13.13513125,6.75052118540043
13.1354645833334,6.74348993503372
13.1357979166667,6.74908889365906
13.13613125,6.7557295190054
13.1364645833334,6.7648441028141
13.1367979166667,6.76354201941285
13.13713125,6.76393264443323
13.1374645833334,6.77460972832341
13.1377979166667,6.79231806258031
13.13813125,6.79609410444391
13.1384645833334,6.78203160371049
13.1387979166667,6.78320347877161
13.13913125,6.78281285375124
13.1394645833334,6.78984410411795
13.1397979166667,6.79362014598155
13.14013125,6.80338577149087
13.1404645833334,6.81289098031994
13.1407979166667,6.81080764687795
13.14113125,6.81848993894528
13.1414645833334,6.83242223133857
13.1417979166667,6.84960973223497
13.14213125,6.86041702446528
13.1424645833334,6.87005244163447
13.1427979166667,6.87356806681783
13.14313125,6.87669306698081
13.1434645833334,6.88020869216416
13.1437979166667,6.8901045260136
13.14413125,6.9024743183254
13.1444645833334,6.90520869346801
13.1447979166667,6.90924515201186
13.14513125,6.92122431930329
13.1454645833334,6.93867223687994
13.1457979166667,6.94817744570901
13.14613125,6.94830765404913
13.1464645833334,6.95585973777634
13.1467979166667,6.97148473859124
13.14713125,6.98632848936541
13.1474645833334,6.99440140645311
13.1477979166667,7.00000036507845
13.14813125,7.00976599058777
13.1484645833334,7.01979203277733
13.1487979166667,7.02916703326628
13.14913125,7.04661495084292
13.1494645833334,7.05976599319547
13.1497979166667,7.0765628690715
13.15013125,7.08020870259497
13.1504645833334,7.0835941194382
13.1507979166667,7.09635453677038
13.15113125,7.11640662114951
13.1514645833334,7.13580766382802
13.1517979166667,7.14466183095647
13.15213125,7.1513024563028
13.1524645833334,7.16979204060044
13.1527979166667,7.18307329129311
13.15313125,7.19791704206727
13.1534645833334,7.20390662571299
13.1537979166667,7.20963579267846
13.15413125,7.21458370960318
13.1544645833334,7.22395871009212
13.1547979166667,7.24348996111075
13.15513125,7.25924517026579
13.1554645833334,7.27070350419672
13.1557979166667,7.27825558792392
13.1561312500001,7.286719130032
13.1564645833334,7.29843788064318
13.1567979166667,7.30846392283274
13.1571312500001,7.31731808996119
13.1574645833334,7.32591184040939
13.1577979166667,7.34244829960517
13.1581312500001,7.36041705054231
13.1584645833334,7.36653684252815
13.1587979166667,7.36289100900467
13.1591312500001,7.3587243421207
13.1594645833334,7.36184934228368
13.1597979166667,7.36666705086827
13.1601312500001,7.35846392544045
13.1604645833334,7.36132850892318
13.1607979166667,7.36393267572566
13.1611312500001,7.3700524677115
13.1614645833334,7.3619795506238
13.1617979166667,7.35963580050157
13.1621312500001,7.3667972592084
13.1624645833334,7.37812538479921
13.1627979166667,7.3748701762961
13.1631312500001,7.3710941344325
13.1634645833334,7.36927121767076
13.1637979166667,7.37552121799672
13.1641312500001,7.37708371807821
13.1644645833334,7.37812538479921
13.1647979166667,7.3748701762961
13.1651312500001,7.36992225937138
13.1654645833334,7.36471392576641
13.1657979166667,7.36289100900467
13.1661312500001,7.36393267572566
13.1664645833334,7.36393267572566
13.1667979166667,7.36276080066455
13.1671312500001,7.36380246738554
13.1674645833334,7.36432330074604
13.1677979166667,7.36263059232442
13.1681312500001,7.35833371710032
13.1684645833334,7.36054725888244
13.1687979166667,7.36276080066455
13.1691312500001,7.35989621718181
13.1694645833334,7.34791704989039
13.1697979166667,7.33567746591871
13.1701312500001,7.33020871563349
13.1704645833334,7.32591184040939
13.1707979166667,7.32109413182479
13.1711312500001,7.31796913166181
13.1714645833334,7.3195316317433
13.1717979166667,7.3248701736884
13.1721312500001,7.32122434016492
13.1724645833334,7.3167972566007
13.1727979166667,7.30598996437038
13.1731312500001,7.29661496388144
13.1734645833334,7.28789100509312
13.1737979166667,7.28697954671225
13.1741312500001,7.28684933837212
13.1744645833334,7.27447954606032
13.1747979166667,7.25442746168119
13.1751312500001,7.24778683633485
13.1754645833334,7.24596391957312
13.1757979166667,7.24518266953237
13.1761312500001,7.23281287722057
13.1764645833334,7.22044308490877
13.1767979166667,7.223828501752
13.1771312500001,7.22265662669088
13.1774645833334,7.21705766806554
13.1777979166667,7.201823292271
13.1781312500001,7.1932295418228
13.1784645833334,7.19388058352342
13.1787979166667,7.19101600004069
13.1791312500001,7.1889326665987
13.1794645833334,7.18346391631349
13.1797979166667,7.18046912449063
13.1801312500001,7.17721391598752
13.1804645833334,7.17695349930728
13.1807979166667,7.17812537436839
13.1811312500001,7.16835974885908
13.1814645833334,7.16276079023373
13.1817979166667,7.16119829015224
13.1821312500001,7.16354204027448
13.1824645833334,7.16562537371647
13.1827979166667,7.16197954019299
13.1831312500001,7.15533891484665
13.1834645833334,7.14973995622131
13.1837979166667,7.15533891484665
13.1841312500001,7.16705766545783
13.1844645833334,7.1604170401115
13.1847979166668,7.13723995556939
13.1851312500001,7.12200557977485
13.1854645833334,7.12044307969336
13.1857979166668,7.12721391337982
13.1861312500001,7.12669308001932
13.1864645833334,7.12669308001932
13.1867979166668,7.12460974657734
13.1871312500001,7.12838578844094
13.1874645833334,7.12356807985634
13.1877979166668,7.11575557944889
13.1881312500001,7.10390662049758
13.1884645833334,7.1002607869741
13.1887979166668,7.09609412009013
13.1891312500001,7.08671911960118
13.1894645833334,7.07825557749311
13.1897979166668,7.07356807724864
13.1901312500001,7.07330766056839
13.1904645833334,7.07304724388814
13.1907979166668,7.0636722433992
13.1911312500001,7.05742224307323
13.1914645833334,7.04661495084292
13.1917979166668,7.0464847425028
13.1921312500001,7.04362015902007
13.1924645833334,7.04479203408118
13.1927979166668,7.03567745027249
13.1931312500001,7.03255245010951
13.1934645833334,7.03281286678976
13.1937979166668,7.03684932533361
13.1941312500001,7.03554724193236
13.1944645833334,7.02890661658603
13.1947979166668,7.02773474152491
13.1951312500001,7.03020869998727
13.1954645833334,7.02617224144342
13.1957979166668,7.02109411617858
13.1961312500001,7.01653682427423
13.1964645833334,7.01783890767547
13.1967979166668,7.0201826577977
13.1971312500001,7.01940140775696
13.1974645833334,7.01484411585261
13.1977979166668,7.00716182378528
13.1981312500001,7.00429724030255
13.1984645833334,7.01106807398901
13.1987979166668,7.01445349083224
13.1991312500001,7.00299515690131
13.1994645833334,6.98880244782777
13.1997979166668,6.98997432288888
13.2001312500001,6.99804723997659
13.2004645833334,7.0050784903433
13.2007979166668,7.0002607817587
13.2011312500001,6.99453161479323
13.2014645833334,6.99062536458951
13.2017979166668,6.99687536491547
13.2021312500001,7.00130244847969
13.2024645833334,7.00156286515994
13.2027979166668,6.99622432321485
13.2031312500001,6.99348994807224
13.2034645833334,7.00208369852044
13.2037979166668,7.00299515690131
13.2041312500001,6.9954430731741
13.2044645833334,6.97942744733882
13.2047979166668,6.97174515527149
13.2051312500001,6.97356807203323
13.2054645833334,6.97226598863199
13.2057979166668,6.97369828037336
13.2061312500001,6.97487015543447
13.2064645833334,6.96835973842826
13.2067979166668,6.96093786304118
13.2071312500001,6.95794307121833
13.2074645833334,6.95625036279671
13.2077979166668,6.95885452959919
13.2081312500001,6.95559932109609
13.2084645833334,6.96276077980292
13.2087979166668,6.95117223753186
13.2091312500001,6.95000036247075
13.2094645833334,6.94231807040342
13.2097979166668,6.94348994546454
13.2101312500001,6.94895869574975
13.2104645833335,6.95078161251149
13.2107979166668,6.94934932077013
13.2111312500001,6.94570348724665
13.2114645833335,6.95039098749112
13.2117979166668,6.95182327923249
13.2121312500001,6.95104202919174
13.2124645833335,6.950260779151
13.2127979166668,6.9583336962387
13.2131312500001,6.95898473793932
13.2134645833335,6.95612015445659
13.2137979166668,6.94921911243
13.2141312500001,6.95468786271522
13.2144645833335,6.96914098846901
13.2147979166668,6.97942744733882
13.2151312500001,6.97239619697211
13.2154645833335,6.95950557129982
13.2157979166668,6.95755244619795
13.2161312500001,6.95911494627944
13.2164645833335,6.9626305714628
13.2167979166668,6.96015661300044
13.2171312500001,6.95572952943621
13.2174645833335,6.95989619632019
13.2177979166668,6.96197952976218
13.2181312500001,6.9664066133264
13.2184645833335,6.96744828004739
13.2187979166668,6.97031286353013
13.2191312500001,6.9750003637746
13.2194645833335,6.9744795304141
13.2197979166668,6.97460973875423
13.2201312500001,6.97135453025112
13.2204645833335,6.97460973875423
13.2207979166668,6.98385453090305
13.2211312500001,6.99062536458951
13.2214645833335,6.98841182280739
13.2217979166668,6.98554723932466
13.2221312500001,6.99244828135125
13.2224645833335,6.99518265649385
13.2227979166668,6.98828161446727
13.2231312500001,6.98138057244069
13.2234645833335,6.97408890539373
13.2237979166668,6.97513057211472
13.2241312500001,6.97630244717584
13.2244645833335,6.97838578061783
13.2247979166668,6.98216182248143
13.2251312500001,6.98007848903944
13.2254645833335,6.98398473924317
13.2257979166668,6.97981807235919
13.2261312500001,6.97942744733882
13.2264645833335,6.97851598895795
13.2267979166668,6.97968786401907
13.2271312500001,6.98411494758329
13.2274645833335,6.98372432256292
13.2277979166668,6.98112015576044
13.2281312500001,6.98059932239994
13.2284645833335,6.98059932239994
13.2287979166668,6.98046911405982
13.2291312500001,6.97721390555671
13.2294645833335,6.9787764056382
13.2297979166668,6.98059932239994
13.2301312500001,6.97148473859124
13.2304645833335,6.96757848838752
13.2307979166668,6.96237015478255
13.2311312500001,6.96067744636093
13.2314645833335,6.95585973777634
13.2317979166668,6.95533890441584
13.2321312500001,6.95377640433435
13.2324645833335,6.95156286255224
13.2327979166668,6.9497399457905
13.2331312500001,6.94388057048491
13.2334645833335,6.9325524448941
13.2337979166668,6.92591181954776
13.2341312500001,6.92239619436441
13.2344645833335,6.9153649439977
13.2347979166668,6.90612015184888
13.2351312500001,6.89908890148217
13.2354645833335,6.90143265160441
13.2357979166668,6.8986982764618
13.2361312500001,6.8949222345982
13.2364645833335,6.88867223427224
13.2367979166668,6.88932327597286
13.2371312500002,6.89179723443522
13.2374645833335,6.88958369265311
13.2377979166668,6.8820316089259
13.2381312500002,6.88125035888516
13.2384645833335,6.88502640074876
13.2387979166668,6.88541702576913
13.2391312500002,6.88020869216416
13.2394645833335,6.86835973321286
13.2397979166668,6.85885452438379
13.2401312500002,6.86263056624739
13.2404645833335,6.86848994155298
13.2407979166668,6.87096390001534
13.2411312500002,6.86223994122702
13.2414645833335,6.86028681612515
13.2417979166668,6.85885452438379
13.2421312500002,6.85859410770354
13.2424645833335,6.85351598243869
13.2427979166668,6.85221389903745
13.2431312500002,6.85286494073807
13.2434645833335,6.86223994122702
13.2437979166668,6.86757848317211
13.2441312500002,6.86250035790727
13.2444645833335,6.8524743157177
13.2447979166668,6.8449222319905
13.2451312500002,6.85000035725534
13.2454645833335,6.85169306567695
13.2457979166668,6.85442744081956
13.2461312500002,6.84947952389484
13.2464645833335,6.85221389903745
13.2467979166668,6.84973994057509
13.2471312500002,6.85221389903745
13.2474645833335,6.84661494041211
13.2477979166668,6.84401077360963
13.2481312500002,6.84661494041211
13.2484645833335,6.8562503575813
13.2487979166668,6.86601598309062
13.2491312500002,6.85455764915969
13.2494645833335,6.84244827352813
13.2497979166668,6.8524743157177
13.2501312500002,6.87500035855919
13.2504645833335,6.88385452568764
13.2507979166668,6.87552119191969
13.2511312500002,6.87031285831472
13.2514645833335,6.87799515038205
13.2517979166668,6.88515660908888
13.2521312500002,6.88841181759199
13.2524645833335,6.88489619240863
13.2527979166668,6.87734410868143
13.2531312500002,6.87812535872217
13.2534645833335,6.88528681742901
13.2537979166668,6.89179723443522
13.2541312500002,6.8911461927346
13.2544645833335,6.8981774431013
13.2547979166668,6.91523473565758
13.2551312500002,6.92968786141137
13.2554645833335,6.93216181987373
13.2557979166668,6.92643265290826
13.2561312500002,6.92304723606503
13.2564645833335,6.93125036149286
13.2567979166668,6.94791702902876
13.2571312500002,6.9583336962387
13.2574645833335,6.95312536263373
13.2577979166668,6.94661494562752
13.2581312500002,6.9535159876541
13.2584645833335,6.96145869640168
13.2587979166668,6.97213578029186
13.2591312500002,6.97278682199249
13.2594645833335,6.97630244717584
13.2597979166668,6.96953161348938
13.2601312500002,6.97200557195174
13.2604645833335,6.971224321911
13.2607979166668,6.97408890539373
13.2611312500002,6.97187536361162
13.2614645833335,6.97487015543447
13.2617979166668,6.98020869737957
13.2621312500002,6.97864619729808
13.2624645833335,6.98268265584193
13.2627979166668,6.98867223948764
13.2631312500002,6.99960974005808
13.2634645833335,7.00221390686056
13.2637979166668,7.00442744864267
13.2641312500002,7.00091182345932
13.2644645833335,7.00377640694205
13.2647979166669,7.00260453188093
13.2651312500002,7.01601599091373
13.2654645833335,7.02317744962056
13.2657979166669,7.0217451578792
13.2661312500002,7.02148474119895
13.2664645833335,7.02968786662677
13.2667979166669,7.04622432582255
13.2671312500002,7.04791703424417
13.2674645833335,7.03619828363299
13.2677979166669,7.03333370015025
13.2681312500002,7.03684932533361
13.2684645833335,7.03958370047622
13.2687979166669,7.0378909920546
13.2691312500002,7.03398474185087
13.2694645833335,7.03307328347
13.2697979166669,7.03828161707497
13.2701312500002,7.03997432549659
13.2704645833335,7.03750036703423
13.2707979166669,7.01705765763472
13.2711312500002,7.01106807398901
13.2714645833335,7.01666703261435
13.2717979166669,7.02682328314404
13.2721312500002,7.0303389083274
13.2724645833335,7.03125036670826
13.2727979166669,7.02916703326628
13.2731312500002,7.02421911634156
13.2734645833335,7.01940140775696
13.2737979166669,7.01510453253286
13.2741312500002,7.00156286515994
13.2744645833335,6.99661494823522
13.2747979166669,6.9997399483982
13.2751312500002,7.00638057374454
13.2754645833335,6.99362015641236
13.2757979166669,6.9825524475018
13.2761312500002,6.97721390555671
13.2764645833335,6.98645869770553
13.2767979166669,6.992187864671
13.2771312500002,6.98932328118826
13.2774645833335,6.97903682231845
13.2777979166669,6.97317744701286
13.2781312500002,6.97252640531224
13.2784645833335,6.96718786336715
13.2787979166669,6.95989619632019
13.2791312500002,6.95000036247075
13.2794645833335,6.95052119583124
13.2797979166669,6.94882848740963
13.2801312500002,6.9497399457905
13.2804645833335,6.94010452862131
13.2807979166669,6.93125036149286
13.2811312500002,6.9320316115336
13.2814645833335,6.93945348692068
13.2817979166669,6.94101598700218
13.2821312500002,6.93385452829534
13.2824645833335,6.9325524448941
13.2827979166669,6.93190140319348
13.2831312500002,6.93177119485335
13.2834645833335,6.93098994481261
13.2837979166669,6.93098994481261
13.2841312500002,6.93112015315273
13.2844645833335,6.92161494432367
13.2847979166669,6.91432327727671
13.2851312500002,6.90468786010752
13.2854645833335,6.89427119289758
13.2857979166669,6.88398473402776
13.2861312500002,6.8825524422864
13.2864645833335,6.87669306698081
13.2867979166669,6.8686201498931
13.2871312500002,6.85846389936342
13.2874645833335,6.86067744114553
13.2877979166669,6.86380244130851
13.28813125,6.86562535807025
13.2884645833333,6.86041702446528
13.2887979166667,6.85716181596217
13.28913125,6.85559931588068
13.2894645833333,6.85638056592143
13.2897979166667,6.85351598243869
13.29013125,6.84934931555472
13.2904645833333,6.84687535709236
13.2907979166667,6.84544306535099
13.29113125,6.84205764850776
13.2914645833333,6.8401045234059
13.2917979166667,6.83971389838553
13.29213125,6.83919306502503
13.2924645833333,6.83789098162379
13.2927979166667,6.8309899395972
13.29313125,6.82018264736689
13.2934645833333,6.81471389708168
13.2937979166667,6.81289098031994
13.29413125,6.81276077197981
13.2944645833333,6.81119827189832
13.2947979166667,6.8138024387008
13.29513125,6.80833368841559
13.2954645833333,6.79648472946428
13.2957979166667,6.79205764590006
13.29613125,6.79049514581857
13.2964645833333,6.79583368776366
13.2967979166667,6.79427118768217
13.29713125,6.79752639618528
13.2974645833333,6.78723993731546
13.2977979166667,6.77604202006478
13.29813125,6.76289097771223
13.2984645833334,6.76523472783447
13.2987979166667,6.77421910330304
13.29913125,6.78242222873087
13.2994645833334,6.77981806192838
13.2997979166667,6.76796910297708
13.30013125,6.76237014435174
13.3004645833334,6.76653681123571
13.3007979166667,6.77343785326229
13.30113125,6.76822951965733
13.3014645833334,6.77135451982031
13.3017979166667,6.77252639488143
13.30213125,6.77682327010552
13.3024645833334,6.7691409780382
13.3027979166667,6.76744826961658
13.30313125,6.77304722824192
13.3034645833334,6.77526077002403
13.3037979166667,6.77356806160242
13.30413125,6.77395868662279
13.3044645833334,6.77408889496292
13.3047979166667,6.76822951965733
13.30513125,6.76223993601161
13.3054645833334,6.76367222775298
13.3057979166667,6.77070347811969
13.30613125,6.77395868662279
13.3064645833334,6.77356806160242
13.3067979166667,6.77734410346602
13.30713125,6.77513056168391
13.3074645833334,6.77526077002403
13.3077979166667,6.77057326977956
13.30813125,6.76966181139869
13.3084645833334,6.76653681123571
13.3087979166667,6.76653681123571
13.30913125,6.76848993633757
13.3094645833334,6.77252639488143
13.3097979166667,6.77747431180615
13.31013125,6.78085972864938
13.3104645833334,6.77903681188764
13.3107979166667,6.77851597852714
13.31113125,6.78229202039074
13.3114645833334,6.78541702055372
13.3117979166667,6.78437535383273
13.31213125,6.78411493715248
13.3124645833334,6.78880243739695
13.3127979166667,6.78789097901608
13.31313125,6.78763056233584
13.3134645833334,6.78815139569633
13.3137979166667,6.78723993731546
13.31413125,6.78359410379199
13.3144645833334,6.7885420207167
13.3147979166667,6.79661493780441
13.31513125,6.79544306274329
13.3154645833334,6.7858076455741
13.3157979166667,6.78841181237658
13.31613125,6.79492222938279
13.3164645833334,6.79752639618528
13.3167979166667,6.79296910428093
13.31713125,6.78697952063521
13.3174645833334,6.78333368711174
13.3177979166667,6.78502639553335
13.31813125,6.79635452112416
13.3184645833334,6.80546910493285
13.3187979166667,6.80729202169459
13.31913125,6.79987014630751
13.3194645833334,6.78945347909758
13.3197979166667,6.77981806192838
13.32013125,6.78437535383273
13.3204645833334,6.79440139602229
13.3207979166667,6.80208368808962
13.32113125,6.79960972962726
13.3214645833334,6.80182327140938
13.3217979166667,6.80260452145012
13.32213125,6.79987014630751
13.3224645833334,6.79921910460689
13.3227979166667,6.80703160501435
13.32313125,6.81289098031994
13.3234645833334,6.8148441054218
13.3237979166667,6.8143232720613
13.32413125,6.81497431376192
13.3244645833334,6.8100263968372
13.3247979166667,6.80755243837484
13.32513125,6.81171910525882
13.3254645833334,6.82031285570702
13.3257979166667,6.81979202234652
13.3261312500001,6.81992223068664
13.3264645833334,6.81848993894528
13.3267979166667,6.81549514712242
13.3271312500001,6.81289098031994
13.3274645833334,6.81523473044217
13.3277979166667,6.82031285570702
13.3281312500001,6.8153649387823
13.3284645833334,6.79947952128714
13.3287979166667,6.79830764622602
13.3291312500001,6.80013056298776
13.3294645833334,6.8062503549736
13.3297979166667,6.8062503549736
13.3301312500001,6.81119827189832
13.3304645833334,6.81510452210205
13.3307979166667,6.81614618882304
13.3311312500001,6.81770868890453
13.3314645833334,6.80950556347671
13.3317979166667,6.81015660517733
13.3321312500001,6.80781285505509
13.3324645833334,6.81158889691869
13.3327979166667,6.80781285505509
13.3331312500001,6.80156285472913
13.3334645833334,6.81080764687795
13.3337979166667,6.82044306404714
13.3341312500001,6.82500035595149
13.3344645833334,6.81835973060515
13.3347979166667,6.8100263968372
13.3351312500001,6.81744827222428
13.3354645833334,6.82317743918975
13.3357979166667,6.83567743984168
13.3361312500001,6.83997431506577
13.3364645833334,6.84231806518801
13.3367979166667,6.83854202332441
13.3371312500001,6.83893264834478
13.3374645833334,6.83242223133857
13.3377979166667,6.8277347310941
13.3381312500001,6.82044306404714
13.3384645833334,6.83359410639969
13.3387979166667,6.8395836900454
13.3391312500001,6.84114619012689
13.3394645833334,6.83880244000466
13.3397979166667,6.84218785684789
13.3401312500001,6.85559931588068
13.3404645833334,6.86809931653261
13.3407979166667,6.87526077523944
13.3411312500001,6.87187535839621
13.3414645833334,6.86822952487273
13.3417979166667,6.87578160859994
13.3421312500001,6.88411494236789
13.3424645833334,6.88867223427224
13.3427979166667,6.88958369265311
13.3431312500001,6.89622431799944
13.3434645833334,6.90221390164516
13.3437979166667,6.90833369363099
13.3441312500001,6.91484411063721
13.3444645833334,6.9201826525823
13.3447979166667,6.92187536100391
13.3451312500001,6.92252640270453
13.3454645833334,6.92174515266379
13.3457979166667,6.92786494464963
13.3461312500001,6.93463577833609
13.3464645833334,6.94075557032193
13.3467979166667,6.94348994546454
13.3471312500001,6.94661494562752
13.3474645833334,6.95625036279671
13.3477979166667,6.96015661300044
13.3481312500001,6.95859411291895
13.3484645833334,6.96002640466031
13.3487979166667,6.9664066133264
13.3491312500001,6.97994828069932
13.3494645833334,6.98463578094379
13.3497979166667,6.98867223948764
13.3501312500001,6.9916670313105
13.3504645833334,7.00156286515994
13.3507979166667,7.01028682394826
13.3511312500001,7.01653682427423
13.3514645833334,7.02135453285882
13.3517979166667,7.0217451578792
13.3521312500001,7.0174482826551
13.3524645833334,7.02239619957982
13.3527979166668,7.03463578355149
13.3531312500001,7.05182328444789
13.3534645833334,7.05976599319547
13.3537979166668,7.07135453546653
13.3541312500001,7.07617224405112
13.3544645833334,7.08294307773758
13.3547979166668,7.08307328607771
13.3551312500001,7.09296911992715
13.3554645833334,7.10325557879696
13.3557979166668,7.11028682916367
13.3561312500001,7.11640662114951
13.3564645833334,7.11914099629212
13.3567979166668,7.13164099694404
13.3571312500001,7.13789099727001
13.3574645833334,7.13580766382802
13.3577979166668,7.12760453840019
13.3581312500001,7.12838578844094
13.3584645833334,7.13828162229038
13.3587979166668,7.14492224763672
13.3591312500001,7.15690141492814
13.3594645833334,7.16614620707696
13.3597979166668,7.17643266594678
13.3601312500001,7.17617224926653
13.3604645833334,7.17682329096715
13.3607979166668,7.181901416232
13.3611312500001,7.18554724975547
13.3614645833334,7.19778683372715
13.3617979166668,7.20325558401237
13.3621312500001,7.20507850077411
13.3624645833334,7.20638058417535
13.3627979166668,7.21263058450131
13.3631312500001,7.21731808474579
13.3634645833334,7.22239621001063
13.3637979166668,7.22591183519398
13.3641312500001,7.23489621066256
13.3644645833334,7.23932329422678
13.3647979166668,7.24987016977684
13.3651312500001,7.25494829504169
13.3654645833334,7.25898475358554
13.3657979166668,7.25026079479721
13.3661312500001,7.25364621164044
13.3664645833334,7.25039100313734
13.3667979166668,7.2523441282392
13.3671312500001,7.25781287852442
13.3674645833334,7.27252642095846
13.3677979166668,7.28216183812765
13.3681312500001,7.2861982966715
13.3684645833334,7.29661496388144
13.3687979166668,7.31510454817908
13.3691312500001,7.32721392381063
13.3694645833334,7.33281288243597
13.3697979166668,7.33411496583722
13.3701312500001,7.33906288276194
13.3704645833334,7.35156288341386
13.3707979166668,7.36692746754852
13.3711312500001,7.38463580180542
13.3714645833334,7.40455767784442
13.3717979166668,7.42460976222355
13.3721312500001,7.43984413801809
13.3724645833334,7.45000038854778
13.3727979166668,7.45781288895523
13.3731312500001,7.47565143155225
13.3734645833334,7.48437539034057
13.3737979166668,7.50273476629809
13.3741312500001,7.51315143350803
13.3744645833334,7.52994830938405
13.3747979166668,7.54492226849834
13.3751312500001,7.56015664429288
13.3754645833334,7.57708372850903
13.3757979166668,7.59388060438505
13.3761312500001,7.60911498017958
13.3764645833334,7.62031289743027
13.3767979166668,7.62604206439573
13.3771312500001,7.63580768990505
13.3774645833334,7.64765664885636
13.3777979166668,7.66979206667747
13.3781312500001,7.69192748449859
13.3784645833334,7.70520873519126
13.3787979166668,7.71692748580244
13.3791312500001,7.73385457001859
13.3794645833335,7.7542972794181
13.3797979166668,7.76250040484592
13.3801312500001,7.77070353027375
13.3804645833334,7.78151082250406
13.3807979166668,7.79466186485661
13.3811312500001,7.80156290688319
13.3814645833335,7.82265665798332
13.3817979166668,7.83515665863524
13.3821312500001,7.83789103377785
13.3824645833335,7.82721394988767
13.3827979166668,7.82786499158829
13.3831312500001,7.8333337418735
13.3834645833335,7.82565144980617
13.3837979166668,7.81809936607897
13.3841312500001,7.80885457393015
13.3844645833335,7.80572957376717
13.3847979166668,7.80416707368568
13.3851312500001,7.80039103182207
13.3854645833335,7.80312540696468
13.3857979166668,7.79856811506034
13.3861312500001,7.79270873975475
13.3864645833335,7.78411498930655
13.3867979166668,7.77643269723922
13.3871312500001,7.76575561334903
13.3874645833335,7.750000404194
13.3877979166668,7.73294311163772
13.3881312500001,7.73007852815499
13.3884645833335,7.71927123592468
13.3887979166668,7.70312540174928
13.3891312500001,7.68919310935598
13.3894645833335,7.68802123429487
13.3897979166668,7.67968790052692
13.3901312500001,7.66002644116816
13.3904645833335,7.63919310674828
13.3907979166668,7.62487018933462
13.3911312500001,7.61041706358083
13.3914645833335,7.60130247977213
13.3917979166668,7.5936201877048
13.3921312500001,7.5850264372566
13.3924645833335,7.57057331150281
13.3927979166668,7.55234414388542
13.3931312500001,7.53815143481188
13.3934645833335,7.52304726735747
13.3937979166668,7.50742226654256
13.3941312500001,7.48059934847697
13.3944645833335,7.45585976385337
13.3947979166668,7.4415368464397
13.3951312500001,7.43515663777362
13.3954645833335,7.41093788651051
13.3957979166668,7.3829430933838
13.3961312500001,7.36666705086827
13.3964645833335,7.35520871693734
13.3967979166668,7.34466184138728
13.3971312500001,7.31966184008343
13.3974645833335,7.30364621424815
13.3977979166668,7.28906288015423
13.3981312500001,7.27447954606032
13.3984645833335,7.24882850305585
13.3987979166668,7.21835975146678
13.3991312500001,7.20091183389013
13.3994645833335,7.19101600004069
13.3997979166668,7.18359412465361
13.4001312500001,7.16341183193435
13.4004645833335,7.14335974755522
13.4007979166668,7.12356807985634
13.4011312500001,7.10664099564019
13.4014645833335,7.08763057798206
13.4017979166668,7.07369828558876
13.4021312500001,7.05468786793062
13.4024645833335,7.03815140873485
13.4027979166668,7.01718786597485
13.4031312500001,7.00807328216615
13.4034645833335,7.00039099009882
13.4037979166668,6.98203161414131
13.4041312500001,6.96536494660541
13.4044645833335,6.95638057113683
13.4047979166668,6.95651077947696
13.4051312500001,6.94895869574975
13.4054645833335,6.93958369526081
13.4057979166668,6.92187536100391
13.4061312500001,6.91067744375323
13.4064645833335,6.90468786010752
13.4067979166668,6.90612015184888
13.4071312500001,6.89778681808093
13.4074645833335,6.8820316089259
13.4077979166668,6.8787764004228
13.4081312500002,6.88112015054503
13.4084645833335,6.8739586918382
13.4087979166668,6.85794306600292
13.4091312500002,6.84661494041211
13.4094645833335,6.84726598211273
13.4097979166668,6.84114619012689
13.4101312500002,6.83190139797807
13.4104645833335,6.8266930643731
13.4107979166668,6.82682327271323
13.4111312500002,6.82916702283546
13.4114645833335,6.82695348105335
13.4117979166668,6.82682327271323
13.4121312500002,6.82057327238727
13.4124645833335,6.8143232720613
13.4127979166668,6.81614618882304
13.4131312500002,6.82304723084962
13.4134645833335,6.82200556412863
13.4137979166668,6.8153649387823
13.4141312500002,6.81328160534031
13.4144645833335,6.82226598080888
13.4147979166668,6.82213577246876
13.4151312500002,6.81901077230577
13.4154645833335,6.81666702218354
13.4157979166668,6.82539098097186
13.4161312500002,6.83216181465832
13.4164645833335,6.83489618980093
13.4167979166668,6.82799514777435
13.4171312500002,6.82200556412863
13.4174645833335,6.82148473076814
13.4177979166668,6.8309899395972
13.4181312500002,6.83476598146081
13.4184645833335,6.83450556478056
13.4187979166668,6.83854202332441
13.4191312500002,6.84518264867074
13.4194645833335,6.84322952356888
13.4197979166668,6.84205764850776
13.4201312500002,6.84257848186826
13.4204645833335,6.85104202397633
13.4207979166668,6.85312535741832
13.4211312500002,6.86237014956714
13.4214645833335,6.86471389968938
13.4217979166668,6.86393264964863
13.4221312500002,6.85612014924118
13.4224645833335,6.85755244098255
13.4227979166668,6.86510452470975
13.4231312500002,6.87630244196043
13.4234645833335,6.8815107755654
13.4237979166668,6.88567744244938
13.4241312500002,6.89101598439447
13.4244645833335,6.89752640140068
13.4247979166668,6.8981774431013
13.4251312500002,6.89687535970006
13.4254645833335,6.89973994318279
13.4257979166668,6.9035159850464
13.4261312500002,6.90039098488342
13.4264645833335,6.90052119322354
13.4267979166668,6.90898473533161
13.4271312500002,6.91614619403845
13.4274645833335,6.92708369460888
13.4277979166668,6.9320316115336
13.4281312500002,6.94075557032193
13.4284645833335,6.94674515396764
13.4287979166668,6.94791702902876
13.4291312500002,6.94778682068864
13.4294645833335,6.94140661202255
13.4297979166668,6.94713577898801
13.4301312500002,6.95455765437509
13.4304645833335,6.96419307154429
13.4307979166668,6.96432327988441
13.4311312500002,6.97174515527149
13.4314645833335,6.97695348887646
13.4317979166668,6.97473994709435
13.4321312500002,6.96822953008814
13.4324645833335,6.9669274466869
13.4327979166668,6.97591182215547
13.4331312500002,6.98333369754255
13.4334645833335,6.98632848936541
13.4337979166668,6.98437536426354
13.4341312500002,6.97591182215547
13.4344645833335,6.97812536393758
13.4347979166668,6.9787764056382
13.4351312500002,6.98567744766478
13.4354645833335,6.98242223916168
13.4357979166669,6.9868493227259
13.4361312500002,6.9954430731741
13.4364645833335,7.00494828200317
13.4367979166669,7.00338578192168
13.4371312500002,6.99257848969137
13.4374645833335,6.98515661430429
13.4377979166669,6.98854203114752
13.4381312500002,6.99765661495621
13.4384645833335,6.9954430731741
13.4387979166669,6.99192744799075
13.4391312500002,6.99700557325559
13.4394645833335,7.00312536524143
13.4397979166669,7.00664099042479
13.4401312500002,6.99531286483398
13.4404645833335,6.99453161479323
13.4407979166669,6.9954430731741
13.4411312500002,6.99687536491547
13.4414645833335,6.99765661495621
13.4417979166669,6.99687536491547
13.4421312500002,6.99987015673833
13.4424645833335,6.99348994807224
13.4427979166669,6.98632848936541
13.4431312500002,6.98567744766478
13.4434645833335,6.98541703098454
13.4437979166669,6.98320348920242
13.4441312500002,6.97278682199249
13.4444645833335,6.97604203049559
13.4447979166669,6.98294307252218
13.4451312500002,6.98554723932466
13.4454645833335,6.98463578094379
13.4457979166669,6.98059932239994
13.4461312500002,6.98007848903944
13.4464645833335,6.97682328053634
13.4467979166669,6.97916703065857
13.4471312500002,6.97851598895795
13.4474645833335,6.96679723834677
13.4477979166669,6.96171911308193
13.4481312500002,6.96380244652392
13.4484645833335,6.96184932142205
13.4487979166669,6.95468786271522
13.4491312500002,6.94778682068864
13.4494645833335,6.95091182085162
13.4497979166669,6.95195348757261
13.4501312500002,6.95195348757261
13.4504645833335,6.94609411226702
13.4507979166669,6.9449222372059
13.4511312500002,6.94895869574975
13.4514645833335,6.95247432093311
13.4517979166669,6.95221390425286
13.4521312500002,6.94648473728739
13.4524645833335,6.94674515396764
13.4527979166669,6.93971390360093
13.4531312500002,6.93541702837683
13.4534645833335,6.93346390327497
13.4537979166669,6.93346390327497
13.4541312500002,6.93359411161509
13.4544645833335,6.93385452829534
13.4547979166669,6.93098994481261
13.4551312500002,6.92890661137062
13.4554645833335,6.91953161088168
13.4557979166669,6.92044306926255
13.4561312500002,6.91848994416068
13.4564645833335,6.92005244424217
13.4567979166669,6.91341181889584
13.4571312500002,6.91406286059646
13.4574645833335,6.91705765241932
13.4577979166669,6.92135452764342
13.4581312500002,6.91171911047422
13.4584645833335,6.90911494367174
13.4587979166667,6.9121097354946
13.45913125,6.929297236391
13.4594645833333,6.93502640335646
13.4597979166667,6.93033890311199
13.46013125,6.92005244424217
13.4604645833333,6.92356806942553
13.4607979166667,6.92656286124839
13.46113125,6.92903681971075
13.4614645833333,6.92981806975149
13.4617979166667,6.93567744505708
13.46213125,6.93880244522006
13.4624645833333,6.94257848708367
13.4627979166667,6.94101598700218
13.46313125,6.93932327858056
13.4634645833333,6.93658890343795
13.4637979166667,6.94218786206329
13.46413125,6.94531286222627
13.4644645833333,6.94830765404913
13.4647979166667,6.94960973745037
13.46513125,6.94921911243
13.4654645833333,6.94700557064789
13.4657979166667,6.94674515396764
13.46613125,6.95481807105534
13.4664645833333,6.95755244619795
13.4667979166667,6.95455765437509
13.46713125,6.95703161283745
13.4674645833333,6.96002640466031
13.4677979166667,6.96328161316342
13.46813125,6.95989619632019
13.4684645833333,6.95677119615721
13.4687979166667,6.96028682134056
13.46913125,6.95585973777634
13.4694645833333,6.95846390457882
13.4697979166667,6.96145869640168
13.47013125,6.96341182150354
13.4704645833333,6.95612015445659
13.4707979166667,6.94557327890652
13.47113125,6.94309932044416
13.4714645833334,6.95182327923249
13.4717979166667,6.9669274466869
13.47213125,6.97708369721659
13.4724645833334,6.9739586970536
13.4727979166667,6.97734411389683
13.47313125,6.98815140612715
13.4734645833334,6.99531286483398
13.4737979166667,6.98945348952839
13.47413125,6.98893265616789
13.4744645833334,6.99661494823522
13.4747979166667,7.00312536524143
13.47513125,7.0040368236223
13.4754645833334,7.01028682394826
13.4757979166667,7.01041703228839
13.47613125,7.01276078241062
13.4764645833334,7.00989619892789
13.4767979166667,7.01888057439646
13.47713125,7.02447953302181
13.4774645833334,7.02291703294031
13.4777979166667,7.01471390751249
13.47813125,7.01666703261435
13.4784645833334,7.01718786597485
13.4787979166667,7.02161494953907
13.47913125,7.02369828298106
13.4794645833334,7.02942744994652
13.4797979166667,7.04023474217684
13.48013125,7.0464847425028
13.4804645833334,7.05377640954976
13.4807979166667,7.04895870096516
13.48113125,7.04036495051696
13.4814645833334,7.04401078404044
13.4817979166667,7.05651078469237
13.48213125,7.06523474348069
13.4824645833334,7.06614620186156
13.4827979166667,7.0755212023505
13.48313125,7.08880245304317
13.4834645833334,7.10039099531423
13.4837979166667,7.09791703685187
13.48413125,7.10117224535497
13.4844645833334,7.11106807920442
13.4847979166667,7.12695349669957
13.48513125,7.13737016390951
13.4854645833334,7.14609412269783
13.4857979166667,7.15820349832939
13.48613125,7.16992224894057
13.4864645833334,7.18020870781038
13.4867979166667,7.19010454165982
13.48713125,7.19713579202653
13.4874645833334,7.20677120919572
13.4877979166667,7.21106808441982
13.48813125,7.22968787705759
13.4884645833334,7.24283891941013
13.4887979166667,7.25533892006206
13.48913125,7.26692746233312
13.4894645833334,7.28255246314802
13.4897979166667,7.29570350550057
13.49013125,7.30403683926852
13.4904645833334,7.31731808996119
13.4907979166667,7.32786496551125
13.49113125,7.3329430907761
13.4914645833334,7.34335975798604
13.4917979166667,7.36171913394355
13.49213125,7.37591184301709
13.4924645833334,7.38203163500293
13.4927979166667,7.39348996893386
13.49313125,7.40429726116417
13.4934645833334,7.42473997056368
13.4937979166667,7.44283892984095
13.49413125,7.4630212225602
13.4944645833334,7.47057330628741
13.4947979166667,7.48164101519797
13.49513125,7.50768268322281
13.4954645833334,7.53307330954704
13.4957979166667,7.54700560194033
13.49613125,7.55872435255151
13.4964645833334,7.57578164510778
13.4967979166667,7.59765664624865
13.49713125,7.61614623054629
13.4974645833334,7.63828164836741
13.4977979166667,7.66927123331698
13.4981312500001,7.69622435972269
13.4984645833334,7.71809936086356
13.4987979166667,7.73932332030381
13.4991312500001,7.76002644638356
13.4994645833334,7.77760457230033
13.4997979166667,7.79596394825785
13.5001312500001,7.81757853271847
13.5004645833334,7.8333337418735
13.5007979166667,7.8472660342668
13.5011312500001,7.8628910350817
13.5014645833334,7.89010457816767
13.5017979166667,7.91614624619251
13.5021312500001,7.93398478878953
13.5024645833334,7.94765666450258
13.5027979166667,7.95937541511376
13.5031312500001,7.98281291633612
13.5034645833334,8.00481812581711
13.5037979166667,8.02812541869935
13.5041312500001,8.04153687773214
13.5044645833334,8.05755250356742
13.5047979166667,8.07044312923972
13.5051312500001,8.08424521329289
13.5054645833334,8.10026083912817
13.5057979166667,8.11562542326283
13.5061312500001,8.12656292383326
13.5064645833334,8.13359417419997
13.5067979166667,8.14791709161364
13.5071312500001,8.16445355080941
13.5074645833334,8.17487021801935
13.5077979166667,8.17252646789711
13.5081312500001,8.18359417680767
13.5084645833334,8.20000042766333
13.5087979166667,8.21210980329488
13.5091312500001,8.20364626118681
13.5094645833334,8.19804730256146
13.5097979166667,8.19622438579972
13.5101312500001,8.19765667754109
13.5104645833334,8.1837243851478
13.5107979166667,8.17408896797861
13.5111312500001,8.16289105072792
13.5114645833334,8.16041709226556
13.5117979166667,8.15559938368097
13.5121312500001,8.14479209145065
13.5124645833334,8.12591188213264
13.5127979166667,8.10781292285538
13.5131312500001,8.10481813103252
13.5134645833334,8.09231813038059
13.5137979166667,8.07656292122556
13.5141312500001,8.05585979514581
13.5144645833334,8.04322958615376
13.5147979166667,8.02617229359748
13.5151312500001,8.00559937585786
13.5154645833334,7.98346395803674
13.5157979166667,7.95013062296494
13.5161312500001,7.91901082967525
13.5164645833334,7.89622437015351
13.5167979166667,7.87604207743425
13.5171312500001,7.85507853467425
13.5174645833334,7.82500040810555
13.5177979166667,7.79739623999922
13.5181312500001,7.76835978015151
13.5184645833334,7.7505212375545
13.5187979166667,7.727995194713
13.5191312500001,7.70065144328692
13.5194645833334,7.67395873356145
13.5197979166667,7.65963581614778
13.5201312500001,7.64348998197238
13.5204645833334,7.61757852228766
13.5207979166667,7.58958372916095
13.5211312500001,7.57122435320343
13.5214645833334,7.55859414421138
13.5217979166667,7.55143268550455
13.5221312500001,7.53177122614579
13.5224645833334,7.50507851642033
13.5227979166667,7.48151080685784
13.5231312500001,7.46080768077809
13.5234645833334,7.43697955453536
13.5237979166667,7.40208371938206
13.5241312500001,7.3748701762961
13.5244645833334,7.35781288373983
13.5247979166667,7.33880246608169
13.5251312500001,7.31562538153958
13.5254645833334,7.29244829699746
13.5257979166668,7.27604204614181
13.5261312500001,7.26015662864666
13.5264645833334,7.24153683600889
13.5267979166668,7.22526079349336
13.5271312500001,7.20846391761734
13.5274645833334,7.18710974983696
13.5277979166668,7.17005245728069
13.5281312500001,7.15963579007075
13.5284645833334,7.1513024563028
13.5287979166668,7.13046912188293
13.5291312500001,7.10781287070131
13.5294645833334,7.08763057798206
13.5297979166668,7.08125036931597
13.5301312500001,7.07526078567025
13.5304645833334,7.07200557716715
13.5307979166668,7.05546911797137
13.5311312500001,7.03528682525212
13.5314645833334,7.02330765796069
13.5317979166668,7.01966182443721
13.5321312500001,7.01458369917236
13.5324645833334,6.99713578159572
13.5327979166668,6.97721390555671
13.5331312500001,6.96666703000665
13.5334645833334,6.96015661300044
13.5337979166668,6.95625036279671
13.5341312500001,6.95260452927323
13.5344645833334,6.94427119550528
13.5347979166668,6.93606807007745
13.5351312500001,6.92356806942553
13.5354645833334,6.91432327727671
13.5357979166668,6.90950556869211
13.5361312500001,6.90533890180814
13.5364645833334,6.90807327695075
13.5367979166668,6.90533890180814
13.5371312500001,6.89648473467969
13.5374645833334,6.88880244261236
13.5377979166668,6.88072952552466
13.5381312500001,6.87695348366105
13.5384645833334,6.86875035823323
13.5387979166668,6.87148473337584
13.5391312500001,6.87109410835546
13.5394645833334,6.86744827483199
13.5397979166668,6.86783889985236
13.5401312500001,6.86575556641037
13.5404645833334,6.86992223329435
13.5407979166668,6.86015660778503
13.5411312500001,6.85182327401708
13.5414645833334,6.84583369037136
13.5417979166668,6.84609410705161
13.5421312500001,6.85351598243869
13.5424645833334,6.85078160729609
13.5427979166668,6.84414098194975
13.5431312500001,6.84479202365037
13.5434645833334,6.84544306535099
13.5437979166668,6.84726598211273
13.5441312500001,6.83828160664416
13.5444645833334,6.8352868148213
13.5447979166668,6.8406253567664
13.5451312500001,6.8406253567664
13.5454645833334,6.8358076481818
13.5457979166668,6.82135452242801
13.5461312500001,6.82330764752987
13.5464645833334,6.83476598146081
13.5467979166668,6.84739619045286
13.5471312500001,6.84947952389484
13.5474645833334,6.85208369069733
13.5477979166668,6.85260452405783
13.5481312500001,6.85286494073807
13.5484645833334,6.84218785684789
13.5487979166668,6.84205764850776
13.5491312500001,6.84791702381335
13.5494645833334,6.85390660745907
13.5497979166668,6.84570348203124
13.5501312500001,6.83645868988242
13.5504645833334,6.84231806518801
13.5507979166668,6.84609410705161
13.5511312500001,6.85026077393559
13.5514645833334,6.85052119061584
13.5517979166668,6.85156285733683
13.5521312500001,6.85117223231646
13.5524645833335,6.85065139895596
13.5527979166668,6.85742223264242
13.5531312500001,6.86093785782578
13.5534645833335,6.85703160762205
13.5537979166668,6.85989619110478
13.5541312500001,6.86067744114553
13.5544645833335,6.85924514940416
13.5547979166668,6.85690139928192
13.5551312500001,6.85950556608441
13.5554645833335,6.86380244130851
13.5557979166668,6.86471389968938
13.5561312500001,6.86093785782578
13.5564645833335,6.86171910786652
13.5567979166668,6.86028681612515
13.5571312500001,6.86809931653261
13.5574645833335,6.86953160827397
13.5577979166668,6.8701826499746
13.5581312500001,6.8691409832536
13.5584645833335,6.8739586918382
13.5587979166668,6.87317744179745
13.5591312500001,6.87591181694006
13.5594645833335,6.8820316089259
13.5597979166668,6.89192744277534
13.5601312500001,6.88854202593211
13.5604645833335,6.88789098423149
13.5607979166668,6.8820316089259
13.5611312500001,6.88359410900739
13.5614645833335,6.88411494236789
13.5617979166668,6.88893265095248
13.5621312500001,6.88776077589137
13.5624645833335,6.88502640074876
13.5627979166668,6.87786494204193
13.5631312500001,6.8734378584777
13.5634645833335,6.87552119191969
13.5637979166668,6.88333369232714
13.5641312500001,6.8858076507895
13.5644645833335,6.88567744244938
13.5647979166668,6.88385452568764
13.5651312500001,6.88411494236789
13.5654645833335,6.88216181726602
13.5657979166668,6.88606806746975
13.5661312500001,6.89531285961857
13.5664645833335,6.89127640107472
13.5667979166668,6.88541702576913
13.5671312500001,6.88463577572839
13.5674645833335,6.89049515103398
13.5677979166668,6.8868493175105
13.5681312500001,6.88190140058578
13.5684645833335,6.87968785880366
13.5687979166668,6.88593785912963
13.5691312500001,6.89023473435373
13.5694645833335,6.89101598439447
13.5697979166668,6.88033890050428
13.5701312500001,6.87083369167522
13.5704645833335,6.87500035855919
13.5707979166668,6.88372431734752
13.5711312500001,6.8825524422864
13.5714645833335,6.87786494204193
13.5717979166668,6.87526077523944
13.5721312500001,6.87539098357957
13.5724645833335,6.8696618166141
13.5727979166668,6.86692744147149
13.5731312500001,6.86432327466901
13.5734645833335,6.86289098292764
13.5737979166668,6.86692744147149
13.5741312500001,6.87109410835546
13.5744645833335,6.87265660843696
13.5747979166668,6.86562535807025
13.5751312500001,6.85885452438379
13.5754645833335,6.8605472328054
13.5757979166668,6.86419306632888
13.5761312500001,6.86471389968938
13.5764645833335,6.85651077426155
13.5767979166668,6.85690139928192
13.5771312500001,6.8648441080295
13.5774645833335,6.86367223296838
13.5777979166668,6.85885452438379
13.5781312500002,6.84557327369112
13.5784645833335,6.84075556510652
13.5787979166668,6.84036494008615
13.5791312500002,6.84635452373186
13.5794645833335,6.84973994057509
13.5797979166668,6.83593785652192
13.5801312500002,6.83177118963795
13.5804645833335,6.83841181498428
13.5807979166668,6.84440139863
13.5811312500002,6.83723993992317
13.5814645833335,6.82929723117559
13.5817979166668,6.8363284815423
13.5821312500002,6.84362014858925
13.5824645833335,6.83710973158304
13.5827979166668,6.8352868148213
13.5831312500002,6.83398473142006
13.5834645833335,6.83515660648118
13.5837979166668,6.83333368971944
13.5841312500002,6.83489618980093
13.5844645833335,6.83567743984168
13.5847979166668,6.82851598113484
13.5851312500002,6.82500035595149
13.5854645833335,6.82539098097186
13.5857979166668,6.82682327271323
13.5861312500002,6.8239586892305
13.5864645833335,6.8272138977336
13.5867979166668,6.83242223133857
13.5871312500002,6.8352868148213
13.5874645833335,6.83255243967869
13.5877979166668,6.82513056429161
13.5881312500002,6.82447952259099
13.5884645833335,6.82226598080888
13.5887979166668,6.81901077230577
13.5891312500002,6.82148473076814
13.5894645833335,6.82617223101261
13.5897979166668,6.83515660648118
13.5901312500002,6.82955764785584
13.5904645833335,6.82526077263174
13.5907979166668,6.81731806388416
13.5911312500002,6.81354202202056
13.5914645833335,6.81315139700018
13.5917979166668,6.8143232720613
13.5921312500002,6.81328160534031
13.5924645833335,6.81445348040143
13.5927979166668,6.81302118866006
13.5931312500002,6.81184931359894
13.5934645833335,6.80338577149087
13.5937979166668,6.80937535513658
13.5941312500002,6.81575556380267
13.5944645833335,6.81588577214279
13.5947979166668,6.80703160501435
13.5951312500002,6.80325556315074
13.5954645833335,6.80703160501435
13.5957979166668,6.80585972995323
13.5961312500002,6.8062503549736
13.5964645833335,6.80559931327298
13.5967979166668,6.80924514679646
13.5971312500002,6.80533889659273
13.5974645833335,6.80169306306925
13.5977979166668,6.79700556282478
13.5981312500002,6.79322952096118
13.5984645833335,6.79973993796739
13.5987979166668,6.80182327140938
13.5991312500002,6.80286493813037
13.5994645833335,6.79375035432167
13.5997979166668,6.80299514647049
13.6001312500002,6.81419306372118
13.6004645833335,6.81692743886379
13.6007979166668,6.80859410509584
13.6011312500002,6.80169306306925
13.6014645833335,6.80104202136863
13.6017979166668,6.801432646389
13.6021312500002,6.80520868825261
13.6024645833335,6.80664097999397
13.6027979166668,6.80403681319149
13.6031312500002,6.80598993829335
13.6034645833335,6.8062503549736
13.6037979166668,6.80612014663348
13.6041312500002,6.80260452145012
13.6044645833335,6.80911493845633
13.6047979166668,6.81250035529956
13.6051312500002,6.8153649387823
13.6054645833335,6.81796910558478
13.6057979166668,6.81940139732615
13.6061312500002,6.82148473076814
13.6064645833335,6.8186201472854
13.6067979166669,6.82083368906751
13.6071312500002,6.81315139700018
13.6074645833335,6.81718785554403
13.6077979166668,6.81822952226503
13.6081312500002,6.82031285570702
13.6084645833335,6.81757848056441
13.6087979166669,6.82513056429161
13.6091312500002,6.82942743951571
13.6094645833335,6.82552118931199
13.6097979166669,6.81901077230577
13.6101312500002,6.82747431441385
13.6104645833335,6.83190139797807
13.6107979166669,6.8401045234059
13.6111312500002,6.83893264834478
13.6114645833335,6.83828160664416
13.6117979166669,6.83411493976018
13.6121312500002,6.83723993992317
13.6124645833335,6.8406253567664
13.6127979166669,6.83606806486205
13.6131312500002,6.83072952291695
13.6134645833335,6.83424514810031
13.6137979166669,6.83164098129782
13.6141312500002,6.82994827287621
13.6144645833335,6.83307327303919
13.6147979166669,6.8358076481818
13.6151312500002,6.83763056494354
13.6154645833335,6.83541702316143
13.6157979166669,6.84296910688863
13.6161312500002,6.84309931522876
13.6164645833335,6.84739619045286
13.6167979166669,6.8486982738541
13.6171312500002,6.84791702381335
13.6174645833335,6.84661494041211
13.6177979166669,6.84648473207199
13.6181312500002,6.84427119028987
13.6184645833335,6.84049514842627
13.6187979166669,6.84583369037136
13.6191312500002,6.85846389936342
13.6194645833335,6.86549514973012
13.6197979166669,6.8567711909418
13.6201312500002,6.85651077426155
13.6204645833335,6.85885452438379
13.6207979166669,6.86197952454677
13.6211312500002,6.8605472328054
13.6214645833335,6.85872431604366
13.6217979166669,6.86940139993385
13.6221312500002,6.87591181694006
13.6224645833335,6.88046910884441
13.6227979166669,6.87304723345733
13.6231312500002,6.86458369134925
13.6234645833335,6.86171910786652
13.6237979166669,6.86171910786652
13.6241312500002,6.85937535774428
13.6244645833335,6.85872431604366
13.6247979166669,6.86575556641037
13.6251312500002,6.86875035823323
13.6254645833335,6.86822952487273
13.6257979166669,6.87057327499497
13.6261312500002,6.88281285896665
13.6264645833335,6.88919306763273
13.6267979166669,6.88645869249012
13.6271312500002,6.88268265062652
13.6274645833335,6.88437535904814
13.6277979166669,6.88138056722528
13.6281312500002,6.88033890050428
13.6284645833335,6.87226598341658
13.6287979166669,6.88372431734752
13.6291312500002,6.8901045260136
13.6294645833333,6.89570348463894
13.6297979166667,6.89362015119696
13.63013125,6.8901045260136
13.6304645833333,6.89726598472043
13.6307979166667,6.89609410965932
13.63113125,6.90182327662478
13.6314645833333,6.90195348496491
13.6317979166667,6.90026077654329
13.63213125,6.89596390131919
13.6324645833333,6.8981774431013
13.6327979166667,6.90169306828466
13.63313125,6.90390661006677
13.6334645833333,6.90221390164516
13.6337979166667,6.90807327695075
13.63413125,6.91419306893658
13.6344645833333,6.91744827743969
13.6347979166667,6.92487015282677
13.63513125,6.93151077817311
13.6354645833333,6.94023473696143
13.6357979166667,6.93385452829534
13.63613125,6.93333369493485
13.6364645833333,6.92604202788789
13.6367979166667,6.92369827776565
13.63713125,6.92408890278603
13.6374645833333,6.93190140319348
13.6377979166667,6.94244827874354
13.63813125,6.94804723736888
13.6384645833333,6.94947952911025
13.6387979166667,6.95130244587199
13.63913125,6.94739619566826
13.6394645833334,6.95143265421211
13.6397979166667,6.95169307089236
13.64013125,6.95208369591273
13.6404645833334,6.95533890441584
13.6407979166667,6.96549515494553
13.64113125,6.97317744701286
13.6414645833334,6.971224321911
13.6417979166667,6.96367223818379
13.64213125,6.96184932142205
13.6424645833334,6.97265661365236
13.6427979166667,6.98177119746106
13.64313125,6.98541703098454
13.6434645833334,6.97604203049559
13.6437979166667,6.98046911405982
13.64413125,6.98606807268516
13.6444645833334,6.99505244815373
13.6447979166667,6.9997399483982
13.64513125,7.01536494921311
13.6454645833334,7.02630244978354
13.6457979166667,7.03450557521137
13.64613125,7.03333370015025
13.6464645833334,7.03515661691199
13.6467979166667,7.03385453351075
13.64713125,7.03684932533361
13.6474645833334,7.03671911699348
13.6477979166667,7.03776078371448
13.64813125,7.04023474217684
13.6484645833334,7.04856807594479
13.6487979166667,7.05195349278802
13.64913125,7.04726599254354
13.6494645833334,7.04973995100591
13.6497979166667,7.05703161805286
13.65013125,7.06184932663746
13.6504645833334,7.05546911797137
13.6507979166667,7.05312536784914
13.65113125,7.05364620120963
13.6514645833334,7.06054724323622
13.6517979166667,7.06145870161709
13.65213125,7.06054724323622
13.6524645833334,7.06041703489609
13.6527979166667,7.06276078501833
13.65313125,7.07565141069063
13.6534645833334,7.08059932761535
13.6537979166667,7.07695349409187
13.65413125,7.08059932761535
13.6544645833334,7.08372432777833
13.6547979166667,7.08671911960118
13.65513125,7.07760453579249
13.6554645833334,7.07487016064988
13.6557979166667,7.0755212023505
13.65613125,7.0712243271264
13.6564645833334,7.06536495182081
13.6567979166667,7.06731807692268
13.65713125,7.0722659938474
13.6574645833334,7.07513057733013
13.6577979166667,7.07812536915299
13.65813125,7.07942745255423
13.6584645833334,7.07513057733013
13.6587979166667,7.07434932728938
13.65913125,7.07838578583324
13.6594645833334,7.08281286939746
13.6597979166667,7.07695349409187
13.66013125,7.07500036899
13.6604645833334,7.07200557716715
13.6607979166667,7.0669274519023
13.66113125,7.06406286841957
13.6614645833334,7.06705766024243
13.6617979166667,7.07643266073137
13.66213125,7.07408891060914
13.6624645833334,7.07955766089435
13.6627979166667,7.08385453611845
13.66313125,7.08919307806355
13.6634645833334,7.08177120267647
13.6637979166667,7.076042035711
13.66413125,7.07070349376591
13.6644645833334,7.07447953562951
13.6647979166667,7.0755212023505
13.66513125,7.08697953628143
13.6654645833334,7.08307328607771
13.6657979166667,7.07252641052764
13.66613125,7.0626305766782
13.6664645833334,7.06250036833808
13.6667979166667,7.07083370210603
13.66713125,7.06289099335845
13.6674645833334,7.05612015967199
13.6677979166667,7.05638057635224
13.6681312500001,7.06145870161709
13.6684645833334,7.06809932696342
13.6687979166667,7.06927120202454
13.6691312500001,7.0669274519023
13.6694645833334,7.06289099335845
13.6697979166667,7.06080765991646
13.6701312500001,7.07187536882702
13.6704645833334,7.07825557749311
13.6707979166667,7.07382849392889
13.6711312500001,7.06406286841957
13.6714645833334,7.06575557684118
13.6717979166667,7.06666703522205
13.6721312500001,7.06940141036466
13.6724645833334,7.06158890995721
13.6727979166667,7.06080765991646
13.6731312500001,7.06145870161709
13.6734645833334,7.06953161870479
13.6737979166667,7.06835974364367
13.6741312500001,7.06393266007945
13.6744645833334,7.06250036833808
13.6747979166667,7.07083370210603
13.6751312500001,7.07812536915299
13.6754645833334,7.0755212023505
13.6757979166667,7.0712243271264
13.6761312500001,7.07057328542578
13.6764645833334,7.06966182704491
13.6767979166667,7.06992224372516
13.6771312500001,7.07057328542578
13.6774645833334,7.07669307741162
13.6777979166667,7.08242224437709
13.6781312500001,7.08059932761535
13.6784645833334,7.07734411911224
13.6787979166667,7.07239620218752
13.6791312500001,7.07070349376591
13.6794645833334,7.07747432745236
13.6797979166667,7.08268266105733
13.6801312500001,7.08307328607771
13.6804645833334,7.07265661886777
13.6807979166667,7.07434932728938
13.6811312500001,7.08294307773758
13.6814645833334,7.08958370308392
13.6817979166667,7.08164099433634
13.6821312500001,7.07877641085361
13.6824645833334,7.08294307773758
13.6827979166667,7.09231807822653
13.6831312500001,7.08958370308392
13.6834645833334,7.08229203603696
13.6837979166667,7.08880245304317
13.6841312500001,7.09804724519199
13.6844645833334,7.1050784955587
13.6847979166667,7.10091182867473
13.6851312500001,7.09609412009013
13.6854645833334,7.09609412009013
13.6857979166667,7.10677120398032
13.6861312500001,7.12122432973411
13.6864645833334,7.13190141362429
13.6867979166667,7.12122432973411
13.6871312500001,7.11927120463224
13.6874645833334,7.12565141329833
13.6877979166667,7.13776078892988
13.6881312500001,7.14713578941883
13.6884645833334,7.1518232896633
13.6887979166667,7.16080766513187
13.6891312500001,7.17291704076342
13.6894645833334,7.19205766676168
13.6897979166667,7.2066410008556
13.6901312500001,7.21536495964392
13.6904645833334,7.22447954345262
13.6907979166667,7.24166704434902
13.6911312500001,7.25325558662007
13.6914645833334,7.26276079544914
13.6917979166667,7.2819014214474
13.6921312500001,7.30221392250678
13.6924645833334,7.31848996502231
13.6927979166667,7.32994829895324
13.6931312500001,7.34882850827125
13.6934645833334,7.37161496779299
13.6937979166667,7.38750038528815
13.6941312500001,7.40937538642902
13.6944645833334,7.42890663744765
13.6947979166668,7.45078163858852
13.6951312500001,7.46901080620592
13.6954645833334,7.49101601568691
13.6957979166668,7.5092451833043
13.6961312500001,7.53294310120691
13.6964645833334,7.56106810267375
13.6967979166668,7.59557331280667
13.6971312500001,7.6188806056889
13.6974645833334,7.6446618570335
13.6977979166668,7.67682331704418
13.6981312500001,7.71250040223822
13.6984645833334,7.74218790378654
13.6987979166668,7.77747436396021
13.6991312500001,7.81979207450058
13.6994645833334,7.86640666026506
13.6997979166668,7.91276082934928
13.7001312500001,7.959635831794
13.7004645833334,8.00781291763997
13.7007979166668,8.05182333660196
13.7011312500001,8.0960941722442
13.7014645833334,8.13359417419997
13.7017979166668,8.17187542619649
13.7021312500001,8.21458376175724
13.7024645833334,8.26250043092296
13.7027979166668,8.30703168324544
13.7031312500001,8.34791710204445
13.7034645833334,8.40026085477439
13.7037979166668,8.45442752426607
13.7041312500001,8.51067752719973
13.7044645833334,8.55846398802533
13.7047979166668,8.61067753241514
13.7051312500001,8.65846399324073
13.7054645833334,8.71054732929042
13.7057979166668,8.76106816525862
13.7061312500001,8.82369837685837
13.7064645833334,8.88424525501614
13.7067979166668,8.94492234151403
13.7071312500001,8.99388067740074
13.7074645833334,9.05052130535478
13.7077979166668,9.10989630845143
13.7081312500001,9.16796922814683
13.7084645833334,9.22187548095826
13.7087979166668,9.27226610858634
13.7091312500001,9.32708381977864
13.7094645833334,9.37864632246783
13.7097979166668,9.43880257560522
13.7101312500001,9.49010466161417
13.7104645833334,9.53984424754162
13.7107979166668,9.59557341711479
13.7111312500001,9.65442758685094
13.7114645833334,9.70377654775803
13.7117979166668,9.73437550768722
13.7121312500001,9.77851613498933
13.7124645833334,9.82890676261741
13.7127979166668,9.87838593186461
13.7131312500001,9.9148442670994
13.7134645833334,9.95065156063356
13.7137979166668,9.981510937243
13.7141312500001,10.0070317719074
13.7144645833334,10.0367192734557
13.7147979166668,10.0694015668269
13.7151312500001,10.0968755265931
13.7154645833334,10.1106776106462
13.7157979166668,10.1113286523469
13.7161312500001,10.1141932358296
13.7164645833334,10.1132817774487
13.7167979166668,10.1160161525913
13.7171312500001,10.1256515697605
13.7174645833334,10.1276046948624
13.7177979166668,10.1320317784266
13.7181312500001,10.1437505290378
13.7184645833334,10.1641932384373
13.7187979166668,10.1800786559324
13.7191312500001,10.1825526143948
13.7194645833334,10.1828130310751
13.7197979166668,10.176432822409
13.7201312500001,10.1527349045064
13.7204645833334,10.1255213614204
13.7207979166668,10.0882817761449
13.7211312500001,10.0488286490872
13.7214645833335,10.0052088551456
13.7217979166668,9.97226614509418
13.7221312500001,9.94557343536872
13.7224645833335,9.9105473918753
13.7227979166668,9.8686203063553
13.7231312500001,9.83333384618163
13.7234645833335,9.80664113645616
13.7237979166668,9.79583384422585
13.7241312500001,9.78177134349244
13.7244645833335,9.76666717603803
13.7247979166668,9.73906300793169
13.7251312500001,9.71380258994759
13.7254645833335,9.686979671882
13.7257979166668,9.65507862855156
13.7261312500001,9.6069015427056
13.7264645833335,9.55820362349914
13.7267979166668,9.50494841238833
13.7271312500001,9.46028695172572
13.7274645833335,9.41562549106311
13.7277979166668,9.36849007193814
13.7281312500001,9.31562548584771
13.7284645833335,9.26210985805665
13.7287979166668,9.2032556883205
13.7291312500001,9.13632860149664
13.7294645833335,9.06705776455055
13.7297979166668,9.01640672024223
13.7301312500001,8.9678390093759
13.7304645833335,8.9076827562385
13.7307979166668,8.8496098365431
13.7311312500001,8.79687545879278
13.7314645833335,8.7442712893826
13.7317979166668,8.67513066077663
13.7321312500001,8.60677128221141
13.7324645833335,8.53776086194557
13.7327979166668,8.47604210872669
13.7331312500001,8.41875043907203
13.7334645833335,8.36406293621985
13.7337979166668,8.30039105789911
13.7341312500001,8.23177126265364
13.7344645833335,8.1756514680601
13.7347979166668,8.1369795910432
13.7351312500001,8.08606813005463
13.7354645833335,8.02916708542034
13.7357979166668,7.96966187398357
13.7361312500001,7.92265666319872
13.7364645833335,7.87786499419599
13.7367979166668,7.82942749166978
13.7371312500001,7.78190144752443
13.7374645833335,7.73789102856245
13.7377979166668,7.7037764434499
13.7381312500001,7.67213581679971
13.7384645833335,7.63268268974207
13.7387979166668,7.59192747928319
13.7391312500001,7.55690143578977
13.7394645833335,7.53046914274455
13.7397979166668,7.49557330759126
13.7401312500001,7.46106809745834
13.7404645833335,7.43033892918902
13.7407979166668,7.39843788585858
13.7411312500001,7.37395871791523
13.7414645833335,7.35143267507374
13.7417979166668,7.33046913231374
13.7421312500001,7.30507850598951
13.7424645833335,7.27669308784243
13.7427979166668,7.27044308751647
13.7431312500001,7.2576826701843
13.7434645833335,7.23541704402305
13.7437979166668,7.19869829210802
13.7441312500001,7.17200558238255
13.7444645833335,7.15833370666951
13.7447979166668,7.14622433103796
13.7451312500001,7.1346357887669
13.7454645833335,7.1217451630946
13.7457979166668,7.11093787086429
13.7461312500001,7.10351599547721
13.7464645833335,7.09804724519199
13.7467979166668,7.08645870292094
13.7471312500001,7.07187536882702
13.7474645833335,7.05950557651522
13.7477979166668,7.04895870096516
13.7481312500001,7.04296911731944
13.7484645833335,7.04062536719721
13.7487979166668,7.03893265877559
13.7491312500002,7.03098995002802
13.7494645833335,7.02239619957982
13.7497979166668,7.01979203277733
13.7501312500001,7.01783890767547
13.7504645833335,7.00572953204392
13.7507979166668,6.99114619795
13.7511312500002,6.9835941142228
13.7514645833335,6.98893265616789
13.7517979166668,6.99075557292963
13.7521312500002,6.98463578094379
13.7524645833335,6.97408890539373
13.7527979166668,6.96419307154429
13.7531312500002,6.95442744603497
13.7534645833335,6.95807327955845
13.7537979166668,6.96145869640168
13.7541312500002,6.96614619664615
13.7544645833335,6.94895869574975
13.7547979166668,6.94778682068864
13.7551312500002,6.94205765372317
13.7554645833335,6.94244827874354
13.7557979166668,6.94010452862131
13.7561312500002,6.94518265388615
13.7564645833335,6.95143265421211
13.7567979166668,6.95143265421211
13.7571312500002,6.950260779151
13.7574645833335,6.94947952911025
13.7577979166668,6.94309932044416
13.7581312500002,6.9416670287028
13.7584645833335,6.94049515364168
13.7587979166668,6.94244827874354
13.7591312500002,6.9406253619818
13.7594645833335,6.93580765339721
13.7597979166668,6.93476598667621
13.7601312500002,6.93645869509783
13.7604645833335,6.93710973679845
13.7607979166668,6.93085973647249
13.7611312500002,6.93033890311199
13.7614645833335,6.93151077817311
13.7617979166668,6.9330732782546
13.7621312500002,6.92760452796938
13.7624645833335,6.92760452796938
13.7627979166668,6.93489619501634
13.7631312500002,6.93528682003671
13.7634645833335,6.93281286157435
13.7637979166668,6.93072952813236
13.7641312500002,6.92669306958851
13.7644645833335,6.93164098651323
13.7647979166668,6.93033890311199
13.7651312500002,6.93242223655398
13.7654645833335,6.93190140319348
13.7657979166668,6.93971390360093
13.7661312500002,6.94375036214478
13.7664645833335,6.94192744538305
13.7667979166668,6.93554723671696
13.7671312500002,6.93580765339721
13.7674645833335,6.94179723704292
13.7677979166668,6.94817744570901
13.7681312500002,6.94987015413062
13.7684645833335,6.94231807040342
13.7687979166668,6.93580765339721
13.7691312500002,6.93945348692068
13.7694645833335,6.94635452894727
13.7697979166668,6.94518265388615
13.7701312500002,6.93958369526081
13.7704645833335,6.93984411194106
13.7707979166668,6.94674515396764
13.7711312500002,6.94674515396764
13.7714645833335,6.94687536230777
13.7717979166668,6.93932327858056
13.7721312500002,6.93802119517932
13.7724645833335,6.93398473663547
13.7727979166668,6.93606807007745
13.7731312500002,6.93502640335646
13.7734645833335,6.93398473663547
13.7737979166668,6.93333369493485
13.7741312500002,6.93333369493485
13.7744645833335,6.93502640335646
13.7747979166668,6.93567744505708
13.7751312500002,6.93567744505708
13.7754645833335,6.92460973614652
13.7757979166669,6.92057327760267
13.7761312500002,6.92122431930329
13.7764645833335,6.92604202788789
13.7767979166669,6.92617223622801
13.7771312500002,6.93229202821385
13.7774645833335,6.94375036214478
13.7777979166669,6.94791702902876
13.7781312500002,6.94023473696143
13.7784645833335,6.94348994546454
13.7787979166669,6.95533890441584
13.7791312500002,6.96731807170727
13.7794645833335,6.96601598830603
13.7797979166669,6.96184932142205
13.7801312500002,6.96041702968068
13.7804645833335,6.96523473826528
13.7807979166669,6.96380244652392
13.7811312500002,6.95807327955845
13.7814645833335,6.95455765437509
13.7817979166669,6.96354202984367
13.7821312500002,6.96783890506777
13.7824645833335,6.96783890506777
13.7827979166669,6.96367223818379
13.7831312500002,6.97031286353013
13.7834645833335,6.9782555722777
13.7837979166669,6.98528682264441
13.7841312500002,6.99101598960988
13.7844645833335,6.98710973940615
13.7847979166669,6.98437536426354
13.7851312500002,6.98033890571969
13.7854645833335,6.97460973875423
13.7857979166669,6.97265661365236
13.7861312500002,6.96328161316342
13.7864645833335,6.96171911308193
13.7867979166669,6.96367223818379
13.7871312500002,6.97265661365236
13.7874645833335,6.98164098912093
13.7877979166669,6.97721390555671
13.7881312500002,6.98398473924317
13.7884645833335,6.98893265616789
13.7887979166669,6.99687536491547
13.7891312500002,6.99296911471174
13.7894645833335,6.98658890604566
13.7897979166669,6.98502640596416
13.7901312500002,6.98776078110677
13.7904645833335,6.99895869835746
13.7907979166669,7.00820349050628
13.7911312500002,7.00195349018031
13.7914645833335,7.00013057341857
13.7917979166669,7.00533890702354
13.7921312500002,7.02044307447795
13.7924645833335,7.02239619957982
13.7927979166669,7.01328161577112
13.7931312500002,7.00299515690131
13.7934645833335,7.00494828200317
13.7937979166669,7.0201826577977
13.7941312500002,7.03984411715646
13.7944645833335,7.03541703359224
13.7947979166669,7.02109411617858
13.7951312500002,7.02109411617858
13.7954645833335,7.03398474185087
13.7957979166669,7.04388057570032
13.7961312500002,7.04192745059845
13.7964645833335,7.04205765893858
13.7967979166669,7.05117224274727
13.7971312500002,7.05429724291025
13.7974645833335,7.05104203440715
13.7977979166669,7.04075557553733
13.7981312500002,7.04192745059845
13.7984645833335,7.05976599319547
13.7987979166669,7.07369828558876
13.7991312500002,7.07473995230976
13.7994645833335,7.06992224372516
13.7997979166669,7.06888057700417
13.80013125,7.07096391044615
13.8004645833333,7.07500036899
13.8007979166667,7.08515661951969
13.80113125,7.08984411976417
13.8014645833333,7.08255245271721
13.8017979166667,7.07434932728938
13.80213125,7.0755212023505
13.8024645833333,7.08619828624069
13.8027979166667,7.08658891126106
13.80313125,7.08763057798206
13.8034645833333,7.08776078632218
13.8037979166667,7.0884118280228
13.80413125,7.08059932761535
13.8044645833333,7.0722659938474
13.8047979166667,7.07161495214677
13.80513125,7.07591182737087
13.8054645833333,7.07955766089435
13.8057979166667,7.08385453611845
13.80613125,7.08515661951969
13.8064645833333,7.08645870292094
13.8067979166667,7.0803389109351
13.80713125,7.07539099401038
13.8074645833333,7.06640661854181
13.8077979166667,7.06536495182081
13.80813125,7.06497432680044
13.8084645833333,7.06731807692268
13.8087979166667,7.06028682655597
13.80913125,7.05494828461087
13.8094645833333,7.05716182639299
13.8097979166667,7.06080765991646
13.81013125,7.06237015999796
13.8104645833334,7.05403682623
13.8107979166667,7.04661495084292
13.81113125,7.04075557553733
13.8114645833334,7.04322953399969
13.8117979166667,7.04739620088367
13.81213125,7.04466182574106
13.8124645833334,7.03112015836814
13.8127979166667,7.0207034911582
13.81313125,7.01575557423348
13.8134645833334,7.01796911601559
13.8137979166667,7.01432328249211
13.81413125,7.00559932370379
13.8144645833334,6.99479203147348
13.8147979166667,6.98815140612715
13.81513125,6.99348994807224
13.8154645833334,6.99075557292963
13.8157979166667,6.97864619729808
13.81613125,6.96888057178876
13.8164645833334,6.96354202984367
13.8167979166667,6.97044307187025
13.81713125,6.9621097381023
13.8174645833334,6.95585973777634
13.8177979166667,6.95104202919174
13.81813125,6.95104202919174
13.8184645833334,6.94804723736888
13.8187979166667,6.94388057048491
13.81913125,6.93059931979224
13.8194645833334,6.92955765307124
13.8197979166667,6.9234378610854
13.82013125,6.92005244424217
13.8204645833334,6.9067711935495
13.8207979166667,6.89960973484267
13.82113125,6.90364619338652
13.8214645833334,6.89713577638031
13.8217979166667,6.89088577605435
13.82213125,6.88177119224565
13.8224645833334,6.88802119257161
13.8227979166667,6.88606806746975
13.82313125,6.8901045260136
13.8234645833334,6.88372431734752
13.8237979166667,6.87708369200118
13.82413125,6.86562535807025
13.8244645833334,6.86666702479124
13.8247979166667,6.86666702479124
13.82513125,6.86666702479124
13.8254645833334,6.86276077458751
13.8257979166667,6.86237014956714
13.82613125,6.86367223296838
13.8264645833334,6.8648441080295
13.8267979166667,6.85950556608441
13.82713125,6.84908889887447
13.8274645833334,6.84205764850776
13.8277979166667,6.84101598178677
13.82813125,6.85208369069733
13.8284645833334,6.85338577409857
13.8287979166667,6.84882848219422
13.82913125,6.83645868988242
13.8294645833334,6.83085973125708
13.8297979166667,6.83307327303919
13.83013125,6.8320316063182
13.8304645833334,6.82942743951571
13.8307979166667,6.83112014793733
13.83113125,6.8315107729577
13.8314645833334,6.82929723117559
13.8317979166667,6.81809931392491
13.83213125,6.81393264704093
13.8324645833334,6.81510452210205
13.8327979166667,6.82083368906751
13.83313125,6.82187535578851
13.8334645833334,6.82252639748913
13.8337979166667,6.81549514712242
13.83413125,6.81276077197981
13.8344645833334,6.81223993861931
13.8347979166667,6.81848993894528
13.83513125,6.81302118866006
13.8354645833334,6.80742223003472
13.8357979166667,6.8057295216131
13.83613125,6.81276077197981
13.8364645833334,6.81705764720391
13.8367979166667,6.81171910525882
13.8371312500001,6.80559931327298
13.8374645833334,6.80833368841559
13.8377979166667,6.8143232720613
13.83813125,6.81835973060515
13.8384645833334,6.8138024387008
13.8387979166667,6.81328160534031
13.8391312500001,6.81132848023844
13.8394645833334,6.81731806388416
13.8397979166667,6.82096389740764
13.8401312500001,6.82708368939348
13.8404645833334,6.81614618882304
13.8407979166667,6.81028681351745
13.8411312500001,6.80455764655199
13.8414645833334,6.79960972962726
13.8417979166667,6.78828160403646
13.8421312500001,6.78320347877161
13.8424645833334,6.78281285375124
13.8427979166667,6.78072952030925
13.8431312500001,6.78072952030925
13.8434645833334,6.78190139537037
13.8437979166667,6.77916702022776
13.8441312500001,6.7766930617654
13.8444645833334,6.77565139504441
13.8447979166667,6.77799514516664
13.8451312500001,6.77369826994254
13.8454645833334,6.76640660289559
13.8457979166667,6.7680993113172
13.8461312500001,6.77135451982031
13.8464645833334,6.76992222807894
13.8467979166667,6.77135451982031
13.8471312500001,6.77278681156167
13.8474645833334,6.76835972799745
13.8477979166667,6.76901076969807
13.8481312500001,6.77044306143944
13.8484645833334,6.77786493682652
13.8487979166667,6.77330764492217
13.8491312500001,6.7761722284049
13.8494645833334,6.78450556217285
13.8497979166667,6.79427118768217
13.8501312500001,6.79075556249882
13.8504645833334,6.79596389610379
13.8507979166667,6.79778681286553
13.8511312500001,6.79687535448466
13.8514645833334,6.78893264573708
13.8517979166667,6.79661493780441
13.8521312500001,6.80364618817112
13.8524645833334,6.80651077165385
13.8527979166667,6.80273472979025
13.8531312500001,6.80833368841559
13.8534645833334,6.82473993927124
13.8537979166667,6.83437535644043
13.8541312500001,6.83138056461758
13.8544645833334,6.82408889757062
13.8547979166667,6.81367223036068
13.8551312500001,6.81328160534031
13.8554645833334,6.8105472301977
13.8557979166667,6.8057295216131
13.8561312500001,6.80976598015695
13.8564645833334,6.81601598048292
13.8567979166667,6.82200556412863
13.8571312500001,6.81601598048292
13.8574645833334,6.80989618849708
13.8577979166667,6.80911493845633
13.8581312500001,6.81158889691869
13.8584645833334,6.80911493845633
13.8587979166667,6.81119827189832
13.8591312500001,6.8196618140064
13.8594645833334,6.83489618980093
13.8597979166667,6.84075556510652
13.8601312500001,6.8358076481818
13.8604645833334,6.81796910558478
13.8607979166667,6.8105472301977
13.8611312500001,6.81184931359894
13.8614645833334,6.82005243902677
13.8617979166667,6.81835973060515
13.8621312500001,6.81328160534031
13.8624645833334,6.81171910525882
13.8627979166667,6.81210973027919
13.8631312500001,6.81367223036068
13.8634645833334,6.82057327238727
13.8637979166668,6.82617223101261
13.8641312500001,6.82591181433236
13.8644645833334,6.82109410574776
13.8647979166667,6.82343785587
13.8651312500001,6.82460973093112
13.8654645833334,6.82447952259099
13.8657979166668,6.82070348072739
13.8661312500001,6.82148473076814
13.8664645833334,6.82005243902677
13.8667979166668,6.82109410574776
13.8671312500001,6.82330764752987
13.8674645833334,6.82617223101261
13.8677979166668,6.82656285603298
13.8681312500001,6.82890660615522
13.8684645833334,6.82552118931199
13.8687979166668,6.82799514777435
13.8691312500001,6.82682327271323
13.8694645833334,6.83112014793733
13.8697979166668,6.82369827255025
13.8701312500001,6.82161493910826
13.8704645833334,6.81158889691869
13.8707979166668,6.80924514679646
13.8711312500001,6.7971357711649
13.8714645833334,6.80403681319149
13.8717979166668,6.80546910493285
13.8721312500001,6.81419306372118
13.8724645833334,6.8110680635582
13.8727979166668,6.8105472301977
13.8731312500001,6.80520868825261
13.8734645833334,6.81132848023844
13.8737979166668,6.8148441054218
13.8741312500001,6.81406285538105
13.8744645833334,6.80911493845633
13.8747979166668,6.80820348007546
13.8751312500001,6.81158889691869
13.8754645833334,6.80976598015695
13.8757979166668,6.81289098031994
13.8761312500001,6.82044306404714
13.8764645833334,6.82552118931199
13.8767979166668,6.82148473076814
13.8771312500001,6.8191409806459
13.8774645833334,6.81679723052366
13.8777979166668,6.81770868890453
13.8781312500001,6.81653681384341
13.8784645833334,6.82187535578851
13.8787979166668,6.81953160566627
13.8791312500001,6.8153649387823
13.8794645833334,6.81119827189832
13.8797979166668,6.81302118866006
13.8801312500001,6.82161493910826
13.8804645833334,6.81875035562553
13.8807979166668,6.80963577181683
13.8811312500001,6.79987014630751
13.8814645833334,6.80429722987174
13.8817979166668,6.82044306404714
13.8821312500001,6.82656285603298
13.8824645833334,6.82057327238727
13.8827979166668,6.80989618849708
13.8831312500001,6.81289098031994
13.8834645833334,6.81940139732615
13.8837979166668,6.82578160599223
13.8841312500001,6.82643264769286
13.8844645833334,6.82500035595149
13.8847979166668,6.82200556412863
13.8851312500001,6.82369827255025
13.8854645833334,6.82617223101261
13.8857979166668,6.82513056429161
13.8861312500001,6.81822952226503
13.8864645833334,6.82096389740764
13.8867979166668,6.82825556445459
13.8871312500001,6.83424514810031
13.8874645833334,6.83541702316143
13.8877979166668,6.83737014826329
13.8881312500001,6.83372431473981
13.8884645833334,6.83802118996391
13.8887979166668,6.83658889822254
13.8891312500001,6.83424514810031
13.8894645833334,6.82877639781509
13.8897979166668,6.83541702316143
13.8901312500001,6.84375035692938
13.8904645833334,6.83971389838553
13.8907979166668,6.83268264801882
13.8911312500001,6.83046910623671
13.8914645833334,6.83333368971944
13.8917979166668,6.84218785684789
13.8921312500001,6.85000035725534
13.8924645833334,6.8519534823572
13.8927979166668,6.84635452373186
13.8931312500001,6.84674514875224
13.8934645833335,6.85612014924118
13.8937979166668,6.86197952454677
13.8941312500001,6.85612014924118
13.8944645833335,6.84635452373186
13.8947979166668,6.84283889854851
13.8951312500001,6.84674514875224
13.8954645833335,6.85390660745907
13.8957979166668,6.85885452438379
13.8961312500001,6.85638056592143
13.8964645833335,6.8524743157177
13.8967979166668,6.8524743157177
13.8971312500001,6.85794306600292
13.8974645833335,6.86041702446528
13.8977979166668,6.85638056592143
13.8981312500001,6.85338577409857
13.8984645833335,6.85638056592143
13.8987979166668,6.85716181596217
13.8991312500001,6.85950556608441
13.8994645833335,6.85481806583994
13.8997979166668,6.85403681579919
13.9001312500001,6.85403681579919
13.9004645833335,6.86171910786652
13.9007979166668,6.86080764948565
13.9011312500001,6.85533889920043
13.9014645833335,6.85598994090106
13.9017979166668,6.85989619110478
13.9021312500001,6.86627639977087
13.9024645833335,6.86067744114553
13.9027979166668,6.85507848252019
13.9031312500001,6.85364619077882
13.9034645833335,6.85442744081956
13.9037979166668,6.85924514940416
13.9041312500001,6.85065139895596
13.9044645833335,6.84531285701087
13.9047979166668,6.8524743157177
13.9051312500001,6.86770869151224
13.9054645833335,6.87200556673634
13.9057979166668,6.86536494139
13.9061312500001,6.85976598276466
13.9064645833335,6.8610680661659
13.9067979166668,6.8605472328054
13.9071312500001,6.85638056592143
13.9074645833335,6.8486982738541
13.9077979166668,6.84687535709236
13.9081312500001,6.85130244065658
13.9084645833335,6.85807327434304
13.9087979166668,6.86015660778503
13.9091312500001,6.86015660778503
13.9094645833335,6.85690139928192
13.9097979166668,6.85143264899671
13.9101312500001,6.8492191072146
13.9104645833335,6.84908889887447
13.9107979166668,6.84934931555472
13.9111312500001,6.83723993992317
13.9114645833335,6.82968785619596
13.9117979166668,6.82604202267248
13.9121312500001,6.82682327271323
13.9124645833335,6.82643264769286
13.9127979166668,6.82304723084962
13.9131312500001,6.82200556412863
13.9134645833335,6.82434931425087
13.9137979166668,6.83320348137932
13.9141312500001,6.83971389838553
13.9144645833335,6.83411493976018
13.9147979166668,6.82864618947497
13.9151312500001,6.83294306469907
13.9154645833335,6.8401045234059
13.9157979166668,6.83697952324292
13.9161312500001,6.82552118931199
13.9164645833335,6.82174514744838
13.9167979166668,6.82617223101261
13.9171312500001,6.8320316063182
13.9174645833335,6.83645868988242
13.9177979166668,6.82760452275397
13.9181312500001,6.82487014761136
13.9184645833335,6.82460973093112
13.9187979166668,6.82955764785584
13.9191312500001,6.82591181433236
13.9194645833335,6.822396189149
13.9197979166668,6.81614618882304
13.9201312500002,6.8148441054218
13.9204645833335,6.80742223003472
13.9207979166668,6.80937535513658
13.9211312500002,6.80468785489211
13.9214645833335,6.79739618784515
13.9217979166668,6.79960972962726
13.9221312500002,6.80208368808962
13.9224645833335,6.80742223003472
13.9227979166668,6.79440139602229
13.9231312500002,6.78893264573708
13.9234645833335,6.78828160403646
13.9237979166668,6.79375035432167
13.9241312500002,6.79127639585931
13.9244645833335,6.78658889561484
13.9247979166668,6.78776077067596
13.9251312500002,6.79270868760068
13.9254645833335,6.79726597950503
13.9257979166668,6.79401077100192
13.9261312500002,6.79427118768217
13.9264645833335,6.79205764590006
13.9267979166668,6.79231806258031
13.9271312500002,6.80000035464764
13.9274645833335,6.80664097999397
13.9277979166668,6.8110680635582
13.9281312500002,6.81015660517733
13.9284645833335,6.81093785521807
13.9287979166668,6.80911493845633
13.9291312500002,6.80351597983099
13.9294645833335,6.80559931327298
13.9297979166668,6.81510452210205
13.9301312500002,6.81497431376192
13.9304645833335,6.81158889691869
13.9307979166668,6.80091181302851
13.9311312500002,6.79179722921981
13.9314645833335,6.7901045207982
13.9317979166668,6.79752639618528
13.9321312500002,6.80247431311
13.9324645833335,6.79830764622602
13.9327979166668,6.79466181270254
13.9331312500002,6.79843785456615
13.9334645833335,6.79856806290627
13.9337979166668,6.79557327108341
13.9341312500002,6.79296910428093
13.9344645833335,6.79231806258031
13.9347979166668,6.78632847893459
13.9351312500002,6.78281285375124
13.9354645833335,6.78320347877161
13.9357979166668,6.78203160371049
13.9361312500002,6.78411493715248
13.9364645833335,6.7890628540772
13.9367979166668,6.79908889626677
13.9371312500002,6.7933597293013
13.9374645833335,6.77994827026851
13.9377979166668,6.77369826994254
13.9381312500002,6.78072952030925
13.9384645833335,6.7890628540772
13.9387979166668,6.79414097934205
13.9391312500002,6.7938805626618
13.9394645833335,6.79622431278403
13.9397979166668,6.79179722921981
13.9401312500002,6.78697952063521
13.9404645833335,6.77630243674503
13.9407979166668,6.76705764459621
13.9411312500002,6.77070347811969
13.9414645833335,6.77395868662279
13.9417979166668,6.77565139504441
13.9421312500002,6.7723961865413
13.9424645833335,6.76770868629683
13.9427979166668,6.76627639455546
13.9431312500002,6.76901076969807
13.9434645833335,6.77421910330304
13.9437979166668,6.77135451982031
13.9441312500002,6.76197951933136
13.9444645833335,6.75833368580788
13.9447979166668,6.75885451916838
13.9451312500002,6.76237014435174
13.9454645833335,6.76679722791596
13.9457979166668,6.77213576986105
13.9461312500002,6.77226597820118
13.9464645833335,6.76966181139869
13.9467979166668,6.7648441028141
13.9471312500002,6.76510451949434
13.9474645833335,6.75468785228441
13.9477979166669,6.74973993535969
13.9481312500002,6.74778681025782
13.9484645833335,6.75403681058378
13.9487979166669,6.76028681090975
13.9491312500002,6.75781285244739
13.9494645833335,6.75585972734552
13.9497979166669,6.75403681058378
13.9501312500002,6.75325556054304
13.9504645833335,6.75208368548192
13.9507979166669,6.74635451851646
13.9511312500002,6.73945347648987
13.9514645833335,6.74127639325161
13.9517979166669,6.7390628514695
13.9521312500002,6.74140660159174
13.9524645833335,6.73606805964664
13.9527979166669,6.73554722628615
13.9531312500002,6.73697951802751
13.9534645833335,6.74114618491149
13.9537979166669,6.74596389349608
13.9541312500002,6.74440139341459
13.9544645833335,6.74036493487074
13.9547979166669,6.73658889300714
13.9551312500002,6.73750035138801
13.9554645833335,6.73554722628615
13.9557979166669,6.73450555956515
13.9561312500002,6.7347659762454
13.9564645833335,6.74140660159174
13.9567979166669,6.74101597657136
13.9571312500002,6.73177118442254
13.9574645833335,6.72630243413733
13.9577979166669,6.72903680927993
13.9581312500002,6.73411493454478
13.9584645833335,6.73007847600093
13.9587979166669,6.72916701762006
13.9591312500002,6.72604201745708
13.9594645833335,6.73190139276267
13.9597979166669,6.73502639292565
13.9601312500002,6.73945347648987
13.9604645833335,6.73776076806826
13.9607979166669,6.7352868096059
13.9611312500002,6.73776076806826
13.9614645833335,6.73072951770155
13.9617979166669,6.72734410085832
13.9621312500002,6.72838576757931
13.9624645833335,6.73489618458552
13.9627979166669,6.74010451819049
13.9631312500002,6.7423180599726
13.9634645833335,6.7438805600541
13.9637979166669,6.7476566019177
13.9641312500002,6.74987014369981
13.9644645833335,6.75338576888316
13.9647979166669,6.74466181009484
13.9651312500002,6.74101597657136
13.9654645833335,6.73984410151024
13.9657979166669,6.74700556021708
13.9661312500002,6.74023472653062
13.9664645833335,6.73893264312937
13.9667979166669,6.73932326814975
13.9671312500002,6.7433597266936
13.9674645833335,6.74127639325161
13.9677979166669,6.74440139341459
13.9681312500002,6.74856806029857
13.9684645833335,6.75846389414801
13.9687979166669,6.75794306078751
13.9691312500002,6.75963576920913
13.9694645833335,6.7509118104208
13.9697979166669,6.74049514321087
13.9701312500002,6.73697951802751
13.9704645833335,6.73619826798677
13.9707979166667,6.74583368515596
13.97113125,6.74375035171397
13.9714645833333,6.7519534771418
13.9717979166667,6.75481806062453
13.97213125,6.75729201908689
13.9724645833333,6.74791701859795
13.9727979166667,6.74479201843496
13.97313125,6.75104201876093
13.9734645833333,6.75833368580788
13.9737979166667,6.75833368580788
13.97413125,6.75677118572639
13.9744645833333,6.75559931066528
13.9747979166667,6.7638024360931
13.97513125,6.76536493617459
13.9754645833333,6.76640660289559
13.9757979166667,6.7643232694536
13.97613125,6.76901076969807
13.9764645833333,6.76744826961658
13.9767979166667,6.75989618588937
13.97713125,6.75755243576714
13.9774645833333,6.76614618621534
13.9777979166667,6.77460972832341
13.97813125,6.7761722284049
13.9784645833333,6.77330764492217
13.9787979166667,6.77122431148018
13.97913125,6.76901076969807
13.9794645833333,6.76783889463695
13.9797979166667,6.76263056103198
13.98013125,6.75585972734552
13.9804645833333,6.75755243576714
13.9807979166667,6.76041701924987
13.98113125,6.75468785228441
13.9814645833334,6.74622431017633
13.9817979166667,6.74348993503372
13.98213125,6.75598993568565
13.9824645833334,6.76354201941285
13.9827979166667,6.7680993113172
13.98313125,6.76171910265111
13.9834645833334,6.75429722726403
13.9837979166667,6.75377639390354
13.98413125,6.76367222775298
13.9844645833334,6.77265660322155
13.9847979166667,6.7729170199018
13.98513125,6.76835972799745
13.9854645833334,6.77018264475919
13.9857979166667,6.77578160338453
13.98613125,6.77825556184689
13.9864645833334,6.76744826961658
13.9867979166667,6.76015660256962
13.98713125,6.76354201941285
13.9874645833334,6.76835972799745
13.9877979166667,6.76588576953509
13.98813125,6.75807326912764
13.9884645833334,6.76328160273261
13.9887979166667,6.76705764459621
13.98913125,6.77213576986105
13.9894645833334,6.77539097836416
13.9897979166667,6.77747431180615
13.99013125,6.77252639488143
13.9904645833334,6.77447951998329
13.9907979166667,6.77578160338453
13.99113125,6.77643264508515
13.9914645833334,6.76835972799745
13.9917979166667,6.77109410314006
13.99213125,6.76901076969807
13.9924645833334,6.76054722759
13.9927979166667,6.75377639390354
13.99313125,6.75585972734552
13.9934645833334,6.76367222775298
13.9937979166667,6.75820347746776
13.99413125,6.75690139406652
13.9944645833334,6.76080764427025
13.9947979166667,6.76536493617459
13.99513125,6.76770868629683
13.9954645833334,6.7680993113172
13.9957979166667,6.77265660322155
13.99613125,6.76549514451472
13.9964645833334,6.75690139406652
13.9967979166667,6.75312535220292
13.99713125,6.76393264443323
13.9974645833334,6.76549514451472
13.9977979166667,6.76237014435174
13.99813125,6.74921910199919
13.9984645833334,6.74427118507447
13.9987979166667,6.74804722693807
13.99913125,6.75885451916838
13.9994645833334,6.76276076937211
13.9997979166667,6.76145868597087
14.00013125,6.75299514386279
14.0004645833334,6.75598993568565
14.0007979166667,6.75664097738627
14.00113125,6.76093785261037
14.0014645833334,6.76197951933136
14.0017979166667,6.76028681090975
14.00213125,6.76354201941285
14.0024645833334,6.75989618588937
14.0027979166667,6.76184931099124
14.00313125,6.76979201973882
14.0034645833334,6.77382847828267
14.0037979166667,6.77434931164316
14.00413125,6.7723961865413
14.0044645833334,6.77434931164316
14.0047979166667,6.77708368678577
14.00513125,6.77005243641907
14.0054645833334,6.76901076969807
14.0057979166667,6.76966181139869
14.00613125,6.76445347779372
14.0064645833334,6.76419306111348
14.0067979166667,6.76158889431099
14.00713125,6.76692743625608
14.0074645833334,6.76471389447397
14.0077979166667,6.76549514451472
14.00813125,6.76458368613385
14.0084645833334,6.76145868597087
14.0087979166667,6.76354201941285
14.00913125,6.76614618621534
14.0094645833334,6.76966181139869
14.0097979166667,6.7691409780382
14.0101312500001,6.77825556184689
14.0104645833334,6.78632847893459
14.0107979166667,6.78619827059447
14.0111312500001,6.77890660354751
14.0114645833334,6.77916702022776
14.0117979166667,6.77825556184689
14.0121312500001,6.7766930617654
14.0124645833334,6.77773472848639
14.0127979166667,6.79127639585931
14.0131312500001,6.79505243772292
14.0134645833334,6.78606806225435
14.0137979166667,6.77838577018702
14.0141312500001,6.77981806192838
14.0144645833334,6.78242222873087
14.0147979166667,6.78125035366975
14.0151312500001,6.77890660354751
14.0154645833334,6.77539097836416
14.0157979166667,6.76497431115422
14.0161312500001,6.76822951965733
14.0164645833334,6.77565139504441
14.0167979166667,6.78177118703025
14.0171312500001,6.77395868662279
14.0174645833334,6.76770868629683
14.0177979166667,6.76835972799745
14.0181312500001,6.76653681123571
14.0184645833334,6.76953160305857
14.0187979166667,6.77031285309931
14.0191312500001,6.77552118670428
14.0194645833334,6.77395868662279
14.0197979166667,6.77408889496292
14.0201312500001,6.77539097836416
14.0204645833334,6.77343785326229
14.0207979166667,6.76640660289559
14.0211312500001,6.76575556119497
14.0214645833334,6.77343785326229
14.0217979166667,6.77786493682652
14.0221312500001,6.76888056135795
14.0224645833334,6.76523472783447
14.0227979166667,6.76744826961658
14.0231312500001,6.77083368645981
14.0234645833334,6.75638056070602
14.0237979166667,6.74934931033931
14.0241312500001,6.74817743527819
14.0244645833334,6.75364618556341
14.0247979166667,6.7557295190054
14.0251312500001,6.75677118572639
14.0254645833334,6.75247431050229
14.0257979166667,6.7476566019177
14.0261312500001,6.74856806029857
14.0264645833334,6.75585972734552
14.0267979166667,6.75585972734552
14.0271312500001,6.74192743495223
14.0274645833334,6.73828160142875
14.0277979166667,6.74270868499298
14.0281312500001,6.74166701827198
14.0284645833334,6.73710972636764
14.0287979166667,6.73059930936142
14.0291312500001,6.72890660093981
14.0294645833334,6.72773472587869
14.0297979166667,6.72382847567496
14.0301312500001,6.71979201713111
14.0304645833334,6.70768264149956
14.0307979166667,6.7057295163977
14.0311312500001,6.71445347518602
14.0314645833334,6.72343785065459
14.0317979166667,6.72786493421881
14.0321312500001,6.72278680895397
14.0324645833334,6.72031285049161
14.0327979166667,6.71796910036937
14.0331312500001,6.72018264215149
14.0334645833334,6.71640660028788
14.0337979166667,6.70885451656068
14.0341312500001,6.71067743332242
14.0344645833334,6.71692743364838
14.0347979166667,6.7170576419885
14.0351312500001,6.71354201680515
14.0354645833334,6.71158889170329
14.0357979166668,6.71315139178478
14.0361312500001,6.71497430854652
14.0364645833334,6.71132847502304
14.0367979166668,6.70429722465633
14.0371312500001,6.6960940992285
14.0374645833334,6.69114618230378
14.0377979166668,6.69401076578652
14.0381312500001,6.696614932589
14.0384645833334,6.69388055744639
14.0387979166668,6.69635451590875
14.0391312500001,6.70364618295571
14.0394645833334,6.71575555858726
14.0397979166668,6.71458368352614
14.0401312500001,6.70755243315944
14.0404645833334,6.70260451623471
14.0407979166668,6.70286493291496
14.0411312500001,6.70559930805757
14.0414645833334,6.71210972506378
14.0417979166668,6.7132816001249
14.0421312500001,6.70546909971745
14.0424645833334,6.70416701631621
14.0427979166668,6.70065139113285
14.0431312500001,6.70117222449335
14.0434645833334,6.69778680765012
14.0437979166668,6.696614932589
14.0441312500001,6.69348993242602
14.0444645833334,6.69257847404515
14.0447979166668,6.70000034943223
14.0451312500001,6.70455764133658
14.0454645833334,6.69596389088838
14.0457979166668,6.68541701533832
14.0461312500001,6.69414097412664
14.0464645833334,6.71080764166254
14.0467979166668,6.72044305883173
14.0471312500001,6.71250035008416
14.0474645833334,6.7095055582613
14.0477979166668,6.71237014174403
14.0481312500001,6.71458368352614
14.0484645833334,6.71028680830204
14.0487979166668,6.70455764133658
14.0491312500001,6.70364618295571
14.0494645833334,6.70612014141807
14.0497979166668,6.71471389186627
14.0501312500001,6.71679722530826
14.0504645833334,6.71119826668291
14.0507979166668,6.7046878496767
14.0511312500001,6.70169305785385
14.0514645833334,6.70312534959521
14.0517979166668,6.69388055744639
14.0521312500001,6.6890628488618
14.0524645833334,6.6842451402772
14.0527979166668,6.68528680699819
14.0531312500001,6.69127639064391
14.0534645833334,6.69492222416739
14.0537979166668,6.69687534926925
14.0541312500001,6.70013055777236
14.0544645833334,6.70768264149956
14.0547979166668,6.71822951704962
14.0551312500001,6.71627639194776
14.0554645833334,6.70976597494155
14.0557979166668,6.70885451656068
14.0561312500001,6.70911493324093
14.0564645833334,6.70598993307795
14.0567979166668,6.69869826603099
14.0571312500001,6.69505243250751
14.0574645833334,6.69322951574577
14.0577979166668,6.69804722433037
14.0581312500001,6.70507847469708
14.0584645833334,6.70807326651993
14.0587979166668,6.69752639096987
14.0591312500001,6.69036493226304
14.0594645833334,6.6971357659495
14.0597979166668,6.70377639129583
14.0601312500001,6.70065139113285
14.0604645833334,6.69531284918776
14.0607979166668,6.69270868238527
14.0611312500001,6.69492222416739
14.0614645833334,6.70026076611248
14.0617979166668,6.70286493291496
14.0621312500001,6.70104201615323
14.0624645833335,6.69518264084763
14.0627979166668,6.69791701599024
14.0631312500001,6.70429722465633
14.0634645833334,6.70156284951372
14.0637979166668,6.69765659931
14.0641312500001,6.69453159914701
14.0644645833335,6.70559930805757
14.0647979166668,6.70885451656068
14.0651312500001,6.70494826635695
14.0654645833335,6.69205764068465
14.0657979166668,6.68932326554204
14.0661312500001,6.69049514060316
14.0664645833335,6.696614932589
14.0667979166668,6.69674514092912
14.0671312500001,6.69544305752788
14.0674645833335,6.69492222416739
14.0677979166668,6.70195347453409
14.0681312500001,6.70377639129583
14.0684645833335,6.696614932589
14.0687979166668,6.68867222384142
14.0691312500001,6.69335972408589
14.0694645833335,6.69973993275198
14.0697979166668,6.69309930740565
14.0701312500001,6.68763055712043
14.0704645833335,6.68112014011422
14.0707979166668,6.6794274316926
14.0711312500001,6.67096388958453
14.0714645833335,6.67447951476788
14.0717979166668,6.68320347355621
14.0721312500001,6.69166701566428
14.0724645833335,6.69127639064391
14.0727979166668,6.6880211821408
14.0731312500001,6.69036493226304
14.0734645833335,6.69309930740565
14.0737979166668,6.69153680732416
14.0741312500001,6.68580764035869
14.0744645833335,6.6847659736377
14.0747979166668,6.68867222384142
14.0751312500001,6.69752639096987
14.0754645833335,6.70390659963596
14.0757979166668,6.70768264149956
14.0761312500001,6.70546909971745
14.0764645833335,6.7046878496767
14.0767979166668,6.70690139145882
14.0771312500001,6.71106805834279
14.0774645833335,6.71132847502304
14.0777979166668,6.71562535024714
14.0781312500001,6.71692743364838
14.0784645833335,6.71575555858726
14.0787979166668,6.717578475349
14.0791312500001,6.7213545172126
14.0794645833335,6.72955764264043
14.0797979166668,6.72929722596018
14.0801312500001,6.73151076774229
14.0804645833335,6.73684930968739
14.0807979166668,6.74453160175472
14.0811312500001,6.74440139341459
14.0814645833335,6.74218785163248
14.0817979166668,6.73867222644913
14.0821312500001,6.74479201843496
14.0824645833335,6.74492222677509
14.0827979166668,6.7471357685572
14.0831312500001,6.74908889365906
14.0834645833335,6.74414097673434
14.0837979166668,6.74101597657136
14.0841312500001,6.74687535187695
14.0844645833335,6.76067743593012
14.0847979166668,6.7648441028141
14.0851312500001,6.75963576920913
14.0854645833335,6.75794306078751
14.0857979166668,6.76601597787521
14.0861312500001,6.76992222807894
14.0864645833335,6.7691409780382
14.0867979166668,6.75820347746776
14.0871312500001,6.75507847730478
14.0874645833335,6.7562503523659
14.0877979166668,6.76601597787521
14.0881312500001,6.76731806127646
14.0884645833335,6.7638024360931
14.0887979166668,6.76471389447397
14.0891312500002,6.77213576986105
14.0894645833335,6.77708368678577
14.0897979166668,6.77656285342528
14.0901312500001,6.77057326977956
14.0904645833335,6.78033889528888
14.0907979166668,6.79088577083894
14.0911312500002,6.7986982712464
14.0914645833335,6.79791702120565
14.0917979166668,6.80104202136863
14.0921312500001,6.80898473011621
14.0924645833335,6.81145868857857
14.0927979166668,6.80989618849708
14.0931312500002,6.81041702185758
14.0934645833335,6.81067743853782
14.0937979166668,6.81523473044217
14.0941312500002,6.81744827222428
14.0944645833335,6.81796910558478
14.0947979166668,6.81562535546254
14.0951312500002,6.81406285538105
14.0954645833335,6.81132848023844
14.0957979166668,6.80442743821186
14.0961312500002,6.80768264671497
14.0964645833335,6.81679723052366
14.0967979166668,6.82148473076814
14.0971312500002,6.81158889691869
14.0974645833335,6.80794306339521
14.0977979166668,6.81028681351745
14.0981312500002,6.81315139700018
14.0984645833335,6.80455764655199
14.0987979166668,6.80013056298776
14.0991312500002,6.80976598015695
14.0994645833335,6.81992223068664
14.0997979166668,6.81640660550329
14.1001312500002,6.81158889691869
14.1004645833335,6.81158889691869
14.1007979166668,6.8196618140064
14.1011312500002,6.81093785521807
14.1014645833335,6.81028681351745
14.1017979166668,6.80937535513658
14.1021312500002,6.80755243837484
14.1024645833335,6.80299514647049
14.1027979166668,6.80403681319149
14.1031312500002,6.80455764655199
14.1034645833335,6.79987014630751
14.1037979166668,6.7971357711649
14.1041312500002,6.80598993829335
14.1044645833335,6.81067743853782
14.1047979166668,6.79921910460689
14.1051312500002,6.79036493747844
14.1054645833335,6.78684931229509
14.1057979166668,6.78997431245807
14.1061312500002,6.78606806225435
14.1064645833335,6.78789097901608
14.1067979166668,6.78802118735621
14.1071312500002,6.79296910428093
14.1074645833335,6.78554722889385
14.1077979166668,6.780469103629
14.1081312500002,6.77773472848639
14.1084645833335,6.7766930617654
14.1087979166668,6.77122431148018
14.1091312500002,6.76250035269186
14.1094645833335,6.75846389414801
14.1097979166668,6.76419306111348
14.1101312500002,6.76835972799745
14.1104645833335,6.77031285309931
14.1107979166668,6.77109410314006
14.1111312500002,6.77096389479993
14.1114645833335,6.77135451982031
14.1117979166668,6.76940139471844
14.1121312500002,6.76250035269186
14.1124645833335,6.76315139439248
14.1127979166668,6.7691409780382
14.1131312500002,6.77747431180615
14.1134645833335,6.76992222807894
14.1137979166668,6.76393264443323
14.1141312500002,6.75911493584863
14.1144645833335,6.75742222742702
14.1147979166668,6.74375035171397
14.1151312500002,6.74179722661211
14.1154645833335,6.74830764361832
14.1157979166668,6.76028681090975
14.1161312500002,6.76197951933136
14.1164645833335,6.76237014435174
14.1167979166668,6.75612014402577
14.1171312500002,6.75859410248813
14.1174645833335,6.75833368580788
14.1177979166668,6.76210972767149
14.1181312500002,6.75768264410726
14.1184645833335,6.75416701892391
14.1187979166669,6.75104201876093
14.1191312500002,6.74505243511521
14.1194645833335,6.75117222710105
14.1197979166669,6.75755243576714
14.1201312500002,6.75638056070602
14.1204645833335,6.74375035171397
14.1207979166669,6.74062535155099
14.1211312500002,6.74817743527819
14.1214645833335,6.75442743560416
14.1217979166669,6.74544306013559
14.1221312500002,6.7428388933331
14.1224645833335,6.74205764329236
14.1227979166669,6.74674514353683
14.1231312500002,6.7466149351967
14.1234645833335,6.75638056070602
14.1237979166669,6.75924514418875
14.1241312500002,6.76041701924987
14.1244645833335,6.75052118540043
14.1247979166669,6.74648472685658
14.1251312500002,6.73841180976888
14.1254645833335,6.7352868096059
14.1257979166669,6.74153680993186
14.1261312500002,6.75247431050229
14.1264645833335,6.75104201876093
14.1267979166669,6.74466181009484
14.1271312500002,6.74192743495223
14.1274645833335,6.74114618491149
14.1277979166669,6.74505243511521
14.1281312500002,6.74453160175472
14.1284645833335,6.74557326847571
14.1287979166669,6.73320347616391
14.1291312500002,6.72721389251819
14.1294645833335,6.7266930591577
14.1297979166669,6.73554722628615
14.1301312500002,6.73671910134726
14.1304645833335,6.74440139341459
14.1307979166669,6.74127639325161
14.1311312500002,6.73320347616391
14.1314645833335,6.72044305883173
14.1317979166669,6.72057326717186
14.1321312500002,6.72408889235521
14.1324645833335,6.72864618425956
14.1327979166669,6.73059930936142
14.1331312500002,6.72760451753857
14.1334645833335,6.72578160077683
14.1337979166669,6.72721389251819
14.1341312500002,6.73281285114354
14.1344645833335,6.73203160110279
14.1347979166669,6.72591180911695
14.1351312500002,6.7218753505731
14.1354645833335,6.72473993405583
14.1357979166669,6.7256513924367
14.1361312500002,6.72591180911695
14.1364645833335,6.71848993372987
14.1367979166669,6.71171910004341
14.1371312500002,6.71458368352614
14.1374645833335,6.72070347551198
14.1377979166669,6.72929722596018
14.1381312500002,6.72500035073608
14.1384645833335,6.7143232668459
14.1387979166669,6.70416701631621
14.1391312500002,6.70442743299645
14.1394645833335,6.70612014141807
14.1397979166669,6.70052118279273
14.1401312500002,6.69765659931
14.1404645833335,6.70377639129583
14.1407979166669,6.70989618328167
14.1411312500002,6.70651076643844
14.1414645833333,6.70169305785385
14.1417979166667,6.6971357659495
14.14213125,6.70078159947298
14.1424645833333,6.70507847469708
14.1427979166667,6.70286493291496
14.14313125,6.69687534926925
14.1434645833333,6.69153680732416
14.1437979166667,6.69843784935074
14.14413125,6.69843784935074
14.1444645833333,6.69830764101062
14.1447979166667,6.69531284918776
14.14513125,6.696614932589
14.1454645833333,6.69088576562353
14.1457979166667,6.69557326586801
14.14613125,6.69544305752788
14.1464645833333,6.69570347420813
14.1467979166667,6.68411493193708
14.14713125,6.6842451402772
14.1474645833333,6.68593784869881
14.1477979166667,6.68958368222229
14.14813125,6.68333368189633
14.1484645833333,6.67786493161111
14.1487979166667,6.67382847306726
14.14913125,6.67395868140738
14.1494645833333,6.68007847339322
14.1497979166667,6.67799513995124
14.15013125,6.67434930642776
14.1504645833333,6.66901076448267
14.1507979166667,6.67382847306726
14.15113125,6.67760451493086
14.1514645833333,6.67109409792465
14.1517979166667,6.66601597265981
14.15213125,6.66718784772093
14.1524645833334,6.66835972278204
14.1527979166667,6.6638024308777
14.15313125,6.65872430561285
14.1534645833334,6.65494826374925
14.1537979166667,6.65247430528689
14.15413125,6.6466149299813
14.1544645833334,6.65351597200788
14.1547979166667,6.65859409727273
14.15513125,6.65885451395297
14.1554645833334,6.64713576334179
14.1557979166667,6.64335972147819
14.15613125,6.64023472131521
14.1564645833334,6.63645867945161
14.1567979166667,6.63125034584664
14.15713125,6.63815138787322
14.1574645833334,6.65026076350478
14.1577979166667,6.65195347192639
14.15813125,6.64531284658005
14.1584645833334,6.64947951346403
14.1587979166667,6.66067743071471
14.15913125,6.66809930610179
14.1594645833334,6.65559930544987
14.1597979166667,6.64309930479794
14.16013125,6.64414097151894
14.1604645833334,6.65390659702825
14.1607979166667,6.65963576399372
14.16113125,6.65312534698751
14.1614645833334,6.65117222188565
14.1617979166667,6.65442743038875
14.16213125,6.65911493063322
14.1624645833334,6.66237013913633
14.1627979166667,6.66666701436043
14.16313125,6.66536493095919
14.1634645833334,6.65729201387148
14.1637979166667,6.64947951346403
14.16413125,6.64765659670229
14.1644645833334,6.64700555500167
14.1647979166667,6.63997430463496
14.16513125,6.64088576301583
14.1654645833334,6.64648472164117
14.1657979166667,6.65546909710975
14.16613125,6.65247430528689
14.1664645833334,6.64960972180416
14.1667979166667,6.6455732632603
14.16713125,6.64908888844366
14.1674645833334,6.64843784674304
14.1677979166667,6.64257847143745
14.16813125,6.63632847111148
14.1684645833334,6.63203159588738
14.1687979166667,6.63658888779173
14.16913125,6.64674513832142
14.1694645833334,6.65481805540912
14.1697979166667,6.6541670137085
14.17013125,6.64700555500167
14.1704645833334,6.64348992981832
14.1707979166667,6.64153680471645
14.17113125,6.63619826277136
14.1714645833334,6.63229201256763
14.1717979166667,6.63932326293434
14.17213125,6.65065138852515
14.1724645833334,6.65533888876962
14.1727979166667,6.65507847208937
14.17313125,6.65364618034801
14.1734645833334,6.65260451362701
14.1737979166667,6.64752638836217
14.17413125,6.64804722172266
14.1744645833334,6.65442743038875
14.1747979166667,6.66354201419745
14.17513125,6.65703159719124
14.1754645833334,6.65312534698751
14.1757979166667,6.65078159686527
14.17613125,6.65052118018502
14.1764645833334,6.65390659702825
14.1767979166667,6.65703159719124
14.17713125,6.66588576431968
14.1774645833334,6.67734409825062
14.1777979166667,6.68333368189633
14.17813125,6.68697951541981
14.1784645833334,6.67903680667223
14.1787979166667,6.68437534861732
14.1791312500001,6.69375034910627
14.1794645833334,6.70494826635695
14.1797979166667,6.70208368287422
14.1801312500001,6.69127639064391
14.1804645833334,6.68723993210006
14.1807979166667,6.6917972240044
14.1811312500001,6.70052118279273
14.1814645833334,6.70325555793534
14.1817979166667,6.70729201647919
14.1821312500001,6.71588576692739
14.1824645833334,6.71744826700888
14.1827979166667,6.71393264182552
14.1831312500001,6.71276076676441
14.1834645833334,6.71783889202925
14.1837979166667,6.72382847567496
14.1841312500001,6.73255243446329
14.1844645833334,6.74101597657136
14.1847979166667,6.74726597689733
14.1851312500001,6.75325556054304
14.1854645833334,6.75677118572639
14.1857979166667,6.76888056135795
14.1861312500001,6.77552118670428
14.1864645833334,6.78072952030925
14.1867979166667,6.79023472913832
14.1871312500001,6.80078160468838
14.1874645833334,6.80937535513658
14.1877979166667,6.80937535513658
14.1881312500001,6.81289098031994
14.1884645833334,6.83033889789658
14.1887979166667,6.83802118996391
14.1891312500001,6.84140660680714
14.1894645833334,6.84544306535099
14.1897979166667,6.8572920243023
14.1901312500001,6.86666702479124
14.1904645833334,6.87604202528019
14.1907979166667,6.88945348431298
14.1911312500001,6.90572952682851
14.1914645833334,6.91757848577981
14.1917979166667,6.92473994448665
14.1921312500001,6.9277347363095
14.1924645833334,6.93085973647249
14.1927979166667,6.94635452894727
14.1931312500001,6.96927119680913
14.1934645833334,6.98333369754255
14.1937979166667,6.98763057276665
14.1941312500001,6.98958369786851
14.1944645833334,7.00429724030255
14.1947979166667,7.02044307447795
14.1951312500001,7.03398474185087
14.1954645833334,7.04622432582255
14.1957979166667,7.05872432647448
14.1961312500001,7.07942745255423
14.1964645833334,7.09622432843025
14.1967979166667,7.1018232870556
14.1971312500001,7.11132849588466
14.1974645833334,7.12148474641435
14.1977979166667,7.14244828917435
14.1981312500001,7.16028683177137
14.1984645833334,7.17174516570231
14.1987979166667,7.1803389161505
14.1991312500001,7.19531287526479
14.1994645833334,7.20911495931796
14.1997979166667,7.22135454328964
14.2001312500001,7.22903683535697
14.2004645833334,7.24778683633485
14.2007979166667,7.26731808735349
14.2011312500001,7.27447954606032
14.2014645833334,7.28229204646777
14.2017979166667,7.29010454687523
14.2021312500001,7.30000038072467
14.2024645833334,7.31289100639697
14.2027979166667,7.33125038235448
14.2031312500001,7.35625038365833
14.2034645833334,7.37187538447324
14.2037979166667,7.37981809322082
14.2041312500001,7.39322955225362
14.2044645833334,7.40572955290554
14.2047979166667,7.41862017857784
14.2051312500001,7.43242226263101
14.2054645833334,7.44791705510579
14.2057979166667,7.46536497268244
14.2061312500001,7.46640663940343
14.2064645833334,7.47395872313064
14.2067979166668,7.49218789074803
14.2071312500001,7.51432330856915
14.2074645833334,7.52617226752045
14.2077979166668,7.53515664298902
14.2081312500001,7.54153685165511
14.2084645833334,7.55468789400766
14.2087979166668,7.56901081142132
14.2091312500001,7.59335977102455
14.2094645833334,7.61354206374381
14.2097979166668,7.62122435581114
14.2101312500001,7.62382852261362
14.2104645833334,7.63203164804145
14.2107979166668,7.64296914861188
14.2111312500001,7.65976602448791
14.2114645833334,7.67265665016021
14.2117979166668,7.68502644247201
14.2121312500001,7.69388060960046
14.2124645833334,7.70598998523201
14.2127979166668,7.71927123592468
14.2131312500001,7.73268269495748
14.2134645833334,7.74401082054828
14.2137979166668,7.76002644638356
14.2141312500001,7.76588582168915
14.2144645833334,7.77513061383797
14.2147979166668,7.78528686436766
14.2151312500001,7.80091186518257
14.2154645833334,7.80729207384866
14.2157979166668,7.80898478227027
14.2161312500001,7.8134118658345
14.2164645833334,7.81927124114009
14.2167979166668,7.81510457425611
14.2171312500001,7.8204431162012
14.2174645833334,7.82695353320742
14.2177979166668,7.83958374219947
14.2181312500001,7.83020874171052
14.2184645833334,7.82773478324816
14.2187979166668,7.83424520025437
14.2191312500001,7.84427124244394
14.2194645833334,7.84062540892046
14.2197979166668,7.83125040843152
14.2201312500001,7.83203165847226
14.2204645833334,7.84375040908344
14.2207979166668,7.85091186779027
14.2211312500001,7.85612020139524
14.2214645833334,7.86328166010208
14.2217979166668,7.86796916034655
14.2221312500001,7.87460978569288
14.2224645833334,7.87057332714903
14.2227979166668,7.87695353581512
14.2231312500001,7.88645874464419
14.2234645833334,7.89908895363624
14.2237979166668,7.90546916230233
14.2241312500001,7.90859416246531
14.2244645833334,7.9096358291863
14.2247979166668,7.91184937096841
14.2251312500001,7.90690145404369
14.2254645833334,7.90494832894183
14.2257979166668,7.90559937064245
14.2261312500001,7.90494832894183
14.2264645833334,7.90026082869736
14.2267979166668,7.90169312043872
14.2271312500001,7.89908895363624
14.2274645833334,7.89908895363624
14.2277979166668,7.8929691616504
14.2281312500001,7.90143270375847
14.2284645833334,7.90091187039798
14.2287979166668,7.89596395347326
14.2291312500001,7.88841186974605
14.2294645833334,7.8843754112022
14.2297979166668,7.88242228610034
14.2301312500001,7.87070353548916
14.2304645833334,7.86054728495947
14.2307979166668,7.85364624293288
14.2311312500001,7.85299520123226
14.2314645833334,7.85416707629338
14.2317979166668,7.84218790900195
14.2321312500001,7.83450561693462
14.2324645833334,7.8295577000099
14.2327979166668,7.83398478357412
14.2331312500001,7.82695353320742
14.2334645833335,7.82929728332965
14.2337979166668,7.82916707498953
14.2341312500001,7.83151082511176
14.2344645833335,7.81757853271847
14.2347979166668,7.80833374056965
14.2351312500001,7.80572957376717
14.2354645833335,7.80559936542704
14.2357979166668,7.80078165684245
14.2361312500001,7.79023478129238
14.2364645833335,7.78737019780965
14.2367979166668,7.78489623934729
14.2371312500001,7.77643269723922
14.2374645833335,7.7656254050089
14.2377979166668,7.76276082152617
14.2381312500001,7.76601603002928
14.2384645833335,7.76484415496816
14.2387979166668,7.75390665439772
14.2391312500001,7.74908894581313
14.2394645833335,7.74687540403102
14.2397979166668,7.74322957050754
14.2401312500001,7.74114623706555
14.2404645833335,7.73307331997785
14.2407979166668,7.73398477835872
14.2411312500001,7.72812540305313
14.2414645833335,7.72955769479449
14.2417979166668,7.72408894450928
14.2421312500001,7.71510456904071
14.2424645833335,7.70598998523201
14.2427979166668,7.70117227664741
14.2431312500001,7.69388060960046
14.2434645833335,7.68307331737014
14.2437979166668,7.67695352538431
14.2441312500001,7.67460977526207
14.2444645833335,7.67591185866331
14.2447979166668,7.66471394141263
14.2451312500001,7.66250039963052
14.2454645833335,7.65924519112741
14.2457979166668,7.65247435744095
14.2461312500001,7.64283894027176
14.2464645833335,7.63437539816368
14.2467979166668,7.62447956431424
14.2471312500001,7.61354206374381
14.2474645833335,7.60052122973139
14.2477979166668,7.59622435450729
14.2481312500001,7.59088581256219
14.2484645833335,7.59088581256219
14.2487979166668,7.58255247879424
14.2491312500001,7.5726566449448
14.2494645833335,7.55468789400766
14.2497979166668,7.55156289384468
14.2501312500001,7.54622435189958
14.2504645833335,7.54036497659399
14.2507979166668,7.52617226752045
14.2511312500001,7.51875039213337
14.2514645833335,7.51276080848766
14.2517979166668,7.50898476662405
14.2521312500001,7.49244830742828
14.2524645833335,7.48658893212269
14.2527979166668,7.48554726540169
14.2531312500001,7.48658893212269
14.2534645833335,7.47343788977014
14.2537979166668,7.46380247260095
14.2541312500001,7.45638059721387
14.2544645833335,7.45625038887374
14.2547979166668,7.44739622174529
14.2551312500001,7.44348997154157
14.2554645833335,7.4329430959915
14.2557979166668,7.41940142861859
14.2561312500001,7.40664101128641
14.2564645833335,7.4039066361438
14.2567979166668,7.40299517776293
14.2571312500001,7.3920576771925
14.2574645833335,7.38333371840418
14.2577979166668,7.37682330139796
14.2581312500001,7.37213580115349
14.2584645833335,7.35729205037933
14.2587979166668,7.34362017466629
14.2591312500001,7.33255246575573
14.2594645833335,7.3281253821915
14.2597979166668,7.32291704858653
14.2601312500001,7.31080767295498
14.2604645833335,7.30117225578579
14.2607979166668,7.28867225513386
14.2611312500002,7.27942746298504
14.2614645833335,7.26979204581585
14.2617979166668,7.26237017042877
14.2621312500002,7.25520871172193
14.2624645833335,7.23203162717982
14.2627979166668,7.21171912612044
14.2631312500002,7.20325558401237
14.2634645833335,7.20091183389013
14.2637979166668,7.19244829178206
14.2641312500002,7.17304724910355
14.2644645833335,7.15651078990777
14.2647979166668,7.14479203929659
14.2651312500002,7.13437537208665
14.2654645833335,7.11484412106802
14.2657979166668,7.09036495312466
14.2661312500002,7.08085974429559
14.2664645833335,7.07395870226901
14.2667979166668,7.06653682688193
14.2671312500002,7.04505245076143
14.2674645833335,7.0292972416064
14.2677979166668,7.01992224111746
14.2681312500002,7.01302119909087
14.2684645833335,6.99934932337783
14.2687979166668,6.99023473956913
14.2691312500002,6.98281286418205
14.2694645833335,6.98229203082156
14.2697979166668,6.96992223850975
14.2701312500002,6.9572920295177
14.2704645833335,6.94283890376391
14.2707979166668,6.93815140351944
14.2711312500002,6.93294306991447
14.2714645833335,6.9330732782546
14.2717979166668,6.92955765307124
14.2721312500002,6.92096390262304
14.2724645833335,6.91132848545385
14.2727979166668,6.90533890180814
14.2731312500002,6.9029951516859
14.2734645833335,6.9029951516859
14.2737979166668,6.89648473467969
14.2741312500002,6.88450556738826
14.2744645833335,6.87864619208267
14.2747979166668,6.8820316089259
14.2751312500002,6.89036494269385
14.2754645833335,6.88229202560615
14.2757979166668,6.86523473304987
14.2761312500002,6.85781285766279
14.2764645833335,6.86250035790727
14.2767979166668,6.86770869151224
14.2771312500002,6.8567711909418
14.2774645833335,6.84296910688863
14.2777979166668,6.83828160664416
14.2781312500002,6.84166702348739
14.2784645833335,6.83763056494354
14.2787979166668,6.82864618947497
14.2791312500002,6.82135452242801
14.2794645833335,6.81888056396565
14.2797979166668,6.81210973027919
14.2801312500002,6.80703160501435
14.2804645833335,6.80585972995323
14.2807979166668,6.80859410509584
14.2811312500002,6.80585972995323
14.2814645833335,6.81145868857857
14.2817979166668,6.81497431376192
14.2821312500002,6.81223993861931
14.2824645833335,6.79921910460689
14.2827979166668,6.79531285440317
14.2831312500002,6.79427118768217
14.2834645833335,6.7938805626618
14.2837979166668,6.79127639585931
14.2841312500002,6.79362014598155
14.2844645833335,6.79505243772292
14.2847979166668,6.79036493747844
14.2851312500002,6.79270868760068
14.2854645833335,6.79375035432167
14.2857979166668,6.7890628540772
14.2861312500002,6.78489618719323
14.2864645833335,6.78763056233584
14.2867979166668,6.79687535448466
14.2871312500002,6.79687535448466
14.2874645833335,6.78763056233584
14.2877979166669,6.77682327010552
14.2881312500002,6.7718753531808
14.2884645833335,6.77734410346602
14.2887979166669,6.78828160403646
14.2891312500002,6.79088577083894
14.2894645833335,6.79283889594081
14.2897979166669,6.79609410444391
14.2901312500002,6.79752639618528
14.2904645833335,6.78984410411795
14.2907979166669,6.77851597852714
14.2911312500002,6.77877639520739
14.2914645833335,6.78776077067596
14.2917979166669,6.79101597917907
14.2921312500002,6.79309931262105
14.2924645833335,6.79296910428093
14.2927979166669,6.79205764590006
14.2931312500002,6.7901045207982
14.2934645833335,6.78802118735621
14.2937979166669,6.79166702087969
14.2941312500002,6.79596389610379
14.2944645833335,6.80299514647049
14.2947979166669,6.81080764687795
14.2951312500002,6.81315139700018
14.2954645833335,6.80494827157236
14.2957979166669,6.80208368808962
14.2961312500002,6.80638056331372
14.2964645833335,6.80950556347671
14.2967979166669,6.80533889659273
14.2971312500002,6.79895868792664
14.2974645833335,6.79987014630751
14.2977979166669,6.80104202136863
14.2981312500002,6.80247431311
14.2984645833335,6.80481806323223
14.2987979166669,6.80247431311
14.2991312500002,6.79700556282478
14.2994645833335,6.79895868792664
14.2997979166669,6.81145868857857
14.3001312500002,6.8191409806459
14.3004645833335,6.81796910558478
14.3007979166669,6.81601598048292
14.3011312500002,6.81015660517733
14.3014645833335,6.81744827222428
14.3017979166669,6.822396189149
14.3021312500002,6.83255243967869
14.3024645833335,6.82421910591074
14.3027979166669,6.81888056396565
14.3031312500002,6.82565139765211
14.3034645833335,6.83815139830404
14.3037979166669,6.8401045234059
14.3041312500002,6.83554723150155
14.3044645833335,6.83164098129782
14.3047979166669,6.83294306469907
14.3051312500002,6.83020868955646
14.3054645833335,6.83333368971944
14.3057979166669,6.83346389805956
14.3061312500002,6.83567743984168
14.3064645833335,6.83385452307994
14.3067979166669,6.83645868988242
14.3071312500002,6.84036494008615
14.3074645833335,6.84205764850776
14.3077979166669,6.84427119028987
14.3081312500002,6.84440139863
14.3084645833335,6.84244827352813
14.3087979166669,6.84179723182751
14.3091312500002,6.84987014891522
14.3094645833335,6.85950556608441
14.3097979166669,6.86875035823323
14.3101312500002,6.87044306665484
14.3104645833335,6.87708369200118
14.3107979166669,6.88164098390553
14.3111312500002,6.88932327597286
14.3114645833335,6.89322952617658
14.3117979166669,6.8938805678772
14.31213125,6.89140660941484
14.3124645833333,6.89283890115621
14.3127979166667,6.90325556836615
14.31313125,6.90846390197112
14.3134645833333,6.91145869379398
14.3137979166667,6.91406286059646
14.31413125,6.91432327727671
14.3144645833333,6.9078128602705
14.3147979166667,6.90234410998528
14.31513125,6.91562536067795
14.3154645833333,6.92851598635025
14.3157979166667,6.9373701534787
14.31613125,6.94218786206329
14.3164645833333,6.95182327923249
14.3167979166667,6.95612015445659
14.31713125,6.95052119583124
14.3174645833333,6.95260452927323
14.3177979166667,6.9615889047418
14.31813125,6.96848994676839
14.3184645833333,6.97096390523075
14.3187979166667,6.97669307219621
14.31913125,6.98567744766478
14.3194645833333,6.99296911471174
14.3197979166667,6.99270869803149
14.32013125,6.98997432288888
14.3204645833333,6.98984411454876
14.3207979166667,6.99322953139199
14.32113125,7.00221390686056
14.3214645833333,7.00807328216615
14.3217979166667,7.01210974071
14.32213125,7.01614619925385
14.3224645833333,7.01497432419274
14.3227979166667,7.02226599123969
14.32313125,7.02617224144342
14.3234645833334,7.02968786662677
14.3237979166667,7.03528682525212
14.32413125,7.04348995067994
14.3244645833334,7.0513024510874
14.3247979166667,7.03710974201385
14.32513125,7.02994828330702
14.3254645833334,7.03307328347
14.3257979166667,7.04765661756392
14.32613125,7.05039099270653
14.3264645833334,7.04921911764541
14.3267979166667,7.05247432614851
14.32713125,7.05807328477385
14.3274645833334,7.05924515983497
14.3277979166667,7.06484411846032
14.32813125,7.0712243271264
14.3284645833334,7.07669307741162
14.3287979166667,7.06575557684118
14.32913125,7.06015661821584
14.3294645833334,7.06250036833808
14.3297979166667,7.06614620186156
14.33013125,7.06432328509982
14.3304645833334,7.06184932663746
14.3307979166667,7.07044307708566
14.33113125,7.07434932728938
14.3314645833334,7.07096391044615
14.3317979166667,7.06393266007945
14.33213125,7.06106807659671
14.3324645833334,7.05807328477385
14.3327979166667,7.05989620153559
14.33313125,7.06197953497758
14.3334645833334,7.06184932663746
14.3337979166667,7.05429724291025
14.33413125,7.04804724258429
14.3344645833334,7.04388057570032
14.3347979166667,7.0378909920546
14.33513125,7.03750036703423
14.3354645833334,7.0464847425028
14.3357979166667,7.04622432582255
14.33613125,7.03072953334777
14.3364645833334,7.01575557423348
14.3367979166667,7.01666703261435
14.33713125,7.02747432484466
14.3374645833334,7.02903682492615
14.3377979166667,7.03164099172864
14.33813125,7.02799515820516
14.3384645833334,7.0212243245187
14.3387979166667,7.01484411585261
14.33913125,7.01380244913162
14.3394645833334,7.01953161609708
14.3397979166667,7.01562536589336
14.34013125,7.01445349083224
14.3404645833334,7.00989619892789
14.3407979166667,7.00429724030255
14.34113125,6.99934932337783
14.3414645833334,6.99908890669758
14.3417979166667,7.00052119843895
14.34213125,7.0035159902618
14.3424645833334,6.99713578159572
14.3427979166667,7.00065140677907
14.34313125,6.99205765633087
14.3434645833334,6.98515661430429
14.3437979166667,6.9750003637746
14.34413125,6.97057328021038
14.3444645833334,6.97487015543447
14.3447979166667,6.97083369689062
14.34513125,6.96731807170727
14.3454645833334,6.96028682134056
14.3457979166667,6.96367223818379
14.34613125,6.96458369656466
14.3464645833334,6.96067744636093
14.3467979166667,6.94453161218553
14.34713125,6.9363284867577
14.3474645833334,6.93671911177808
14.3477979166667,6.93971390360093
14.34813125,6.9330732782546
14.3484645833334,6.92369827776565
14.3487979166667,6.92330765274528
14.3491312500001,6.92786494464963
14.3494645833334,6.92799515298975
14.3497979166667,6.92382848610578
14.35013125,6.91848994416068
14.3504645833334,6.91601598569832
14.3507979166667,6.91289098553534
14.3511312500001,6.90989619371249
14.3514645833334,6.91132848545385
14.3517979166667,6.91184931881435
14.3521312500001,6.90989619371249
14.3524645833334,6.89960973484267
14.3527979166667,6.89335973451671
14.3531312500001,6.89765660974081
14.3534645833334,6.89674515135994
14.3537979166667,6.89192744277534
14.3541312500001,6.89075556771422
14.3544645833334,6.90078160990379
14.3547979166667,6.90416702674702
14.3551312500001,6.90195348496491
14.3554645833334,6.8981774431013
14.3557979166667,6.89414098455745
14.3561312500001,6.88437535904814
14.3564645833334,6.88515660908888
14.3567979166667,6.88710973419075
14.3571312500001,6.8820316089259
14.3574645833334,6.86901077491348
14.3577979166667,6.85989619110478
14.3581312500001,6.85572952422081
14.3584645833334,6.84934931555472
14.3587979166667,6.84427119028987
14.3591312500001,6.83281285635894
14.3594645833334,6.82851598113484
14.3597979166667,6.82916702283546
14.3601312500001,6.83450556478056
14.3604645833334,6.82695348105335
14.3607979166667,6.8191409806459
14.3611312500001,6.82005243902677
14.3614645833334,6.82955764785584
14.3617979166667,6.82682327271323
14.3621312500001,6.82578160599223
14.3624645833334,6.82070348072739
14.3627979166667,6.8239586892305
14.3631312500001,6.81809931392491
14.3634645833334,6.81731806388416
14.3637979166667,6.81289098031994
14.3641312500001,6.80898473011621
14.3644645833334,6.79778681286553
14.3647979166667,6.78867222905683
14.3651312500001,6.78424514549261
14.3654645833334,6.79205764590006
14.3657979166667,6.801432646389
14.3661312500001,6.80494827157236
14.3664645833334,6.79856806290627
14.3667979166667,6.79270868760068
14.3671312500001,6.78489618719323
14.3674645833334,6.78593785391422
14.3677979166667,6.78541702055372
14.3681312500001,6.78737014565559
14.3684645833334,6.77955764524813
14.3687979166667,6.7761722284049
14.3691312500001,6.77330764492217
14.3694645833334,6.76783889463695
14.3697979166667,6.7600263942295
14.3701312500001,6.75364618556341
14.3704645833334,6.75221389382205
14.3707979166667,6.74934931033931
14.3711312500001,6.7471357685572
14.3714645833334,6.75000035203993
14.3717979166667,6.74739618523745
14.3721312500001,6.74453160175472
14.3724645833334,6.74244826831273
14.3727979166667,6.74479201843496
14.3731312500001,6.74987014369981
14.3734645833334,6.74218785163248
14.3737979166667,6.73750035138801
14.3741312500001,6.7309899343818
14.3744645833334,6.73216180944292
14.3747979166667,6.73658889300714
14.3751312500001,6.73828160142875
14.3754645833334,6.73385451786453
14.3757979166667,6.7256513924367
14.3761312500001,6.72877639259969
14.3764645833334,6.73802118474851
14.3767979166667,6.74218785163248
14.3771312500001,6.73385451786453
14.3774645833334,6.72578160077683
14.3777979166668,6.72864618425956
14.3781312500001,6.73138055940217
14.3784645833334,6.7304691010213
14.3787979166667,6.72552118409658
14.3791312500001,6.72734410085832
14.3794645833334,6.72786493421881
14.3797979166668,6.72656285081757
14.3801312500001,6.73216180944292
14.3804645833334,6.73385451786453
14.3807979166668,6.72682326749782
14.3811312500001,6.71914097543049
14.3814645833334,6.71966180879099
14.3817979166668,6.72864618425956
14.3821312500001,6.72487014239596
14.3824645833334,6.71940139211074
14.3827979166668,6.71562535024714
14.3831312500001,6.7143232668459
14.3834645833334,6.72226597559347
14.3837979166668,6.73059930936142
14.3841312500001,6.73216180944292
14.3844645833334,6.72200555891322
14.3847979166668,6.71393264182552
14.3851312500001,6.71015659996192
14.3854645833334,6.70351597461559
14.3857979166668,6.69440139080689
14.3861312500001,6.69518264084763
14.3864645833334,6.70390659963596
14.3867979166668,6.70677118311869
14.3871312500001,6.70533889137732
14.3874645833334,6.70169305785385
14.3877979166668,6.70625034975819
14.3881312500001,6.71028680830204
14.3884645833334,6.71562535024714
14.3887979166668,6.7132816001249
14.3891312500001,6.70703159979894
14.3894645833334,6.70169305785385
14.3897979166668,6.70924514158105
14.3901312500001,6.7180993087095
14.3904645833334,6.72031285049161
14.3907979166668,6.71119826668291
14.3911312500001,6.70716180813906
14.3914645833334,6.70455764133658
14.3917979166668,6.7095055582613
14.3921312500001,6.71289097510453
14.3924645833334,6.72031285049161
14.3927979166668,6.71979201713111
14.3931312500001,6.71692743364838
14.3934645833334,6.71796910036937
14.3937979166668,6.72330764231447
14.3941312500001,6.72500035073608
14.3944645833334,6.72487014239596
14.3947979166668,6.72213576725335
14.3951312500001,6.72656285081757
14.3954645833334,6.72369826733484
14.3957979166668,6.72460972571571
14.3961312500001,6.71888055875024
14.3964645833334,6.7138024334854
14.3967979166668,6.71132847502304
14.3971312500001,6.7213545172126
14.3974645833334,6.73125035106204
14.3977979166668,6.72721389251819
14.3981312500001,6.71588576692739
14.3984645833334,6.71276076676441
14.3987979166668,6.71888055875024
14.3991312500001,6.71966180879099
14.3994645833334,6.71549514190701
14.3997979166668,6.7095055582613
14.4001312500001,6.71132847502304
14.4004645833334,6.71458368352614
14.4007979166668,6.7213545172126
14.4011312500001,6.72044305883173
14.4014645833334,6.71210972506378
14.4017979166668,6.70260451623471
14.4021312500001,6.70273472457484
14.4024645833334,6.70989618328167
14.4027979166668,6.71289097510453
14.4031312500001,6.71940139211074
14.4034645833334,6.72018264215149
14.4037979166668,6.71731805866875
14.4041312500001,6.71028680830204
14.4044645833335,6.71132847502304
14.4047979166668,6.7180993087095
14.4051312500001,6.71888055875024
14.4054645833334,6.72044305883173
14.4057979166668,6.72421910069534
14.4061312500001,6.72473993405583
14.4064645833335,6.72421910069534
14.4067979166668,6.72382847567496
14.4071312500001,6.72226597559347
14.4074645833335,6.71744826700888
14.4077979166668,6.71510451688664
14.4081312500001,6.72031285049161
14.4084645833335,6.7229170172941
14.4087979166668,6.71862014207
14.4091312500001,6.71731805866875
14.4094645833335,6.72161493389285
14.4097979166668,6.72773472587869
14.4101312500001,6.72747430919844
14.4104645833335,6.72877639259969
14.4107979166668,6.72656285081757
14.4111312500001,6.7218753505731
14.4114645833335,6.71406285016565
14.4117979166668,6.70690139145882
14.4121312500001,6.70364618295571
14.4124645833335,6.70612014141807
14.4127979166668,6.71158889170329
14.4131312500001,6.71093785000267
14.4134645833335,6.70546909971745
14.4137979166668,6.70390659963596
14.4141312500001,6.70924514158105
14.4144645833335,6.71367222514527
14.4147979166668,6.71393264182552
14.4151312500001,6.71132847502304
14.4154645833335,6.70755243315944
14.4157979166668,6.70312534959521
14.4161312500001,6.70546909971745
14.4164645833335,6.70638055809832
14.4167979166668,6.70664097477857
14.4171312500001,6.70612014141807
14.4174645833335,6.70976597494155
14.4177979166668,6.71197951672366
14.4181312500001,6.70612014141807
14.4184645833335,6.70533889137732
14.4187979166668,6.70976597494155
14.4191312500001,6.71601597526751
14.4194645833335,6.71289097510453
14.4197979166668,6.70768264149956
14.4201312500001,6.71666701696813
14.4204645833335,6.71614618360763
14.4207979166668,6.71848993372987
14.4211312500001,6.70963576660142
14.4214645833335,6.71445347518602
14.4217979166668,6.70872430822055
14.4221312500001,6.70794305817981
14.4224645833335,6.70742222481931
14.4227979166668,6.71614618360763
14.4231312500001,6.71614618360763
14.4234645833335,6.71888055875024
14.4237979166668,6.71627639194776
14.4241312500001,6.71992222547124
14.4244645833335,6.71927118377062
14.4247979166668,6.71210972506378
14.4251312500001,6.70937534992118
14.4254645833335,6.70729201647919
14.4257979166668,6.71419305850577
14.4261312500001,6.7138024334854
14.4264645833335,6.72109410053236
14.4267979166668,6.72864618425956
14.4271312500001,6.72356805899472
14.4274645833335,6.71210972506378
14.4277979166668,6.7052086830372
14.4281312500001,6.71197951672366
14.4284645833335,6.71119826668291
14.4287979166668,6.71080764166254
14.4291312500001,6.71028680830204
14.4294645833335,6.71666701696813
14.4297979166668,6.71953160045086
14.4301312500001,6.72734410085832
14.4304645833335,6.72981805932068
14.4307979166668,6.73085972604167
14.4311312500001,6.72200555891322
14.4314645833335,6.72161493389285
14.4317979166668,6.72226597559347
14.4321312500002,6.7229170172941
14.4324645833335,6.7218753505731
14.4327979166668,6.71992222547124
14.4331312500001,6.72070347551198
14.4334645833335,6.72031285049161
14.4337979166668,6.72734410085832
14.4341312500002,6.72604201745708
14.4344645833335,6.72031285049161
14.4347979166668,6.71367222514527
14.4351312500002,6.72122430887248
14.4354645833335,6.72877639259969
14.4357979166668,6.73242222612316
14.4361312500002,6.72799514255894
14.4364645833335,6.72591180911695
14.4367979166668,6.72447951737559
14.4371312500002,6.73164097608242
14.4374645833335,6.73541701794602
14.4377979166668,6.73776076806826
14.4381312500002,6.73164097608242
14.4384645833335,6.73372430952441
14.4387979166668,6.73515660126577
14.4391312500002,6.73658889300714
14.4394645833335,6.73984410151024
14.4397979166668,6.7433597266936
14.4401312500002,6.74414097673434
14.4404645833335,6.73606805964664
14.4407979166668,6.73268264280341
14.4411312500002,6.73723993470776
14.4414645833335,6.74088576823124
14.4417979166668,6.73216180944292
14.4421312500002,6.73242222612316
14.4424645833335,6.7352868096059
14.4427979166668,6.74921910199919
14.4431312500002,6.74270868499298
14.4434645833335,6.73945347648987
14.4437979166668,6.73958368483
14.4441312500002,6.75013056038006
14.4444645833335,6.75455764394428
14.4447979166668,6.74960972701956
14.4451312500002,6.74205764329236
14.4454645833335,6.74453160175472
14.4457979166668,6.75377639390354
14.4461312500002,6.76237014435174
14.4464645833335,6.76119826929062
14.4467979166668,6.76184931099124
14.4471312500002,6.76223993601161
14.4474645833335,6.76184931099124
14.4477979166668,6.76523472783447
14.4481312500002,6.77682327010552
14.4484645833335,6.78567743723397
14.4487979166668,6.78164097869012
14.4491312500002,6.77434931164316
14.4494645833335,6.78072952030925
14.4497979166668,6.7895836874377
14.4501312500002,6.79583368776366
14.4504645833335,6.78710972897534
14.4507979166668,6.78737014565559
14.4511312500002,6.78867222905683
14.4514645833335,6.79843785456615
14.4517979166668,6.80299514647049
14.4521312500002,6.80898473011621
14.4524645833335,6.81367223036068
14.4527979166668,6.81223993861931
14.4531312500002,6.81276077197981
14.4534645833335,6.81237014695944
14.4537979166668,6.81796910558478
14.4541312500002,6.81679723052366
14.4544645833335,6.81731806388416
14.4547979166668,6.82330764752987
14.4551312500002,6.83476598146081
14.4554645833335,6.83463577312068
14.4557979166668,6.82070348072739
14.4561312500002,6.8143232720613
14.4564645833335,6.82617223101261
14.4567979166668,6.83424514810031
14.4571312500002,6.83802118996391
14.4574645833335,6.83502639814105
14.4577979166668,6.84270869020838
14.4581312500002,6.84726598211273
14.4584645833335,6.8610680661659
14.4587979166668,6.86354202462826
14.4591312500002,6.85742223264242
14.4594645833335,6.84856806551397
14.4597979166668,6.85234410737758
14.4601312500002,6.86171910786652
14.4604645833335,6.86653681645112
14.4607979166669,6.86783889985236
14.4611312500002,6.87213577507646
14.4614645833335,6.87591181694006
14.4617979166669,6.88619827580988
14.4621312500002,6.88867223427224
14.4624645833335,6.88841181759199
14.4627979166669,6.88046910884441
14.4631312500002,6.88841181759199
14.4634645833335,6.89570348463894
14.4637979166669,6.90065140156367
14.4641312500002,6.89088577605435
14.4644645833335,6.88606806746975
14.4647979166669,6.88593785912963
14.4651312500002,6.88958369265311
14.4654645833335,6.89322952617658
14.4657979166669,6.8944014012377
14.4661312500002,6.89687535970006
14.4664645833335,6.89244827613584
14.4667979166669,6.89609410965932
14.4671312500002,6.89934931816242
14.4674645833335,6.90013056820317
14.4677979166669,6.90338577670627
14.4681312500002,6.89973994318279
14.4684645833335,6.89570348463894
14.4687979166669,6.88997431767348
14.4691312500002,6.89231806779571
14.4694645833335,6.89505244293832
14.4697979166669,6.89023473435373
14.4701312500002,6.89036494269385
14.4704645833335,6.89479202625807
14.4707979166669,6.89830765144143
14.4711312500002,6.8938805678772
14.4714645833335,6.89362015119696
14.4717979166669,6.89309931783646
14.4721312500002,6.88815140091174
14.4724645833335,6.88294306730677
14.4727979166669,6.88541702576913
14.4731312500002,6.88880244261236
14.4734645833335,6.88906285929261
14.4737979166669,6.88372431734752
14.4741312500002,6.88125035888516
14.4744645833335,6.87747431702155
14.4747979166669,6.87356806681783
14.4751312500002,6.87044306665484
14.4754645833335,6.86875035823323
14.4757979166669,6.87005244163447
14.4761312500002,6.86992223329435
14.4764645833335,6.87356806681783
14.4767979166669,6.87513056689932
14.4771312500002,6.87656285864068
14.4774645833335,6.87578160859994
14.4777979166669,6.86953160827397
14.4781312500002,6.86927119159373
14.4784645833335,6.87057327499497
14.4787979166669,6.87239619175671
14.4791312500002,6.86927119159373
14.4794645833335,6.86171910786652
14.4797979166669,6.85820348268317
14.4801312500002,6.8567711909418
14.4804645833335,6.85208369069733
14.4807979166669,6.84453160697012
14.4811312500002,6.8438805652695
14.4814645833335,6.85403681579919
14.4817979166669,6.86237014956714
14.4821312500002,6.86276077458751
14.4824645833335,6.86002639944491
14.4827979166667,6.85325556575845
14.48313125,6.84362014858925
14.4834645833333,6.84049514842627
14.4837979166667,6.84205764850776
14.48413125,6.84322952356888
14.4844645833333,6.83437535644043
14.4847979166667,6.83815139830404
14.48513125,6.84088577344664
14.4854645833333,6.84166702348739
14.4857979166667,6.83658889822254
14.48613125,6.83476598146081
14.4864645833333,6.8320316063182
14.4867979166667,6.82903681449534
14.48713125,6.82760452275397
14.4874645833333,6.83333368971944
14.4877979166667,6.82643264769286
14.48813125,6.82135452242801
14.4884645833333,6.81523473044217
14.4887979166667,6.81601598048292
14.48913125,6.82148473076814
14.4894645833333,6.82981806453609
14.4897979166667,6.83919306502503
14.49013125,6.83606806486205
14.4904645833333,6.82734410607373
14.4907979166667,6.82161493910826
14.49113125,6.82057327238727
14.4914645833333,6.81992223068664
14.4917979166667,6.82135452242801
14.49213125,6.82356806421012
14.4924645833333,6.82513056429161
14.4927979166667,6.81848993894528
14.49313125,6.81627639716317
14.4934645833334,6.81328160534031
14.4937979166667,6.81497431376192
14.49413125,6.80585972995323
14.4944645833334,6.80065139634826
14.4947979166667,6.79882847958652
14.49513125,6.80234410476987
14.4954645833334,6.8019534797495
14.4957979166667,6.80104202136863
14.49613125,6.80403681319149
14.4964645833334,6.80338577149087
14.4967979166667,6.79726597950503
14.49713125,6.79362014598155
14.4974645833334,6.79296910428093
14.4977979166667,6.79843785456615
14.49813125,6.79466181270254
14.4984645833334,6.80182327140938
14.4987979166667,6.80078160468838
14.49913125,6.79947952128714
14.4994645833334,6.7986982712464
14.4997979166667,6.80156285472913
14.50013125,6.80742223003472
14.5004645833334,6.80755243837484
14.5007979166667,6.79934931294702
14.50113125,6.79179722921981
14.5014645833334,6.79440139602229
14.5017979166667,6.80065139634826
14.50213125,6.79934931294702
14.5024645833334,6.78880243739695
14.5027979166667,6.78984410411795
14.50313125,6.79505243772292
14.5034645833334,6.79492222938279
14.5037979166667,6.79166702087969
14.50413125,6.78567743723397
14.5044645833334,6.78190139537037
14.5047979166667,6.78710972897534
14.50513125,6.79518264606304
14.5054645833334,6.79726597950503
14.5057979166667,6.78085972864938
14.50613125,6.77473993666354
14.5064645833334,6.77434931164316
14.5067979166667,6.77786493682652
14.50713125,6.77552118670428
14.5074645833334,6.77695347844565
14.5077979166667,6.7847659788531
14.50813125,6.78997431245807
14.5084645833334,6.78880243739695
14.5087979166667,6.78815139569633
14.50913125,6.78723993731546
14.5094645833334,6.78606806225435
14.5097979166667,6.78085972864938
14.51013125,6.78763056233584
14.5104645833334,6.79752639618528
14.5107979166667,6.80091181302851
14.51113125,6.79466181270254
14.5114645833334,6.7938805626618
14.5117979166667,6.80377639651124
14.51213125,6.80742223003472
14.5124645833334,6.8067711883341
14.5127979166667,6.80429722987174
14.51313125,6.80351597983099
14.5134645833334,6.8062503549736
14.5137979166667,6.80950556347671
14.51413125,6.8105472301977
14.5144645833334,6.80481806323223
14.5147979166667,6.80039097966801
14.51513125,6.81171910525882
14.5154645833334,6.8153649387823
14.5157979166667,6.81041702185758
14.51613125,6.7971357711649
14.5164645833334,6.79218785424018
14.5167979166667,6.79973993796739
14.51713125,6.80416702153161
14.5174645833334,6.80690139667422
14.5177979166667,6.79882847958652
14.51813125,6.79440139602229
14.5184645833334,6.79830764622602
14.5187979166667,6.79778681286553
14.51913125,6.79505243772292
14.5194645833334,6.79479202104267
14.5197979166667,6.80156285472913
14.5201312500001,6.80455764655199
14.5204645833334,6.79908889626677
14.5207979166667,6.79934931294702
14.52113125,6.80078160468838
14.5214645833334,6.80507847991248
14.5217979166667,6.80898473011621
14.5221312500001,6.81080764687795
14.5224645833334,6.81067743853782
14.5227979166667,6.80130243804888
14.5231312500001,6.7981774378859
14.5234645833334,6.83007848121633
14.5237979166667,6.85690139928192
14.5241312500001,6.86197952454677
14.5244645833334,6.82981806453609
14.5247979166667,6.80989618849708
14.5251312500001,6.80807327173534
14.5254645833334,6.81184931359894
14.5257979166667,6.81093785521807
14.5261312500001,6.8100263968372
14.5264645833334,6.80989618849708
14.5267979166667,6.80989618849708
14.5271312500001,6.81015660517733
14.5274645833334,6.80781285505509
14.5277979166667,6.80494827157236
14.5281312500001,6.80221389642975
14.5284645833334,6.80338577149087
14.5287979166667,6.80794306339521
14.5291312500001,6.81263056363969
14.5294645833334,6.81080764687795
14.5297979166667,6.80468785489211
14.5301312500001,6.8067711883341
14.5304645833334,6.80546910493285
14.5307979166667,6.8100263968372
14.5311312500001,6.80989618849708
14.5314645833334,6.81692743886379
14.5317979166667,6.82421910591074
14.5321312500001,6.82487014761136
14.5324645833334,6.82460973093112
14.5327979166667,6.81770868890453
14.5331312500001,6.81562535546254
14.5334645833334,6.82018264736689
14.5337979166667,6.82330764752987
14.5341312500001,6.82031285570702
14.5344645833334,6.81145868857857
14.5347979166667,6.81562535546254
14.5351312500001,6.8309899395972
14.5354645833334,6.83723993992317
14.5357979166667,6.8277347310941
14.5361312500001,6.81549514712242
14.5364645833334,6.81328160534031
14.5367979166667,6.81549514712242
14.5371312500001,6.81601598048292
14.5374645833334,6.81367223036068
14.5377979166667,6.81393264704093
14.5381312500001,6.81419306372118
14.5384645833334,6.81367223036068
14.5387979166667,6.81289098031994
14.5391312500001,6.80559931327298
14.5394645833334,6.81080764687795
14.5397979166667,6.81458368874155
14.5401312500001,6.82187535578851
14.5404645833334,6.81445348040143
14.5407979166667,6.80755243837484
14.5411312500001,6.81080764687795
14.5414645833334,6.81184931359894
14.5417979166667,6.81145868857857
14.5421312500001,6.80807327173534
14.5424645833334,6.81250035529956
14.5427979166667,6.82109410574776
14.5431312500001,6.81692743886379
14.5434645833334,6.80898473011621
14.5437979166667,6.81067743853782
14.5441312500001,6.81809931392491
14.5444645833334,6.82656285603298
14.5447979166667,6.82317743918975
14.5451312500001,6.81679723052366
14.5454645833334,6.80950556347671
14.5457979166667,6.80286493813037
14.5461312500001,6.80729202169459
14.5464645833334,6.81276077197981
14.5467979166668,6.8153649387823
14.5471312500001,6.81367223036068
14.5474645833334,6.80742223003472
14.5477979166668,6.80156285472913
14.5481312500001,6.79960972962726
14.5484645833334,6.79635452112416
14.5487979166668,6.80039097966801
14.5491312500001,6.79427118768217
14.5494645833334,6.79531285440317
14.5497979166668,6.79023472913832
14.5501312500001,6.78502639553335
14.5504645833334,6.77812535350677
14.5507979166668,6.7809899369895
14.5511312500001,6.78424514549261
14.5514645833334,6.78151077035
14.5517979166668,6.7766930617654
14.5521312500001,6.77252639488143
14.5524645833334,6.77265660322155
14.5527979166668,6.76731806127646
14.5531312500001,6.77421910330304
14.5534645833334,6.78085972864938
14.5537979166668,6.78177118703025
14.5541312500001,6.7643232694536
14.5544645833334,6.75924514418875
14.5547979166668,6.76679722791596
14.5551312500001,6.77500035334379
14.5554645833334,6.7729170199018
14.5557979166668,6.75911493584863
14.5561312500001,6.76289097771223
14.5564645833334,6.76445347779372
14.5567979166668,6.76692743625608
14.5571312500001,6.76197951933136
14.5574645833334,6.75794306078751
14.5577979166668,6.7600263942295
14.5581312500001,6.759505560869
14.5584645833334,6.76263056103198
14.5587979166668,6.76406285277335
14.5591312500001,6.76054722759
14.5594645833334,6.75716181074677
14.5597979166668,6.75416701892391
14.5601312500001,6.75612014402577
14.5604645833334,6.75221389382205
14.5607979166668,6.75026076872018
14.5611312500001,6.74674514353683
14.5614645833334,6.74895868531894
14.5617979166668,6.74583368515596
14.5621312500001,6.74362014337385
14.5624645833334,6.74309931001335
14.5627979166668,6.74205764329236
14.5631312500001,6.73984410151024
14.5634645833334,6.74531285179546
14.5637979166668,6.75390660224366
14.5641312500001,6.76341181107273
14.5644645833334,6.75924514418875
14.5647979166668,6.75716181074677
14.5651312500001,6.7643232694536
14.5654645833334,6.76888056135795
14.5657979166668,6.77031285309931
14.5661312500001,6.75755243576714
14.5664645833334,6.75677118572639
14.5667979166668,6.76106806095049
14.5671312500001,6.76106806095049
14.5674645833334,6.75338576888316
14.5677979166668,6.74101597657136
14.5681312500001,6.73984410151024
14.5684645833334,6.73346389284416
14.5687979166668,6.73737014304788
14.5691312500001,6.74453160175472
14.5694645833334,6.74843785195844
14.5697979166668,6.73958368483
14.5701312500001,6.73020868434105
14.5704645833334,6.73268264280341
14.5707979166668,6.73684930968739
14.5711312500001,6.74270868499298
14.5714645833334,6.74466181009484
14.5717979166668,6.7438805600541
14.5721312500001,6.74296910167323
14.5724645833334,6.74205764329236
14.5727979166668,6.73450555956515
14.5731312500001,6.72356805899472
14.5734645833334,6.72213576725335
14.5737979166668,6.73020868434105
14.5741312500001,6.7390628514695
14.5744645833334,6.7347659762454
14.5747979166668,6.72916701762006
14.5751312500001,6.72513055907621
14.5754645833334,6.73138055940217
14.5757979166668,6.73763055972813
14.5761312500001,6.73203160110279
14.5764645833335,6.72721389251819
14.5767979166668,6.72747430919844
14.5771312500001,6.74010451819049
14.5774645833335,6.73984410151024
14.5777979166668,6.73177118442254
14.5781312500001,6.72721389251819
14.5784645833335,6.72890660093981
14.5787979166668,6.73294305948366
14.5791312500001,6.72343785065459
14.5794645833335,6.71484410020639
14.5797979166668,6.71614618360763
14.5801312500001,6.72343785065459
14.5804645833335,6.72395868401509
14.5807979166668,6.71718785032863
14.5811312500001,6.71041701664217
14.5814645833335,6.71263055842428
14.5817979166668,6.71393264182552
14.5821312500001,6.71692743364838
14.5824645833335,6.71927118377062
14.5827979166668,6.72382847567496
14.5831312500001,6.71770868368913
14.5834645833335,6.70638055809832
14.5837979166668,6.69791701599024
14.5841312500001,6.70130243283347
14.5844645833335,6.70716180813906
14.5847979166668,6.70989618328167
14.5851312500001,6.7213545172126
14.5854645833335,6.72434930903546
14.5857979166668,6.72148472555273
14.5861312500001,6.71237014174403
14.5864645833335,6.71354201680515
14.5867979166668,6.71640660028788
14.5871312500001,6.71393264182552
14.5874645833335,6.70598993307795
14.5877979166668,6.69908889105136
14.5881312500001,6.69544305752788
14.5884645833335,6.70455764133658
14.5887979166668,6.7132816001249
14.5891312500001,6.7138024334854
14.5894645833335,6.70130243283347
14.5897979166668,6.69973993275198
14.5901312500001,6.70859409988043
14.5904645833335,6.71744826700888
14.5907979166668,6.70989618328167
14.5911312500001,6.69518264084763
14.5914645833335,6.69075555728341
14.5917979166668,6.69466180748714
14.5921312500001,6.70234409955447
14.5924645833335,6.70325555793534
14.5927979166668,6.69765659931
14.5931312500001,6.69440139080689
14.5934645833335,6.70052118279273
14.5937979166668,6.71080764166254
14.5941312500001,6.71054722498229
14.5944645833335,6.69987014109211
14.5947979166668,6.68776076546055
14.5951312500001,6.69205764068465
14.5954645833335,6.696614932589
14.5957979166668,6.70937534992118
14.5961312500001,6.71184930838354
14.5964645833335,6.70820347486006
14.5967979166668,6.70416701631621
14.5971312500001,6.70325555793534
14.5974645833335,6.70963576660142
14.5977979166668,6.71093785000267
14.5981312500001,6.71914097543049
14.5984645833335,6.72421910069534
14.5987979166668,6.72526076741633
14.5991312500001,6.71028680830204
14.5994645833335,6.70325555793534
14.5997979166668,6.70130243283347
14.6001312500001,6.70533889137732
14.6004645833335,6.69804722433037
14.6007979166668,6.69153680732416
14.6011312500001,6.69153680732416
14.6014645833335,6.70052118279273
14.6017979166668,6.70989618328167
14.6021312500002,6.70716180813906
14.6024645833335,6.70546909971745
14.6027979166668,6.70104201615323
14.6031312500002,6.70169305785385
14.6034645833335,6.70052118279273
14.6037979166668,6.69726597428962
14.6041312500002,6.6928388907254
14.6044645833335,6.6923180573649
14.6047979166668,6.70104201615323
14.6051312500002,6.7089847249008
14.6054645833335,6.70833368320018
14.6057979166668,6.69882847437111
14.6061312500002,6.70052118279273
14.6064645833335,6.70065139113285
14.6067979166668,6.69973993275198
14.6071312500002,6.69309930740565
14.6074645833335,6.69414097412664
14.6077979166668,6.6971357659495
14.6081312500002,6.70078159947298
14.6084645833335,6.69583368254826
14.6087979166668,6.70234409955447
14.6091312500002,6.70286493291496
14.6094645833335,6.71171910004341
14.6097979166668,6.70221389121434
14.6101312500002,6.69830764101062
14.6104645833335,6.69062534894329
14.6107979166668,6.69427118246677
14.6111312500002,6.69700555760937
14.6114645833335,6.69427118246677
14.6117979166668,6.6837243069167
14.6121312500002,6.68294305687596
14.6124645833335,6.69362014076614
14.6127979166668,6.70911493324093
14.6131312500002,6.71210972506378
14.6134645833335,6.70364618295571
14.6137979166668,6.68984409890254
14.6141312500002,6.68880243218155
14.6144645833335,6.69687534926925
14.6147979166668,6.70833368320018
14.6151312500002,6.70260451623471
14.6154645833335,6.69687534926925
14.6157979166668,6.70000034943223
14.6161312500002,6.70598993307795
14.6164645833335,6.70104201615323
14.6167979166668,6.68828159882105
14.6171312500002,6.68684930707968
14.6174645833335,6.69205764068465
14.6177979166668,6.70182326619397
14.6181312500002,6.70273472457484
14.6184645833335,6.70989618328167
14.6187979166668,6.70833368320018
14.6191312500002,6.69960972441186
14.6194645833335,6.68268264019571
14.6197979166668,6.67903680667223
14.6201312500002,6.67851597331173
14.6204645833335,6.67786493161111
14.6207979166668,6.67539097314875
14.6211312500002,6.67721388991049
14.6214645833335,6.68411493193708
14.6217979166668,6.69114618230378
14.6221312500002,6.69205764068465
14.6224645833335,6.68177118181484
14.6227979166668,6.67773472327099
14.6231312500002,6.68255243185558
14.6234645833335,6.68984409890254
14.6237979166668,6.67890659833211
14.6241312500002,6.67278680634627
14.6244645833335,6.67669305654999
14.6247979166668,6.68528680699819
14.6251312500002,6.68072951509385
14.6254645833335,6.6718753479654
14.6257979166668,6.66901076448267
14.6261312500002,6.67838576497161
14.6264645833335,6.68294305687596
14.6267979166668,6.67473993144813
14.6271312500002,6.66419305589807
14.6274645833335,6.67109409792465
14.6277979166668,6.67903680667223
14.6281312500002,6.6847659736377
14.6284645833335,6.68216180683521
14.6287979166669,6.6880211821408
14.6291312500002,6.68737014044018
14.6294645833335,6.68177118181484
14.6297979166669,6.67460972310801
14.6301312500002,6.66862013946229
14.6304645833335,6.66250034747645
14.6307979166669,6.65625034715049
14.6311312500002,6.65729201387148
14.6314645833335,6.65937534731347
14.6317979166669,6.66106805573509
14.6321312500002,6.66692743104068
14.6324645833335,6.67226597298577
14.6327979166669,6.67630243152962
14.6331312500002,6.66796909776167
14.6334645833335,6.6665368060203
14.6337979166669,6.66731805606105
14.6341312500002,6.66692743104068
14.6344645833335,6.66510451427894
14.6347979166669,6.66484409759869
14.6351312500002,6.66523472261906
14.6354645833335,6.65703159719124
14.6357979166669,6.64765659670229
14.6361312500002,6.65481805540912
14.6364645833335,6.6622399307962
14.6367979166669,6.66458368091844
14.6371312500002,6.65872430561285
14.6374645833335,6.65598993047024
14.6377979166669,6.65507847208937
14.6381312500002,6.64479201321956
14.6384645833335,6.6412763880362
14.6387979166669,6.64505242989981
14.6391312500002,6.65507847208937
14.6394645833335,6.65221388860664
14.6397979166669,6.6503909718449
14.6401312500002,6.64869826342329
14.6404645833335,6.64648472164117
14.6407979166669,6.64570347160043
14.6411312500002,6.6460940966208
14.6414645833335,6.6509118052054
14.6417979166669,6.64244826309732
14.6421312500002,6.63059930414602
14.6424645833335,6.6289065957244
14.6427979166669,6.63906284625409
14.6431312500002,6.64479201321956
14.6434645833335,6.64205763807695
14.6437979166669,6.63893263791397
14.6441312500002,6.6385420128936
14.6444645833335,6.63763055451273
14.6447979166669,6.63997430463496
14.6451312500002,6.64908888844366
14.6454645833335,6.65533888876962
14.6457979166669,6.65052118018502
14.6461312500002,6.64101597135596
14.6464645833335,6.64088576301583
14.6467979166669,6.64309930479794
14.6471312500002,6.64713576334179
14.6474645833335,6.64817743006279
14.6477979166669,6.65065138852515
14.6481312500002,6.65885451395297
14.6484645833335,6.66406284755794
14.6487979166669,6.66406284755794
14.6491312500002,6.65546909710975
14.6494645833335,6.64843784674304
14.6497979166669,6.65338576366776
14.6501312500002,6.65742222221161
14.6504645833335,6.65742222221161
14.6507979166669,6.65716180553136
14.6511312500002,6.66536493095919
14.6514645833335,6.67981805671298
14.6517979166669,6.68085972343397
14.6521312500002,6.66679722270055
14.6524645833335,6.65664097217086
14.6527979166669,6.66158888909558
14.6531312500002,6.68112014011422
14.6534645833333,6.68958368222229
14.6537979166667,6.67786493161111
14.65413125,6.66445347257832
14.6544645833333,6.6675784727413
14.6547979166667,6.67760451493086
14.65513125,6.67825555663149
14.6554645833333,6.6670576393808
14.6557979166667,6.67031284788391
14.65613125,6.67812534829136
14.6564645833333,6.68580764035869
14.6567979166667,6.67955764003273
14.65713125,6.67656284820987
14.6574645833333,6.67864618165186
14.6577979166667,6.68255243185558
14.65813125,6.67890659833211
14.6584645833333,6.67278680634627
14.6587979166667,6.66692743104068
14.65913125,6.67174513962527
14.6594645833333,6.675651389829
14.6597979166667,6.68072951509385
14.66013125,6.67877638999198
14.6604645833333,6.68320347355621
14.6607979166667,6.68697951541981
14.66113125,6.68971389056242
14.6614645833333,6.67968784837285
14.6617979166667,6.67395868140738
14.66213125,6.67708368157037
14.6624645833333,6.67890659833211
14.6627979166667,6.6794274316926
14.66313125,6.67434930642776
14.6634645833333,6.67890659833211
14.6637979166667,6.67591180650925
14.66413125,6.68072951509385
14.6644645833334,6.68593784869881
14.6647979166667,6.69518264084763
14.66513125,6.69895868271124
14.6654645833334,6.70013055777236
14.6657979166667,6.69856805769086
14.66613125,6.69674514092912
14.6664645833334,6.68789097380068
14.6667979166667,6.69244826570503
14.66713125,6.68828159882105
14.6674645833334,6.69270868238527
14.6677979166667,6.69010451558279
14.66813125,6.696614932589
14.6684645833334,6.69895868271124
14.6687979166667,6.69752639096987
14.66913125,6.69674514092912
14.6694645833334,6.69492222416739
14.6697979166667,6.69296909906552
14.67013125,6.70013055777236
14.6704645833334,6.70612014141807
14.6707979166667,6.70781284983968
14.67113125,6.70286493291496
14.6714645833334,6.70690139145882
14.6717979166667,6.71510451688664
14.67213125,6.71341180846503
14.6724645833334,6.70859409988043
14.6727979166667,6.71067743332242
14.67313125,6.7180993087095
14.6734645833334,6.72122430887248
14.6737979166667,6.71289097510453
14.67413125,6.71276076676441
14.6744645833334,6.71575555858726
14.6747979166667,6.72265660061385
14.67513125,6.7213545172126
14.6754645833334,6.71614618360763
14.6757979166667,6.72122430887248
14.67613125,6.72356805899472
14.6764645833334,6.72421910069534
14.6767979166667,6.71835972538975
14.67713125,6.71549514190701
14.6774645833334,6.72109410053236
14.6777979166667,6.71315139178478
14.67813125,6.70455764133658
14.6784645833334,6.69375034910627
14.6787979166667,6.69518264084763
14.67913125,6.69700555760937
14.6794645833334,6.69778680765012
14.6797979166667,6.70442743299645
14.68013125,6.7057295163977
14.6804645833334,6.70234409955447
14.6807979166667,6.69804722433037
14.68113125,6.69882847437111
14.6814645833334,6.70117222449335
14.6817979166667,6.70481805801683
14.68213125,6.70742222481931
14.6824645833334,6.70976597494155
14.6827979166667,6.71145868336316
14.68313125,6.71393264182552
14.6834645833334,6.70833368320018
14.6837979166667,6.68997430724267
14.68413125,6.68411493193708
14.6844645833334,6.68945347388217
14.6847979166667,6.70260451623471
14.68513125,6.69987014109211
14.6854645833334,6.69843784935074
14.6857979166667,6.7009118078131
14.68613125,6.7095055582613
14.6864645833334,6.71510451688664
14.6867979166667,6.71770868368913
14.68713125,6.717578475349
14.6874645833334,6.7218753505731
14.6877979166667,6.72447951737559
14.68813125,6.72708368417807
14.6884645833334,6.72005243381136
14.6887979166667,6.71093785000267
14.68913125,6.70859409988043
14.6894645833334,6.71666701696813
14.6897979166667,6.72018264215149
14.69013125,6.71666701696813
14.6904645833334,6.717578475349
14.6907979166667,6.72356805899472
14.6911312500001,6.73033889268118
14.6914645833334,6.7304691010213
14.6917979166667,6.73177118442254
14.6921312500001,6.72851597591944
14.6924645833334,6.72213576725335
14.6927979166667,6.72226597559347
14.6931312500001,6.73151076774229
14.6934645833334,6.74088576823124
14.6937979166667,6.74375035171397
14.6941312500001,6.7347659762454
14.6944645833334,6.73320347616391
14.6947979166667,6.7304691010213
14.6951312500001,6.73932326814975
14.6954645833334,6.73776076806826
14.6957979166667,6.73072951770155
14.6961312500001,6.71562535024714
14.6964645833334,6.71666701696813
14.6967979166667,6.72877639259969
14.6971312500001,6.74075555989111
14.6974645833334,6.73684930968739
14.6977979166667,6.72955764264043
14.6981312500001,6.73112014272192
14.6984645833334,6.74023472653062
14.6987979166667,6.74531285179546
14.6991312500001,6.73606805964664
14.6994645833334,6.7309899343818
14.6997979166667,6.73385451786453
14.7001312500001,6.73789097640838
14.7004645833334,6.72968785098055
14.7007979166667,6.72200555891322
14.7011312500001,6.72382847567496
14.7014645833334,6.72604201745708
14.7017979166667,6.71523472522677
14.7021312500001,6.71132847502304
14.7024645833334,6.71536493356689
14.7027979166667,6.72226597559347
14.7031312500001,6.72552118409658
14.7034645833334,6.72473993405583
14.7037979166667,6.72317743397434
14.7041312500001,6.71901076709037
14.7044645833334,6.71588576692739
14.7047979166667,6.72721389251819
14.7051312500001,6.72968785098055
14.7054645833334,6.72708368417807
14.7057979166667,6.71549514190701
14.7061312500001,6.71367222514527
14.7064645833334,6.72070347551198
14.7067979166667,6.73164097608242
14.7071312500001,6.73320347616391
14.7074645833334,6.72968785098055
14.7077979166667,6.72096389219223
14.7081312500001,6.7261722257972
14.7084645833334,6.72447951737559
14.7087979166667,6.71927118377062
14.7091312500001,6.71575555858726
14.7094645833334,6.7309899343818
14.7097979166667,6.74687535187695
14.7101312500001,6.7433597266936
14.7104645833334,6.73177118442254
14.7107979166667,6.72929722596018
14.7111312500001,6.7342451428849
14.7114645833334,6.7342451428849
14.7117979166667,6.73359410118428
14.7121312500001,6.73450555956515
14.7124645833334,6.73398472620465
14.7127979166667,6.72630243413733
14.7131312500001,6.72018264215149
14.7134645833334,6.72604201745708
14.7137979166667,6.73554722628615
14.7141312500001,6.73697951802751
14.7144645833334,6.73333368450403
14.7147979166667,6.73268264280341
14.7151312500001,6.73645868466701
14.7154645833334,6.73203160110279
14.7157979166667,6.72851597591944
14.7161312500001,6.73125035106204
14.7164645833334,6.73580764296639
14.7167979166667,6.7342451428849
14.7171312500001,6.72656285081757
14.7174645833334,6.72356805899472
14.7177979166667,6.72226597559347
14.7181312500001,6.73125035106204
14.7184645833334,6.73411493454478
14.7187979166668,6.73007847600093
14.7191312500001,6.72252639227372
14.7194645833334,6.72330764231447
14.7197979166668,6.73658889300714
14.7201312500001,6.74544306013559
14.7204645833334,6.74609410183621
14.7207979166668,6.74583368515596
14.7211312500001,6.74505243511521
14.7214645833334,6.74531285179546
14.7217979166668,6.74492222677509
14.7221312500001,6.74635451851646
14.7224645833334,6.7471357685572
14.7227979166668,6.74348993503372
14.7231312500001,6.74362014337385
14.7234645833334,6.74934931033931
14.7237979166668,6.7514326437813
14.7241312500001,6.75338576888316
14.7244645833334,6.75976597754925
14.7247979166668,6.76210972767149
14.7251312500001,6.75794306078751
14.7254645833334,6.74518264345534
14.7257979166668,6.75169306046155
14.7261312500001,6.76106806095049
14.7264645833334,6.7680993113172
14.7267979166668,6.77005243641907
14.7271312500001,6.77356806160242
14.7274645833334,6.77825556184689
14.7277979166668,6.77487014500366
14.7281312500001,6.77447951998329
14.7284645833334,6.77812535350677
14.7287979166668,6.77473993666354
14.7291312500001,6.76835972799745
14.7294645833334,6.77487014500366
14.7297979166668,6.78411493715248
14.7301312500001,6.78437535383273
14.7304645833334,6.77734410346602
14.7307979166668,6.78307327043149
14.7311312500001,6.79531285440317
14.7314645833334,6.80768264671497
14.7317979166668,6.81158889691869
14.7321312500001,6.81419306372118
14.7324645833334,6.81315139700018
14.7327979166668,6.81705764720391
14.7331312500001,6.82148473076814
14.7334645833334,6.82096389740764
14.7337979166668,6.81458368874155
14.7341312500001,6.82200556412863
14.7344645833334,6.83385452307994
14.7347979166668,6.83763056494354
14.7351312500001,6.82955764785584
14.7354645833334,6.8320316063182
14.7357979166668,6.84843785717385
14.7361312500001,6.86601598309062
14.7364645833334,6.86614619143075
14.7367979166668,6.86197952454677
14.7371312500001,6.86197952454677
14.7374645833334,6.86796910819248
14.7377979166668,6.87838577540242
14.7381312500001,6.88450556738826
14.7384645833334,6.88867223427224
14.7387979166668,6.88307327564689
14.7391312500001,6.88059931718453
14.7394645833334,6.88658890083025
14.7397979166668,6.89687535970006
14.7401312500001,6.89583369297907
14.7404645833334,6.88515660908888
14.7407979166668,6.88138056722528
14.7411312500001,6.88710973419075
14.7414645833334,6.89505244293832
14.7417979166668,6.90494827678776
14.7421312500001,6.91093786043348
14.7424645833334,6.90690140188963
14.7427979166668,6.90481806844764
14.7431312500001,6.90833369363099
14.7434645833334,6.91666702739894
14.7437979166668,6.90911494367174
14.7441312500001,6.90364619338652
14.7444645833334,6.90963577703224
14.7447979166668,6.91979202756193
14.7451312500001,6.92487015282677
14.7454645833335,6.9158857773582
14.7457979166668,6.91614619403845
14.7461312500001,6.92317744440516
14.7464645833335,6.93489619501634
14.7467979166668,6.9320316115336
14.7471312500001,6.91757848577981
14.7474645833335,6.91953161088168
14.7477979166668,6.93541702837683
14.7481312500001,6.95000036247075
14.7484645833335,6.950260779151
14.7487979166668,6.94440140384541
14.7491312500001,6.94375036214478
14.7494645833335,6.9486982790695
14.7497979166668,6.95130244587199
14.7501312500001,6.95768265453808
14.7504645833335,6.96276077980292
14.7507979166668,6.96054723802081
14.7511312500001,6.95312536263373
14.7514645833335,6.94817744570901
14.7517979166668,6.94830765404913
14.7521312500001,6.95091182085162
14.7524645833335,6.94843786238926
14.7527979166668,6.95390661267447
14.7531312500001,6.95989619632019
14.7534645833335,6.95963577963994
14.7537979166668,6.96067744636093
14.7541312500001,6.95820348789857
14.7544645833335,6.96132848806156
14.7547979166668,6.9535159876541
14.7551312500001,6.9578128628782
14.7554645833335,6.96367223818379
14.7557979166668,6.96380244652392
14.7561312500001,6.94882848740963
14.7564645833335,6.94088577866205
14.7567979166668,6.94557327890652
14.7571312500001,6.95390661267447
14.7574645833335,6.94791702902876
14.7577979166668,6.94453161218553
14.7581312500001,6.94804723736888
14.7584645833335,6.9572920295177
14.7587979166668,6.95312536263373
14.7591312500001,6.93945348692068
14.7594645833335,6.93398473663547
14.7597979166668,6.94518265388615
14.7601312500001,6.95260452927323
14.7604645833335,6.94687536230777
14.7607979166668,6.9368493201182
14.7611312500001,6.93750036181882
14.7614645833335,6.94153682036267
14.7617979166668,6.9373701534787
14.7621312500001,6.93085973647249
14.7624645833335,6.93645869509783
14.7627979166668,6.94218786206329
14.7631312500001,6.94453161218553
14.7634645833335,6.94023473696143
14.7637979166668,6.93802119517932
14.7641312500001,6.9411461953423
14.7644645833335,6.93815140351944
14.7647979166668,6.93645869509783
14.7651312500001,6.93411494497559
14.7654645833335,6.92968786141137
14.7657979166668,6.91901077752118
14.7661312500001,6.91080765209335
14.7664645833335,6.91171911047422
14.7667979166668,6.91679723573907
14.7671312500001,6.9115889021341
14.7674645833335,6.90520869346801
14.7677979166668,6.8911461927346
14.7681312500001,6.88997431767348
14.7684645833335,6.88411494236789
14.7687979166668,6.8868493175105
14.7691312500001,6.88138056722528
14.7694645833335,6.87408890017832
14.7697979166668,6.87526077523944
14.7701312500001,6.86940139993385
14.7704645833335,6.86093785782578
14.7707979166668,6.84348994024913
14.7711312500002,6.83346389805956
14.7714645833335,6.83815139830404
14.7717979166668,6.8363284815423
14.7721312500001,6.83710973158304
14.7724645833335,6.83398473142006
14.7727979166668,6.83697952324292
14.7731312500002,6.83125035627745
14.7734645833335,6.82122431408789
14.7737979166668,6.81549514712242
14.7741312500002,6.81406285538105
14.7744645833335,6.80820348007546
14.7747979166668,6.80351597983099
14.7751312500002,6.80182327140938
14.7754645833335,6.80039097966801
14.7757979166668,6.79609410444391
14.7761312500002,6.78619827059447
14.7764645833335,6.78385452047223
14.7767979166668,6.78463577051298
14.7771312500002,6.78789097901608
14.7774645833335,6.79049514581857
14.7777979166668,6.79049514581857
14.7781312500002,6.78880243739695
14.7784645833335,6.78515660387347
14.7787979166668,6.78177118703025
14.7791312500002,6.77955764524813
14.7794645833335,6.77304722824192
14.7797979166668,6.77005243641907
14.7801312500002,6.76875035301782
14.7804645833335,6.77330764492217
14.7807979166668,6.76744826961658
14.7811312500002,6.76106806095049
14.7814645833335,6.7471357685572
14.7817979166668,6.7476566019177
14.7821312500002,6.75052118540043
14.7824645833335,6.75559931066528
14.7827979166668,6.74322951835347
14.7831312500002,6.73554722628615
14.7834645833335,6.72890660093981
14.7837979166668,6.72278680895397
14.7841312500002,6.72083368385211
14.7844645833335,6.71835972538975
14.7847979166668,6.72018264215149
14.7851312500002,6.71601597526751
14.7854645833335,6.71796910036937
14.7857979166668,6.71471389186627
14.7861312500002,6.71458368352614
14.7864645833335,6.71419305850577
14.7867979166668,6.72369826733484
14.7871312500002,6.72044305883173
14.7874645833335,6.71419305850577
14.7877979166668,6.7143232668459
14.7881312500002,6.72369826733484
14.7884645833335,6.72682326749782
14.7887979166668,6.72395868401509
14.7891312500002,6.71901076709037
14.7894645833335,6.71862014207
14.7897979166668,6.70755243315944
14.7901312500002,6.69817743267049
14.7904645833335,6.69687534926925
14.7907979166668,6.70846389154031
14.7911312500002,6.71119826668291
14.7914645833335,6.70612014141807
14.7917979166668,6.69947951607173
14.7921312500002,6.70390659963596
14.7924645833335,6.70989618328167
14.7927979166668,6.71927118377062
14.7931312500002,6.71731805866875
14.7934645833335,6.71484410020639
14.7937979166668,6.71197951672366
14.7941312500002,6.71901076709037
14.7944645833335,6.72460972571571
14.7947979166668,6.72760451753857
14.7951312500002,6.73190139276267
14.7954645833335,6.73307326782378
14.7957979166668,6.72877639259969
14.7961312500002,6.72109410053236
14.7964645833335,6.72083368385211
14.7967979166668,6.7229170172941
14.7971312500002,6.72487014239596
14.7974645833335,6.72369826733484
14.7977979166668,6.72799514255894
14.7981312500002,6.73072951770155
14.7984645833335,6.73502639292565
14.7987979166668,6.73815139308863
14.7991312500002,6.74531285179546
14.7994645833335,6.74791701859795
14.7997979166669,6.74570347681583
14.8001312500002,6.74583368515596
14.8004645833335,6.74973993535969
14.8007979166668,6.75507847730478
14.8011312500002,6.74830764361832
14.8014645833335,6.73880243478925
14.8017979166669,6.73750035138801
14.8021312500002,6.74270868499298
14.8024645833335,6.75351597722329
14.8027979166669,6.76080764427025
14.8031312500002,6.759505560869
14.8034645833335,6.75546910232515
14.8037979166669,6.75221389382205
14.8041312500002,6.7643232694536
14.8044645833335,6.77330764492217
14.8047979166669,6.77799514516664
14.8051312500002,6.77057326977956
14.8054645833335,6.76705764459621
14.8057979166669,6.76549514451472
14.8061312500002,6.77656285342528
14.8064645833335,6.78554722889385
14.8067979166669,6.78359410379199
14.8071312500002,6.77460972832341
14.8074645833335,6.77942743690801
14.8077979166669,6.7885420207167
14.8081312500002,6.79596389610379
14.8084645833335,6.78723993731546
14.8087979166669,6.78737014565559
14.8091312500002,6.7971357711649
14.8094645833335,6.80846389675571
14.8097979166669,6.80781285505509
14.8101312500002,6.80377639651124
14.8104645833335,6.80533889659273
14.8107979166669,6.81901077230577
14.8111312500002,6.82005243902677
14.8114645833335,6.81640660550329
14.8117979166669,6.81041702185758
14.8121312500002,6.81197952193907
14.8124645833335,6.81848993894528
14.8127979166669,6.82526077263174
14.8131312500002,6.82812535611447
14.8134645833335,6.82187535578851
14.8137979166669,6.81302118866006
14.8141312500002,6.82096389740764
14.8144645833335,6.83007848121633
14.8147979166669,6.83645868988242
14.8151312500002,6.83138056461758
14.8154645833335,6.8352868148213
14.8157979166669,6.84205764850776
14.8161312500002,6.84739619045286
14.8164645833335,6.84674514875224
14.8167979166669,6.84635452373186
14.8171312500002,6.84791702381335
14.8174645833335,6.85364619077882
14.8177979166669,6.85403681579919
14.8181312500002,6.84622431539174
14.8184645833335,6.83268264801882
14.8187979166669,6.82864618947497
14.8191312500002,6.83541702316143
14.8194645833335,6.83710973158304
14.8197979166669,6.83619827320217
14.8201312500002,6.83177118963795
14.8204645833335,6.83476598146081
14.8207979166669,6.83723993992317
14.8211312500002,6.83880244000466
14.8214645833335,6.83984410672565
14.8217979166669,6.8406253567664
14.8221312500002,6.8395836900454
14.8224645833335,6.83684931490279
14.8227979166669,6.83424514810031
14.8231312500002,6.83489618980093
14.8234645833335,6.83242223133857
14.8237979166669,6.83125035627745
14.82413125,6.83072952291695
14.8244645833333,6.83320348137932
14.8247979166667,6.82864618947497
14.82513125,6.82460973093112
14.8254645833333,6.81901077230577
14.8257979166667,6.82929723117559
14.82613125,6.83450556478056
14.8264645833333,6.83333368971944
14.8267979166667,6.82096389740764
14.82713125,6.81875035562553
14.8274645833333,6.82369827255025
14.8277979166667,6.83085973125708
14.82813125,6.8277347310941
14.8284645833333,6.8272138977336
14.8287979166667,6.81705764720391
14.82913125,6.81145868857857
14.8294645833333,6.80546910493285
14.8297979166667,6.80729202169459
14.83013125,6.80664097999397
14.8304645833333,6.80221389642975
14.8307979166667,6.79947952128714
14.83113125,6.80039097966801
14.8314645833333,6.79778681286553
14.8317979166667,6.7938805626618
14.83213125,6.7858076455741
14.8324645833333,6.78151077035
14.8327979166667,6.77513056168391
14.83313125,6.77513056168391
14.8334645833334,6.77786493682652
14.8337979166667,6.78255243707099
14.83413125,6.78033889528888
14.8344645833333,6.7766930617654
14.8347979166667,6.76653681123571
14.83513125,6.76197951933136
14.8354645833334,6.76237014435174
14.8357979166667,6.76549514451472
14.83613125,6.76184931099124
14.8364645833333,6.76080764427025
14.8367979166667,6.76354201941285
14.83713125,6.77122431148018
14.8374645833334,6.77005243641907
14.8377979166667,6.76549514451472
14.83813125,6.76367222775298
14.8384645833334,6.76250035269186
14.8387979166667,6.76393264443323
14.83913125,6.75911493584863
14.8394645833334,6.75390660224366
14.8397979166667,6.75273472718254
14.84013125,6.75481806062453
14.8404645833334,6.75937535252888
14.8407979166667,6.75234410216217
14.84113125,6.74453160175472
14.8414645833334,6.74622431017633
14.8417979166667,6.75364618556341
14.84213125,6.75156285212143
14.8424645833334,6.73971389317012
14.8427979166667,6.72968785098055
14.84313125,6.72981805932068
14.8434645833334,6.73281285114354
14.8437979166667,6.73085972604167
14.84413125,6.72122430887248
14.8444645833334,6.71210972506378
14.8447979166667,6.71419305850577
14.84513125,6.72330764231447
14.8454645833334,6.72851597591944
14.8457979166667,6.72096389219223
14.84613125,6.71158889170329
14.8464645833334,6.70651076643844
14.8467979166667,6.71237014174403
14.84713125,6.71953160045086
14.8474645833334,6.717578475349
14.8477979166667,6.70885451656068
14.84813125,6.70598993307795
14.8484645833334,6.70494826635695
14.8487979166667,6.71106805834279
14.84913125,6.7089847249008
14.8494645833334,6.71354201680515
14.8497979166667,6.7132816001249
14.85013125,6.71731805866875
14.8504645833334,6.71835972538975
14.8507979166667,6.70416701631621
14.85113125,6.69244826570503
14.8514645833334,6.68541701533832
14.8517979166667,6.69401076578652
14.85213125,6.69882847437111
14.8524645833334,6.70742222481931
14.8527979166667,6.71484410020639
14.85313125,6.71549514190701
14.8534645833334,6.70703159979894
14.8537979166667,6.69570347420813
14.85413125,6.69218784902478
14.8544645833334,6.68763055712043
14.8547979166667,6.69023472392291
14.85513125,6.69544305752788
14.8554645833334,6.70651076643844
14.8557979166667,6.7046878496767
14.85613125,6.6923180573649
14.8564645833334,6.67955764003273
14.8567979166667,6.68320347355621
14.85713125,6.68658889039944
14.8574645833334,6.68828159882105
14.8577979166667,6.68763055712043
14.85813125,6.68945347388217
14.8584645833334,6.68528680699819
14.8587979166667,6.67890659833211
14.85913125,6.68190139015496
14.8594645833334,6.68346389023645
14.8597979166667,6.68151076513459
14.86013125,6.67864618165186
14.8604645833334,6.68945347388217
14.8607979166667,6.69869826603099
14.86113125,6.69987014109211
14.8614645833334,6.69322951574577
14.8617979166667,6.69049514060316
14.8621312500001,6.68867222384142
14.8624645833334,6.68684930707968
14.8627979166667,6.68502639031794
14.86313125,6.68710972375993
14.8634645833334,6.68723993210006
14.8637979166667,6.6847659736377
14.8641312500001,6.6880211821408
14.8644645833334,6.69153680732416
14.8647979166667,6.69648472424888
14.8651312500001,6.69700555760937
14.8654645833334,6.69700555760937
14.8657979166667,6.6971357659495
14.8661312500001,6.6960940992285
14.8664645833334,6.69362014076614
14.8667979166667,6.68593784869881
14.8671312500001,6.68190139015496
14.8674645833334,6.68229201517534
14.8677979166667,6.6890628488618
14.8681312500001,6.69049514060316
14.8684645833334,6.68346389023645
14.8687979166667,6.67148472294503
14.8691312500001,6.66106805573509
14.8694645833334,6.66210972245608
14.8697979166667,6.66484409759869
14.8701312500001,6.66783888942155
14.8704645833334,6.66809930610179
14.8707979166667,6.66783888942155
14.8711312500001,6.67382847306726
14.8714645833334,6.67578159816912
14.8717979166667,6.67317743136664
14.8721312500001,6.66237013913633
14.8724645833334,6.65794305557211
14.8727979166667,6.6589847222931
14.8731312500001,6.66237013913633
14.8734645833334,6.6665368060203
14.8737979166667,6.67096388958453
14.8741312500001,6.66888055614254
14.8744645833334,6.65924513897335
14.8747979166667,6.65585972213012
14.8751312500001,6.65559930544987
14.8754645833334,6.65625034715049
14.8757979166667,6.64869826342329
14.8761312500001,6.64505242989981
14.8764645833334,6.65442743038875
14.8767979166667,6.66067743071471
14.8771312500001,6.66197951411596
14.8774645833334,6.65117222188565
14.8777979166667,6.64726597168192
14.8781312500001,6.64518263823993
14.8784645833334,6.64531284658005
14.8787979166667,6.64570347160043
14.8791312500001,6.64140659637633
14.8794645833334,6.63867222123372
14.8797979166667,6.64114617969608
14.8801312500001,6.64375034649857
14.8804645833334,6.64309930479794
14.8807979166667,6.63841180455347
14.8811312500001,6.64088576301583
14.8814645833334,6.64270867977757
14.8817979166667,6.64270867977757
14.8821312500001,6.63919305459422
14.8824645833334,6.64322951313807
14.8827979166667,6.64518263823993
14.8831312500001,6.64921909678378
14.8834645833334,6.64348992981832
14.8837979166667,6.63906284625409
14.8841312500001,6.63528680439049
14.8844645833334,6.6299482624454
14.8847979166667,6.62604201224167
14.8851312500001,6.62708367896266
14.8854645833334,6.63190138754726
14.8857979166667,6.63710972115223
14.8861312500001,6.63932326293434
14.8864645833334,6.6380211795331
14.8867979166667,6.63281284592813
14.8871312500001,6.63098992916639
14.8874645833334,6.63789097119297
14.8877979166667,6.64049513799546
14.8881312500001,6.63828159621335
14.8884645833334,6.62786492900341
14.8887979166667,6.63177117920714
14.8891312500001,6.63593784609111
14.8894645833334,6.63828159621335
14.8897979166668,6.63177117920714
14.8901312500001,6.62864617904415
14.8904645833334,6.63203159588738
14.8907979166668,6.633724304309
14.8911312500001,6.62408888713981
14.8914645833334,6.61497430333111
14.8917979166668,6.61041701142676
14.8921312500001,6.6122399281885
14.8924645833334,6.60989617806627
14.8927979166668,6.61210971984838
14.8931312500001,6.61875034519471
14.8934645833334,6.62226597037807
14.8937979166668,6.6208336786367
14.8941312500001,6.62109409531695
14.8944645833334,6.62434930382005
14.8947979166668,6.62708367896266
14.8951312500001,6.63085972082627
14.8954645833334,6.63619826277136
14.8957979166668,6.63437534600962
14.8961312500001,6.6299482624454
14.8964645833334,6.62473992884043
14.8967979166668,6.62395867879968
14.8971312500001,6.6160159700521
14.8974645833334,6.6165368034126
14.8977979166668,6.62539097054105
14.8981312500001,6.63307326260838
14.8984645833334,6.63268263758801
14.8987979166668,6.63216180422751
14.8991312500001,6.63776076285285
14.8994645833334,6.64309930479794
14.8997979166668,6.64062534633558
14.9001312500001,6.63893263791397
14.9004645833334,6.63828159621335
14.9007979166668,6.64309930479794
14.9011312500001,6.64700555500167
14.9014645833334,6.65052118018502
14.9017979166668,6.65286493030726
14.9021312500001,6.65364618034801
14.9024645833334,6.65546909710975
14.9027979166668,6.65130243022577
14.9031312500001,6.64648472164117
14.9034645833334,6.64362013815844
14.9037979166668,6.64453159653931
14.9041312500001,6.6417972213967
14.9044645833334,6.64700555500167
14.9047979166668,6.64622430496093
14.9051312500001,6.64843784674304
14.9054645833334,6.64843784674304
14.9057979166668,6.65208368026652
14.9061312500001,6.65390659702825
14.9064645833334,6.65000034682453
14.9067979166668,6.65247430528689
14.9071312500001,6.65612013881037
14.9074645833334,6.65169305524614
14.9077979166668,6.6460940966208
14.9081312500001,6.64322951313807
14.9084645833334,6.65221388860664
14.9087979166668,6.65390659702825
14.9091312500001,6.65716180553136
14.9094645833334,6.65833368059248
14.9097979166668,6.66158888909558
14.9101312500001,6.66197951411596
14.9104645833334,6.66080763905484
14.9107979166668,6.66067743071471
14.9111312500001,6.65585972213012
14.9114645833334,6.65026076350478
14.9117979166668,6.63867222123372
14.9121312500001,6.64322951313807
14.9124645833334,6.65078159686527
14.9127979166668,6.65872430561285
14.9131312500001,6.65286493030726
14.9134645833334,6.65156284690602
14.9137979166668,6.65234409694676
14.9141312500001,6.66210972245608
14.9144645833334,6.6632815975172
14.9147979166668,6.6665368060203
14.9151312500001,6.66132847241534
14.9154645833334,6.66614618099993
14.9157979166668,6.67174513962527
14.9161312500001,6.67317743136664
14.9164645833335,6.66562534763944
14.9167979166668,6.6638024308777
14.9171312500001,6.66875034780242
14.9174645833334,6.67109409792465
14.9177979166668,6.67109409792465
14.9181312500001,6.67161493128515
14.9184645833335,6.67421909808763
14.9187979166668,6.67174513962527
14.9191312500001,6.67070347290428
14.9194645833335,6.66796909776167
14.9197979166668,6.66744826440117
14.9201312500001,6.66888055614254
14.9204645833335,6.67669305654999
14.9207979166668,6.68229201517534
14.9211312500001,6.68112014011422
14.9214645833335,6.67695347323024
14.9217979166668,6.67630243152962
14.9221312500001,6.67643263986975
14.9224645833335,6.67682326489012
14.9227979166668,6.675651389829
14.9231312500001,6.68242222351546
14.9234645833335,6.68059930675372
14.9237979166668,6.68007847339322
14.9241312500001,6.67669305654999
14.9244645833335,6.67408888974751
14.9247979166668,6.67343784804689
14.9251312500001,6.66588576431968
14.9254645833335,6.67291701468639
14.9257979166668,6.6708336812444
14.9261312500001,6.66940138950304
14.9264645833335,6.66614618099993
14.9267979166668,6.66914097282279
14.9271312500001,6.67018263954378
14.9274645833335,6.66406284755794
14.9277979166668,6.66458368091844
14.9281312500001,6.67070347290428
14.9284645833335,6.67473993144813
14.9287979166668,6.67526076480863
14.9291312500001,6.67330763970676
14.9294645833335,6.66744826440117
14.9297979166668,6.65651076383074
14.9301312500001,6.65885451395297
14.9304645833335,6.6675784727413
14.9307979166668,6.675651389829
14.9311312500001,6.67005243120366
14.9314645833335,6.66927118116291
14.9317979166668,6.67057326456415
14.9321312500001,6.67773472327099
14.9324645833335,6.6751305564685
14.9327979166668,6.6751305564685
14.9331312500001,6.66953159784316
14.9334645833335,6.66692743104068
14.9337979166668,6.66914097282279
14.9341312500001,6.67317743136664
14.9344645833335,6.67747430659074
14.9347979166668,6.66940138950304
14.9351312500001,6.66367222253757
14.9354645833335,6.66796909776167
14.9357979166668,6.67473993144813
14.9361312500001,6.67669305654999
14.9364645833335,6.66783888942155
14.9367979166668,6.66289097249683
14.9371312500001,6.66601597265981
14.9374645833335,6.67539097314875
14.9377979166668,6.67890659833211
14.9381312500001,6.67539097314875
14.9384645833335,6.67044305622403
14.9387979166668,6.66927118116291
14.9391312500001,6.66783888942155
14.9394645833335,6.67174513962527
14.9397979166668,6.67317743136664
14.9401312500001,6.66862013946229
14.9404645833335,6.66497430593881
14.9407979166668,6.67018263954378
14.9411312500001,6.6804690984136
14.9414645833335,6.68281284853583
14.9417979166668,6.6761722231895
14.9421312500001,6.67057326456415
14.9424645833335,6.67630243152962
14.9427979166668,6.68385451525683
14.9431312500001,6.69244826570503
14.9434645833335,6.68567743201857
14.9437979166668,6.68502639031794
14.9441312500002,6.68880243218155
14.9444645833335,6.69049514060316
14.9447979166668,6.68580764035869
14.9451312500002,6.67968784837285
14.9454645833335,6.67578159816912
14.9457979166668,6.6842451402772
14.9461312500002,6.68763055712043
14.9464645833335,6.69375034910627
14.9467979166668,6.68789097380068
14.9471312500002,6.67812534829136
14.9474645833335,6.67070347290428
14.9477979166668,6.6718753479654
14.9481312500002,6.68203159849509
14.9484645833335,6.68320347355621
14.9487979166668,6.67669305654999
14.9491312500002,6.6713545146049
14.9494645833335,6.68242222351546
14.9497979166668,6.69544305752788
14.9501312500002,6.70169305785385
14.9504645833335,6.68919305720192
14.9507979166668,6.67799513995124
14.9511312500002,6.68020868173335
14.9514645833335,6.69492222416739
14.9517979166668,6.69973993275198
14.9521312500002,6.68867222384142
14.9524645833335,6.68085972343397
14.9527979166668,6.68333368189633
14.9531312500002,6.68932326554204
14.9534645833335,6.68320347355621
14.9537979166668,6.67929722335248
14.9541312500002,6.68138055679447
14.9544645833335,6.68007847339322
14.9547979166668,6.67760451493086
14.9551312500002,6.67682326489012
14.9554645833335,6.68177118181484
14.9557979166668,6.67968784837285
14.9561312500002,6.67343784804689
14.9564645833335,6.67395868140738
14.9567979166668,6.67539097314875
14.9571312500002,6.67252638966602
14.9574645833335,6.67252638966602
14.9577979166668,6.67330763970676
14.9581312500002,6.67643263986975
14.9584645833335,6.67044305622403
14.9587979166668,6.67148472294503
14.9591312500002,6.67760451493086
14.9594645833335,6.68437534861732
14.9597979166668,6.6847659736377
14.9601312500002,6.67682326489012
14.9604645833335,6.6713545146049
14.9607979166668,6.66744826440117
14.9611312500002,6.66744826440117
14.9614645833335,6.66406284755794
14.9617979166668,6.66666701436043
14.9621312500002,6.66341180585732
14.9624645833335,6.66145868075546
14.9627979166668,6.66054722237459
14.9631312500002,6.66406284755794
14.9634645833335,6.66809930610179
14.9637979166668,6.66510451427894
14.9641312500002,6.66875034780242
14.9644645833335,6.67096388958453
14.9647979166668,6.67161493128515
14.9651312500002,6.6670576393808
14.9654645833335,6.66145868075546
14.9657979166668,6.65612013881037
14.9661312500002,6.6584638889326
14.9664645833335,6.65742222221161
14.9667979166668,6.66145868075546
14.9671312500002,6.65156284690602
14.9674645833335,6.65325555532763
14.9677979166668,6.65638055549061
14.9681312500002,6.66067743071471
14.9684645833335,6.66197951411596
14.9687979166668,6.66341180585732
14.9691312500002,6.66679722270055
14.9694645833335,6.66731805606105
14.9697979166668,6.66523472261906
14.9701312500002,6.66406284755794
14.9704645833335,6.66054722237459
14.9707979166668,6.65598993047024
14.9711312500002,6.65377638868813
14.9714645833335,6.65820347225235
14.9717979166669,6.65859409727273
14.9721312500002,6.66184930577583
14.9724645833335,6.6632815975172
14.9727979166669,6.66979201452341
14.9731312500002,6.66927118116291
14.9734645833335,6.67382847306726
14.9737979166669,6.68216180683521
14.9741312500002,6.68841180716118
14.9744645833335,6.68385451525683
14.9747979166669,6.67708368157037
14.9751312500002,6.6718753479654
14.9754645833335,6.6708336812444
14.9757979166669,6.66914097282279
14.9761312500002,6.67395868140738
14.9764645833335,6.67812534829136
14.9767979166669,6.67708368157037
14.9771312500002,6.68502639031794
14.9774645833335,6.68997430724267
14.9777979166669,6.69401076578652
14.9781312500002,6.6837243069167
14.9784645833335,6.68229201517534
14.9787979166669,6.68554722367844
14.9791312500002,6.68776076546055
14.9794645833335,6.68541701533832
14.9797979166669,6.68815139048093
14.9801312500002,6.69531284918776
14.9804645833335,6.70026076611248
14.9807979166669,6.69335972408589
14.9811312500002,6.6971357659495
14.9814645833335,6.70156284951372
14.9817979166669,6.69817743267049
14.9821312500002,6.6875003487803
14.9824645833335,6.69049514060316
14.9827979166669,6.70781284983968
14.9831312500002,6.71497430854652
14.9834645833335,6.70781284983968
14.9837979166669,6.70638055809832
14.9841312500002,6.71093785000267
14.9844645833335,6.72708368417807
14.9847979166669,6.7304691010213
14.9851312500002,6.73645868466701
14.9854645833335,6.73554722628615
14.9857979166669,6.73776076806826
14.9861312500002,6.74583368515596
14.9864645833335,6.74726597689733
14.9867979166669,6.74895868531894
14.9871312500002,6.73867222644913
14.9874645833335,6.73932326814975
14.9877979166669,6.74375035171397
14.9881312500002,6.7519534771418
14.9884645833335,6.75117222710105
14.9887979166669,6.74817743527819
14.9891312500002,6.74531285179546
14.9894645833335,6.7509118104208
14.9897979166669,6.75742222742702
14.9901312500002,6.76132847763074
14.9904645833335,6.76119826929062
14.9907979166669,6.76341181107273
14.9911312500002,6.76184931099124
14.9914645833335,6.76367222775298
14.9917979166669,6.76627639455546
14.9921312500002,6.77916702022776
14.9924645833335,6.78059931196913
14.9927979166669,6.77630243674503
14.9931312500002,6.77773472848639
14.9934645833335,6.78112014532962
14.9937979166669,6.78333368711174
14.9941312500002,6.7680993113172
14.9944645833335,6.76315139439248
14.9947979166667,6.76562535285484
14.99513125,6.76562535285484
14.9954645833333,6.75846389414801
14.9957979166667,6.75781285244739
14.99613125,6.76953160305857
14.9964645833333,6.7852868122136
14.9967979166667,6.78671910395497
14.99713125,6.78085972864938
14.9974645833333,6.7809899369895
14.9977979166667,6.78645868727472
14.99813125,6.79804722954577
14.9984645833333,6.79960972962726
14.9987979166667,6.80078160468838
14.99913125,6.80638056331372
14.9994645833333,6.80898473011621
14.9997979166667,6.80429722987174
15.00013125,6.7986982712464
15.0004645833333,6.79830764622602
15.0007979166667,6.80481806323223
15.00113125,6.80768264671497
15.0014645833333,6.80585972995323
15.0017979166667,6.80924514679646
15.00213125,6.81276077197981
15.0024645833333,6.81588577214279
15.0027979166667,6.8153649387823
15.00313125,6.8196618140064
15.0034645833333,6.8277347310941
15.0037979166667,6.83164098129782
15.00413125,6.83177118963795
15.0044645833334,6.83476598146081
15.0047979166667,6.83867223166453
15.00513125,6.83971389838553
15.0054645833334,6.84088577344664
15.0057979166667,6.84453160697012
15.00613125,6.84791702381335
15.0064645833334,6.8519534823572
15.0067979166667,6.85651077426155
15.00713125,6.86184931620665
15.0074645833334,6.86328160794801
15.0077979166667,6.86432327466901
15.00813125,6.86510452470975
15.0084645833334,6.8686201498931
15.0087979166667,6.86549514973012
15.00913125,6.86901077491348
15.0094645833334,6.8729170251172
15.0097979166667,6.87903681710304
15.01013125,6.88489619240863
15.0104645833334,6.89674515135994
15.0107979166667,6.90585973516863
15.01113125,6.9040368184069
15.0114645833334,6.89687535970006
15.0117979166667,6.90195348496491
15.01213125,6.91302119387547
15.0124645833334,6.92864619469037
15.0127979166667,6.93593786173733
15.01313125,6.93919307024044
15.0134645833334,6.9416670287028
15.0137979166667,6.94908890408988
15.01413125,6.95364619599423
15.0144645833334,6.95898473793932
15.0147979166667,6.96106807138131
15.01513125,6.96757848838752
15.0154645833334,6.9669274466869
15.0157979166667,6.96888057178876
15.01613125,6.97460973875423
15.0164645833334,6.98268265584193
15.0167979166667,6.99479203147348
15.01713125,7.00598994872416
15.0174645833334,7.01914099107671
15.0177979166667,7.02343786630081
15.01813125,7.02760453318479
15.0184645833334,7.03333370015025
15.0187979166667,7.04362015902007
15.01913125,7.05651078469237
15.0194645833334,7.05872432647448
15.0197979166667,7.06197953497758
15.02013125,7.05859411813435
15.0204645833334,7.06575557684118
15.0207979166667,7.06627641020168
15.02113125,7.07421911894926
15.0214645833334,7.0792972442141
15.0217979166667,7.09049516146479
15.02213125,7.10169307871547
15.0224645833334,7.1104170375038
15.0227979166667,7.10833370406181
15.02313125,7.10403682883771
15.0234645833334,7.10260453709634
15.0237979166667,7.11393266268715
15.02413125,7.12695349669957
15.0244645833334,7.13763058058976
15.0247979166667,7.14544308099721
15.02513125,7.15625037322752
15.0254645833334,7.16744829047821
15.0257979166667,7.17786495768814
15.02613125,7.17747433266777
15.0264645833334,7.17786495768814
15.0267979166667,7.17057329064119
15.02713125,7.16783891549858
15.0274645833334,7.16250037355349
15.0277979166667,7.17382849914429
15.02813125,7.18151079121162
15.0284645833334,7.17968787444988
15.0287979166667,7.18007849947026
15.02913125,7.1856774580956
15.0294645833334,7.19270870846231
15.0297979166667,7.18411495801411
15.03013125,7.17721391598752
15.0304645833334,7.18554724975547
15.0307979166667,7.20221391729138
15.0311312500001,7.20924516765808
15.0314645833334,7.21276079284144
15.0317979166667,7.2114587094402
15.0321312500001,7.22213579333038
15.0324645833334,7.22929725203721
15.0327979166667,7.2313805854792
15.0331312500001,7.23046912709833
15.0334645833334,7.23281287722057
15.0337979166667,7.23632850240392
15.0341312500001,7.23815141916566
15.0344645833334,7.24440141949162
15.0347979166667,7.25651079512318
15.0351312500001,7.26223996208864
15.0354645833334,7.25820350354479
15.0357979166667,7.25859412856516
15.0361312500001,7.26028683698678
15.0364645833334,7.26315142046951
15.0367979166667,7.26341183714976
15.0371312500001,7.26835975407448
15.0374645833334,7.27096392087697
15.0377979166667,7.26770871237386
15.0381312500001,7.264713920551
15.0384645833334,7.26419308719051
15.0387979166667,7.25976600362628
15.0391312500001,7.25911496192566
15.0394645833334,7.25677121180343
15.0397979166667,7.25638058678305
15.0401312500001,7.25117225317808
15.0404645833334,7.24635454459349
15.0407979166667,7.24622433625336
15.0411312500001,7.23697954410454
15.0414645833334,7.23281287722057
15.0417979166667,7.22539100183349
15.0421312500001,7.22018266822852
15.0424645833334,7.21263058450131
15.0427979166667,7.20052120886976
15.0431312500001,7.19296912514256
15.0434645833334,7.18359412465361
15.0437979166667,7.17825558270852
15.0441312500001,7.18346391631349
15.0444645833334,7.1889326665987
15.0447979166667,7.1776045410079
15.0451312500001,7.15299516472442
15.0454645833334,7.13424516374653
15.0457979166667,7.13906287233113
15.0461312500001,7.1384118306305
15.0464645833334,7.12617224665883
15.0467979166667,7.11354203766678
15.0471312500001,7.11328162098653
15.0474645833334,7.11614620446926
15.0477979166667,7.10742224568094
15.0481312500001,7.0927087032469
15.0484645833334,7.08164099433634
15.0487979166667,7.07617224405112
15.0491312500001,7.0669274519023
15.0494645833334,7.055078492951
15.0497979166667,7.04205765893858
15.0501312500001,7.03776078371448
15.0504645833334,7.03164099172864
15.0507979166667,7.02760453318479
15.0511312500001,7.02408890800143
15.0514645833334,7.01510453253286
15.0517979166667,7.00039099009882
15.0521312500001,6.98463578094379
15.0524645833334,6.97565140547522
15.0527979166667,6.97226598863199
15.0531312500001,6.96145869640168
15.0534645833334,6.95000036247075
15.0537979166667,6.94127640368242
15.0541312500001,6.93138056983298
15.0544645833334,6.92005244424217
15.0547979166667,6.90729202691
15.0551312500001,6.90716181856988
15.0554645833334,6.90546911014826
15.0557979166667,6.89661494301981
15.0561312500001,6.87382848349807
15.0564645833334,6.86510452470975
15.0567979166667,6.86406285798876
15.0571312500001,6.86289098292764
15.0574645833334,6.85559931588068
15.0577979166667,6.84791702381335
15.0581312500001,6.84270869020838
15.0584645833334,6.83737014826329
15.0587979166667,6.82460973093112
15.0591312500001,6.81549514712242
15.0594645833334,6.80937535513658
15.0597979166668,6.80455764655199
15.0601312500001,6.79218785424018
15.0604645833334,6.78437535383273
15.0607979166668,6.78411493715248
15.0611312500001,6.79296910428093
15.0614645833334,6.78893264573708
15.0617979166668,6.78112014532962
15.0621312500001,6.7761722284049
15.0624645833334,6.77369826994254
15.0627979166668,6.76328160273261
15.0631312500001,6.75221389382205
15.0634645833334,6.73893264312937
15.0637979166668,6.74153680993186
15.0641312500001,6.74036493487074
15.0644645833334,6.73164097608242
15.0647979166668,6.71627639194776
15.0651312500001,6.7057295163977
15.0654645833334,6.71341180846503
15.0657979166668,6.71197951672366
15.0661312500001,6.71093785000267
15.0664645833334,6.70364618295571
15.0667979166668,6.70625034975819
15.0671312500001,6.70078159947298
15.0674645833334,6.69739618262975
15.0677979166668,6.69192743234453
15.0681312500001,6.69335972408589
15.0684645833334,6.68658889039944
15.0687979166668,6.68723993210006
15.0691312500001,6.68346389023645
15.0694645833334,6.6880211821408
15.0697979166668,6.68684930707968
15.0701312500001,6.68268264019571
15.0704645833334,6.67434930642776
15.0707979166668,6.67018263954378
15.0711312500001,6.67265659800614
15.0714645833334,6.67669305654999
15.0717979166668,6.6665368060203
15.0721312500001,6.66119826407521
15.0724645833334,6.65872430561285
15.0727979166668,6.66523472261906
15.0731312500001,6.66744826440117
15.0734645833334,6.66302118083695
15.0737979166668,6.65572951378999
15.0741312500001,6.65195347192639
15.0744645833334,6.65286493030726
15.0747979166668,6.66054722237459
15.0751312500001,6.65794305557211
15.0754645833334,6.65625034715049
15.0757979166668,6.64908888844366
15.0761312500001,6.65130243022577
15.0764645833334,6.65195347192639
15.0767979166668,6.65065138852515
15.0771312500001,6.6460940966208
15.0774645833334,6.64817743006279
15.0777979166668,6.64830763840291
15.0781312500001,6.64205763807695
15.0784645833334,6.63593784609111
15.0787979166668,6.64192742973683
15.0791312500001,6.65312534698751
15.0794645833334,6.64869826342329
15.0797979166668,6.6428388881177
15.0801312500001,6.63593784609111
15.0804645833334,6.63658888779173
15.0807979166668,6.63958367961459
15.0811312500001,6.6460940966208
15.0814645833334,6.64778680504242
15.0817979166668,6.64049513799546
15.0821312500001,6.6385420128936
15.0824645833334,6.64479201321956
15.0827979166668,6.64726597168192
15.0831312500001,6.63789097119297
15.0834645833334,6.62955763742502
15.0837979166668,6.63020867912564
15.0841312500001,6.63541701273061
15.0844645833334,6.64114617969608
15.0847979166668,6.64140659637633
15.0851312500001,6.64205763807695
15.0854645833334,6.63281284592813
15.0857979166668,6.63450555434974
15.0861312500001,6.63580763775099
15.0864645833335,6.6466149299813
15.0867979166668,6.64192742973683
15.0871312500001,6.63268263758801
15.0874645833335,6.63333367928863
15.0877979166668,6.63971388795471
15.0881312500001,6.64518263823993
15.0884645833335,6.64570347160043
15.0887979166668,6.64700555500167
15.0891312500001,6.65312534698751
15.0894645833335,6.64505242989981
15.0897979166668,6.64505242989981
15.0901312500001,6.64348992981832
15.0904645833335,6.64075555467571
15.0907979166668,6.63229201256763
15.0911312500001,6.62968784576515
15.0914645833335,6.63398472098925
15.0917979166668,6.63268263758801
15.0921312500001,6.63164097086701
15.0924645833335,6.63463576268987
15.0927979166668,6.63997430463496
15.0931312500001,6.64270867977757
15.0934645833335,6.64010451297509
15.0937979166668,6.63502638771024
15.0941312500001,6.62760451232316
15.0944645833335,6.62682326228242
15.0947979166668,6.62734409564291
15.0951312500001,6.61848992851446
15.0954645833335,6.60638055288291
15.0957979166668,6.60546909450204
15.0961312500001,6.61783888681384
15.0964645833335,6.62578159556142
15.0967979166668,6.62695347062254
15.0971312500001,6.62200555369782
15.0974645833335,6.61966180357558
15.0977979166668,6.6175784701336
15.0981312500001,6.62148472033732
15.0984645833335,6.62018263693608
15.0987979166668,6.61263055320887
15.0991312500001,6.6084638863249
15.0994645833335,6.61979201191571
15.0997979166668,6.63242222090776
15.1001312500001,6.63281284592813
15.1004645833335,6.61796909515397
15.1007979166668,6.61145867814776
15.1011312500001,6.61888055353484
15.1014645833335,6.62434930382005
15.1017979166668,6.62057326195645
15.1021312500001,6.61315138656937
15.1024645833335,6.61679722009285
15.1027979166668,6.62734409564291
15.1031312500001,6.62916701240465
15.1034645833335,6.63268263758801
15.1037979166668,6.63125034584664
15.1041312500001,6.63046909580589
15.1044645833335,6.6251305538608
15.1047979166668,6.62487013718055
15.1051312500001,6.62916701240465
15.1054645833335,6.62734409564291
15.1057979166668,6.62643263726204
15.1061312500001,6.62734409564291
15.1064645833335,6.63281284592813
15.1067979166668,6.63098992916639
15.1071312500001,6.62656284560217
15.1074645833335,6.62265659539844
15.1077979166668,6.62343784543919
15.1081312500001,6.62265659539844
15.1084645833335,6.63112013750652
15.1087979166668,6.63502638771024
15.1091312500001,6.63684930447198
15.1094645833335,6.62721388730279
15.1097979166668,6.62317742875894
15.1101312500001,6.62382847045956
15.1104645833335,6.62734409564291
15.1107979166668,6.62643263726204
15.1111312500001,6.6246097205003
15.1114645833335,6.62721388730279
15.1117979166668,6.62161492867745
15.1121312500001,6.61666701175272
15.1124645833335,6.61588576171198
15.1127979166668,6.62447951216018
15.1131312500002,6.62539097054105
15.1134645833335,6.61966180357558
15.1137979166668,6.61835972017434
15.1141312500002,6.62591180390155
15.1144645833335,6.62799513734353
15.1147979166668,6.6251305538608
15.1151312500002,6.62213576203794
15.1154645833335,6.62356805377931
15.1157979166668,6.62382847045956
15.1161312500002,6.6132815949095
15.1164645833335,6.61145867814776
15.1167979166668,6.6160159700521
15.1171312500002,6.62317742875894
15.1174645833335,6.61028680308664
15.1177979166668,6.60247430267919
15.1181312500002,6.60494826114154
15.1184645833335,6.61549513669161
15.1187979166668,6.62239617871819
15.1191312500002,6.62239617871819
15.1194645833335,6.62239617871819
15.1197979166668,6.61940138689533
15.1201312500002,6.6132815949095
15.1204645833335,6.61315138656937
15.1207979166668,6.60976596972614
15.1211312500002,6.61171909482801
15.1214645833335,6.61484409499099
15.1217979166668,6.61875034519471
15.1221312500002,6.62174513701757
15.1224645833335,6.61627638673235
15.1227979166668,6.6165368034126
15.1231312500002,6.62109409531695
15.1234645833335,6.62148472033732
15.1237979166668,6.62330763709906
15.1241312500002,6.62617222058179
15.1244645833335,6.63398472098925
15.1247979166668,6.63072951248614
15.1251312500002,6.62578159556142
15.1254645833335,6.62916701240465
15.1257979166668,6.63450555434974
15.1261312500002,6.62656284560217
15.1264645833335,6.61354201158974
15.1267979166668,6.61158888648788
15.1271312500002,6.62408888713981
15.1274645833335,6.62760451232316
15.1277979166668,6.62825555402378
15.1281312500002,6.6251305538608
15.1284645833335,6.62877638738428
15.1287979166668,6.62864617904415
15.1291312500002,6.62955763742502
15.1294645833335,6.62747430398304
15.1297979166668,6.62122430365707
15.1301312500002,6.61523472001136
15.1304645833335,6.62200555369782
15.1307979166668,6.63268263758801
15.1311312500002,6.63007847078552
15.1314645833335,6.62265659539844
15.1317979166668,6.61080763644713
15.1321312500002,6.61210971984838
15.1324645833335,6.61809930349409
15.1327979166668,6.62799513734353
15.1331312500002,6.63112013750652
15.1334645833335,6.6246097205003
15.1337979166668,6.62278680373856
15.1341312500002,6.63359409596887
15.1344645833335,6.63450555434974
15.1347979166668,6.63072951248614
15.1351312500002,6.61901076187496
15.1354645833335,6.62096388697683
15.1357979166668,6.62343784543919
15.1361312500002,6.62356805377931
15.1364645833335,6.61992222025583
15.1367979166668,6.6170576367731
15.1371312500002,6.62018263693608
15.1374645833335,6.62630242892192
15.1377979166668,6.62200555369782
15.1381312500002,6.61718784511322
15.1384645833335,6.6170576367731
15.1387979166668,6.61822951183422
15.1391312500002,6.6160159700521
15.1394645833335,6.61197951150825
15.1397979166668,6.6213545119972
15.1401312500002,6.62643263726204
15.1404645833335,6.62382847045956
15.1407979166668,6.62109409531695
15.1411312500002,6.6203128452762
15.1414645833335,6.62656284560217
15.1417979166669,6.62096388697683
15.1421312500002,6.61992222025583
15.1424645833335,6.61458367831074
15.1427979166669,6.61679722009285
15.1431312500002,6.61835972017434
15.1434645833335,6.61875034519471
15.1437979166669,6.61445346997061
15.1441312500002,6.61067742810701
15.1444645833335,6.61106805312738
15.1447979166669,6.6132815949095
15.1451312500002,6.61315138656937
15.1454645833335,6.61953159523546
15.1457979166669,6.62760451232316
15.1461312500002,6.6289065957244
15.1464645833335,6.62669305394229
15.1467979166669,6.62447951216018
15.1471312500002,6.63046909580589
15.1474645833335,6.62356805377931
15.1477979166669,6.61914097021509
15.1481312500002,6.61549513669161
15.1484645833335,6.62656284560217
15.1487979166669,6.6342451376695
15.1491312500002,6.6385420128936
15.1494645833335,6.63958367961459
15.1497979166669,6.64205763807695
15.1501312500002,6.65338576366776
15.1504645833335,6.65911493063322
15.1507979166669,6.66028680569434
15.1511312500002,6.65130243022577
15.1514645833335,6.64635451330105
15.1517979166669,6.65104201354552
15.1521312500002,6.66002638901409
15.1524645833335,6.6665368060203
15.1527979166669,6.66809930610179
15.1531312500002,6.66575555597956
15.1534645833335,6.66992222286353
15.1537979166669,6.67760451493086
15.1541312500002,6.68502639031794
15.1544645833335,6.68033889007347
15.1547979166669,6.67877638999198
15.1551312500002,6.68216180683521
15.1554645833335,6.68489618197782
15.1557979166669,6.68437534861732
15.1561312500002,6.68658889039944
15.1564645833335,6.69700555760937
15.1567979166669,6.70338576627546
15.1571312500002,6.70481805801683
15.1574645833335,6.70390659963596
15.1577979166669,6.69869826603099
15.1581312500002,6.6923180573649
15.1584645833335,6.6880211821408
15.1587979166669,6.69322951574577
15.1591312500002,6.70442743299645
15.1594645833335,6.70546909971745
15.1597979166669,6.69869826603099
15.1601312500002,6.68723993210006
15.1604645833335,6.68880243218155
15.1607979166669,6.696614932589
15.1611312500002,6.70403680797608
15.1614645833335,6.69726597428962
15.1617979166669,6.69427118246677
15.1621312500002,6.70260451623471
15.1624645833335,6.71640660028788
15.1627979166669,6.71406285016565
15.1631312500002,6.69869826603099
15.1634645833335,6.69583368254826
15.1637979166669,6.70937534992118
15.1641312500002,6.71731805866875
15.1644645833335,6.7223961839336
15.1647979166669,6.72200555891322
15.1651312500002,6.72552118409658
15.1654645833333,6.72721389251819
15.1657979166667,6.7347659762454
15.16613125,6.74375035171397
15.1664645833333,6.74479201843496
15.1667979166667,6.73658889300714
15.16713125,6.74205764329236
15.1674645833333,6.75260451884242
15.1677979166667,6.75859410248813
15.16813125,6.7557295190054
15.1684645833333,6.75312535220292
15.1687979166667,6.76158889431099
15.16913125,6.77096389479993
15.1694645833333,6.77356806160242
15.1697979166667,6.76822951965733
15.17013125,6.76536493617459
15.1704645833333,6.77747431180615
15.1707979166667,6.78645868727472
15.17113125,6.7858076455741
15.1714645833333,6.78997431245807
15.1717979166667,6.7986982712464
15.17213125,6.81028681351745
15.1724645833333,6.7976566045254
15.1727979166667,6.79804722954577
15.17313125,6.80234410476987
15.1734645833333,6.80911493845633
15.1737979166667,6.80859410509584
15.17413125,6.81028681351745
15.1744645833333,6.81523473044217
15.1747979166667,6.8153649387823
15.17513125,6.81705764720391
15.1754645833334,6.82148473076814
15.1757979166667,6.82018264736689
15.17613125,6.81341181368043
15.1764645833333,6.8138024387008
15.1767979166667,6.82109410574776
15.17713125,6.82539098097186
15.1774645833334,6.82825556445459
15.1777979166667,6.8309899395972
15.17813125,6.84192744016764
15.1784645833334,6.84882848219422
15.1787979166667,6.85846389936342
15.17913125,6.86419306632888
15.1794645833334,6.86757848317211
15.1797979166667,6.86614619143075
15.18013125,6.87213577507646
15.1804645833334,6.87460973353882
15.1807979166667,6.87734410868143
15.18113125,6.86770869151224
15.1814645833334,6.86731806649186
15.1817979166667,6.86731806649186
15.18213125,6.8734378584777
15.1824645833334,6.87942744212342
15.1827979166667,6.88984410933335
15.18313125,6.89583369297907
15.1834645833334,6.89726598472043
15.1837979166667,6.89401077621733
15.18413125,6.8944014012377
15.1844645833334,6.89648473467969
15.1847979166667,6.90664098520938
15.18513125,6.92135452764342
15.1854645833334,6.92864619469037
15.1857979166667,6.93033890311199
15.18613125,6.92083369428292
15.1864645833334,6.93098994481261
15.1867979166667,6.94322952878429
15.18713125,6.95625036279671
15.1874645833334,6.95143265421211
15.1877979166667,6.94414098716516
15.18813125,6.94531286222627
15.1884645833334,6.95221390425286
15.1887979166667,6.94778682068864
15.18913125,6.94010452862131
15.1894645833334,6.93554723671696
15.1897979166667,6.94257848708367
15.19013125,6.94570348724665
15.1904645833334,6.950260779151
15.1907979166667,6.95260452927323
15.19113125,6.95442744603497
15.1914645833334,6.94622432060714
15.1917979166667,6.95091182085162
15.19213125,6.95794307121833
15.1924645833334,6.95989619632019
15.1927979166667,6.95442744603497
15.19313125,6.95273473761336
15.1934645833334,6.95664098781708
15.1937979166667,6.9529951542936
15.19413125,6.95612015445659
15.1944645833334,6.96432327988441
15.1947979166667,6.97200557195174
15.19513125,6.97226598863199
15.1954645833334,6.97096390523075
15.1957979166667,6.96848994676839
15.19613125,6.9669274466869
15.1964645833334,6.96653682166652
15.1967979166667,6.9739586970536
15.19713125,6.98072953074006
15.1974645833334,6.98164098912093
15.1977979166667,6.98411494758329
15.19813125,6.98229203082156
15.1984645833334,6.98945348952839
15.1987979166667,6.98932328118826
15.19913125,6.9835941142228
15.1994645833334,6.97747432223696
15.1997979166667,6.97734411389683
15.20013125,6.98489619762404
15.2004645833334,6.98203161414131
15.2007979166667,6.97487015543447
15.20113125,6.97252640531224
15.2014645833334,6.97695348887646
15.2017979166667,6.97643265551597
15.20213125,6.97239619697211
15.2024645833334,6.96731807170727
15.2027979166667,6.96666703000665
15.20313125,6.96484411324491
15.2034645833334,6.96106807138131
15.2037979166667,6.96822953008814
15.2041312500001,6.97226598863199
15.2044645833334,6.97656286385609
15.2047979166667,6.97252640531224
15.2051312500001,6.96875036344864
15.2054645833334,6.97148473859124
15.2057979166667,6.97148473859124
15.2061312500001,6.96888057178876
15.2064645833334,6.96875036344864
15.2067979166667,6.97135453025112
15.2071312500001,6.97721390555671
15.2074645833334,6.97526078045485
15.2077979166667,6.96835973842826
15.2081312500001,6.96276077980292
15.2084645833334,6.95468786271522
15.2087979166667,6.95494827939547
15.2091312500001,6.95039098749112
15.2094645833334,6.94609411226702
15.2097979166667,6.93880244522006
15.2101312500001,6.94518265388615
15.2104645833334,6.95039098749112
15.2107979166667,6.94101598700218
15.2111312500001,6.92864619469037
15.2114645833334,6.9201826525823
15.2117979166667,6.92044306926255
15.2121312500001,6.91041702707298
15.2124645833334,6.89791702642106
15.2127979166667,6.89127640107472
15.2131312500001,6.88632848415
15.2134645833334,6.87994827548391
15.2137979166667,6.8787764004228
15.2141312500001,6.88138056722528
15.2144645833334,6.88776077589137
15.2147979166667,6.8858076507895
15.2151312500001,6.8825524422864
15.2154645833334,6.87916702544317
15.2157979166667,6.87500035855919
15.2161312500001,6.87630244196043
15.2164645833334,6.87708369200118
15.2167979166667,6.87565140025981
15.2171312500001,6.87434931685857
15.2174645833334,6.87643265030056
15.2177979166667,6.87487015021907
15.2181312500001,6.86783889985236
15.2184645833334,6.85807327434304
15.2187979166667,6.86562535807025
15.2191312500001,6.87057327499497
15.2194645833334,6.86992223329435
15.2197979166667,6.85585973256093
15.2201312500001,6.84609410705161
15.2204645833334,6.83971389838553
15.2207979166667,6.83177118963795
15.2211312500001,6.8315107729577
15.2214645833334,6.83450556478056
15.2217979166667,6.83593785652192
15.2221312500001,6.83072952291695
15.2224645833334,6.82317743918975
15.2227979166667,6.82812535611447
15.2231312500001,6.83007848121633
15.2234645833334,6.82734410607373
15.2237979166667,6.81992223068664
15.2241312500001,6.82044306404714
15.2244645833334,6.82877639781509
15.2247979166667,6.83307327303919
15.2251312500001,6.8272138977336
15.2254645833334,6.8196618140064
15.2257979166667,6.82539098097186
15.2261312500001,6.8277347310941
15.2264645833334,6.82591181433236
15.2267979166667,6.81875035562553
15.2271312500001,6.81979202234652
15.2274645833334,6.81718785554403
15.2277979166667,6.81835973060515
15.2281312500001,6.81653681384341
15.2284645833334,6.82656285603298
15.2287979166667,6.82135452242801
15.2291312500001,6.82330764752987
15.2294645833334,6.81705764720391
15.2297979166667,6.81614618882304
15.2301312500001,6.81197952193907
15.2304645833334,6.81367223036068
15.2307979166667,6.81705764720391
15.2311312500001,6.81783889724466
15.2314645833334,6.81354202202056
15.2317979166668,6.81757848056441
15.2321312500001,6.81992223068664
15.2324645833334,6.8266930643731
15.2327979166668,6.82747431441385
15.2331312500001,6.82825556445459
15.2334645833334,6.82747431441385
15.2337979166668,6.82109410574776
15.2341312500001,6.81679723052366
15.2344645833334,6.82343785587
15.2347979166668,6.83489618980093
15.2351312500001,6.83697952324292
15.2354645833334,6.82526077263174
15.2357979166668,6.82200556412863
15.2361312500001,6.83294306469907
15.2364645833334,6.84362014858925
15.2367979166668,6.83776077328366
15.2371312500001,6.83177118963795
15.2374645833334,6.82877639781509
15.2377979166668,6.83554723150155
15.2381312500001,6.83880244000466
15.2384645833334,6.8438805652695
15.2387979166668,6.83932327336515
15.2391312500001,6.83216181465832
15.2394645833334,6.83281285635894
15.2397979166668,6.84596389871149
15.2401312500001,6.86015660778503
15.2404645833334,6.85833369102329
15.2407979166668,6.85559931588068
15.2411312500001,6.85924514940416
15.2414645833334,6.86940139993385
15.2417979166668,6.86731806649186
15.2421312500001,6.86145869118627
15.2424645833334,6.86093785782578
15.2427979166668,6.86692744147149
15.2431312500001,6.87135452503571
15.2434645833334,6.87630244196043
15.2437979166668,6.87903681710304
15.2441312500001,6.88307327564689
15.2444645833334,6.88398473402776
15.2447979166668,6.88007848382404
15.2451312500001,6.88177119224565
15.2454645833334,6.88007848382404
15.2457979166668,6.88528681742901
15.2461312500001,6.8815107755654
15.2464645833334,6.88059931718453
15.2467979166668,6.88007848382404
15.2471312500001,6.87734410868143
15.2474645833334,6.87812535872217
15.2477979166668,6.87656285864068
15.2481312500001,6.88059931718453
15.2484645833334,6.88502640074876
15.2487979166668,6.88789098423149
15.2491312500001,6.89049515103398
15.2494645833334,6.88450556738826
15.2497979166668,6.88515660908888
15.2501312500001,6.88789098423149
15.2504645833334,6.8911461927346
15.2507979166668,6.89127640107472
15.2511312500001,6.88320348398702
15.2514645833334,6.88893265095248
15.2517979166668,6.89518265127845
15.2521312500001,6.89687535970006
15.2524645833334,6.8901045260136
15.2527979166668,6.88906285929261
15.2531312500001,6.89726598472043
15.2534645833334,6.89609410965932
15.2537979166668,6.89244827613584
15.2541312500001,6.89309931783646
15.2544645833334,6.8949222345982
15.2547979166668,6.90078160990379
15.2551312500001,6.8981774431013
15.2554645833334,6.90742223525012
15.2557979166668,6.90729202691
15.2561312500001,6.90377640172665
15.2564645833334,6.89101598439447
15.2567979166668,6.89557327629882
15.2571312500001,6.90156285994453
15.2574645833334,6.90716181856988
15.2577979166668,6.89401077621733
15.2581312500001,6.89609410965932
15.2584645833335,6.90234410998528
15.2587979166668,6.90559931848838
15.2591312500001,6.89973994318279
15.2594645833335,6.89348994285683
15.2597979166668,6.88893265095248
15.2601312500001,6.88502640074876
15.2604645833335,6.88541702576913
15.2607979166668,6.88359410900739
15.2611312500001,6.87799515038205
15.2614645833335,6.86744827483199
15.2617979166668,6.87617223362031
15.2621312500001,6.88020869216416
15.2624645833335,6.8815107755654
15.2627979166668,6.86992223329435
15.2631312500001,6.87148473337584
15.2634645833335,6.87539098357957
15.2637979166668,6.87382848349807
15.2641312500001,6.86744827483199
15.2644645833335,6.86341181628814
15.2647979166668,6.85963577442453
15.2651312500001,6.85963577442453
15.2654645833335,6.84739619045286
15.2657979166668,6.85000035725534
15.2661312500001,6.84856806551397
15.2664645833335,6.8481774404936
15.2667979166668,6.83854202332441
15.2671312500001,6.83463577312068
15.2674645833335,6.84140660680714
15.2677979166668,6.85364619077882
15.2681312500001,6.84987014891522
15.2684645833335,6.84296910688863
15.2687979166668,6.83723993992317
15.2691312500001,6.83984410672565
15.2694645833335,6.83489618980093
15.2697979166668,6.82161493910826
15.2701312500001,6.81822952226503
15.2704645833335,6.82851598113484
15.2707979166668,6.83906285668491
15.2711312500001,6.83463577312068
15.2714645833335,6.82200556412863
15.2717979166668,6.81992223068664
15.2721312500001,6.82122431408789
15.2724645833335,6.82213577246876
15.2727979166668,6.81875035562553
15.2731312500001,6.81445348040143
15.2734645833335,6.81171910525882
15.2737979166668,6.80039097966801
15.2741312500001,6.7971357711649
15.2744645833335,6.79622431278403
15.2747979166668,6.79322952096118
15.2751312500001,6.78750035399571
15.2754645833335,6.78697952063521
15.2757979166668,6.79205764590006
15.2761312500001,6.79036493747844
15.2764645833335,6.78112014532962
15.2767979166668,6.77578160338453
15.2771312500001,6.77317743658205
15.2774645833335,6.77395868662279
15.2777979166668,6.77460972832341
15.2781312500001,6.77630243674503
15.2784645833335,6.77174514484068
15.2787979166668,6.76041701924987
15.2791312500001,6.75325556054304
15.2794645833335,6.76132847763074
15.2797979166668,6.7723961865413
15.2801312500001,6.77343785326229
15.2804645833335,6.759505560869
15.2807979166668,6.7552086856449
15.2811312500001,6.75794306078751
15.2814645833335,6.75833368580788
15.2817979166668,6.75299514386279
15.2821312500001,6.74140660159174
15.2824645833335,6.73802118474851
15.2827979166668,6.73645868466701
15.2831312500001,6.74192743495223
15.2834645833335,6.74466181009484
15.2837979166668,6.7428388933331
15.2841312500001,6.73619826798677
15.2844645833335,6.72799514255894
15.2847979166668,6.72018264215149
15.2851312500001,6.72578160077683
15.2854645833335,6.73619826798677
15.2857979166668,6.74062535155099
15.2861312500002,6.73112014272192
15.2864645833335,6.71510451688664
15.2867979166668,6.71588576692739
15.2871312500002,6.71914097543049
15.2874645833335,6.72096389219223
15.2877979166668,6.71614618360763
15.2881312500002,6.71471389186627
15.2884645833335,6.72226597559347
15.2887979166668,6.71731805866875
15.2891312500002,6.70768264149956
15.2894645833335,6.70755243315944
15.2897979166668,6.71158889170329
15.2901312500002,6.71028680830204
15.2904645833335,6.69375034910627
15.2907979166668,6.68320347355621
15.2911312500002,6.68815139048093
15.2914645833335,6.696614932589
15.2917979166668,6.69921909939148
15.2921312500002,6.68867222384142
15.2924645833335,6.68033889007347
15.2927979166668,6.67460972310801
15.2931312500002,6.67773472327099
15.2934645833335,6.67421909808763
15.2937979166668,6.67421909808763
15.2941312500002,6.67903680667223
15.2944645833335,6.68242222351546
15.2947979166668,6.67382847306726
15.2951312500002,6.65377638868813
15.2954645833335,6.65065138852515
15.2957979166668,6.66132847241534
15.2961312500002,6.66588576431968
15.2964645833335,6.66445347257832
15.2967979166668,6.65703159719124
15.2971312500002,6.66093784739496
15.2974645833335,6.65585972213012
15.2977979166668,6.65533888876962
15.2981312500002,6.65716180553136
15.2984645833335,6.65833368059248
15.2987979166668,6.65026076350478
15.2991312500002,6.64322951313807
15.2994645833335,6.63932326293434
15.2997979166668,6.64075555467571
15.3001312500002,6.63684930447198
15.3004645833335,6.63893263791397
15.3007979166668,6.64075555467571
15.3011312500002,6.64401076317881
15.3014645833335,6.63945347127446
15.3017979166668,6.63528680439049
15.3021312500002,6.63190138754726
15.3024645833335,6.6342451376695
15.3027979166668,6.63437534600962
15.3031312500002,6.63606805443123
15.3034645833335,6.63333367928863
15.3037979166668,6.63216180422751
15.3041312500002,6.62825555402378
15.3044645833335,6.62877638738428
15.3047979166668,6.62695347062254
15.3051312500002,6.62656284560217
15.3054645833335,6.62213576203794
15.3057979166668,6.61848992851446
15.3061312500002,6.61875034519471
15.3064645833335,6.62252638705832
15.3067979166668,6.62825555402378
15.3071312500002,6.62473992884043
15.3074645833335,6.61888055353484
15.3077979166668,6.61770867847372
15.3081312500002,6.6256513872213
15.3084645833335,6.63072951248614
15.3087979166668,6.62643263726204
15.3091312500002,6.60950555304589
15.3094645833335,6.60442742778105
15.3097979166668,6.60546909450204
15.3101312500002,6.61067742810701
15.3104645833335,6.60403680276068
15.3107979166668,6.59348992721061
15.3111312500002,6.59296909385012
15.3114645833335,6.5960940940131
15.3117979166669,6.59895867749583
15.3121312500002,6.59778680243471
15.3124645833335,6.59687534405384
15.3127979166669,6.59700555239397
15.3131312500002,6.59296909385012
15.3134645833335,6.5960940940131
15.3137979166669,6.5950524272921
15.3141312500002,6.59453159393161
15.3144645833335,6.57851596809633
15.3147979166669,6.57656284299446
15.3151312500002,6.5832034683408
15.3154645833335,6.59427117725136
15.3157979166669,6.58854201028589
15.3161312500002,6.58502638510254
15.3164645833335,6.58203159327968
15.3167979166669,6.58684930186428
15.3171312500002,6.58229200995993
15.3174645833335,6.58658888518403
15.3177979166669,6.59218784380937
15.3181312500002,6.59140659376863
15.3184645833335,6.58007846817782
15.3187979166669,6.57825555141608
15.3191312500002,6.58046909319819
15.3194645833335,6.58763055190502
15.3197979166669,6.5826826349803
15.3201312500002,6.58763055190502
15.3204645833335,6.59153680210875
15.3207979166669,6.60286492769956
15.3211312500002,6.59856805247546
15.3214645833335,6.59414096891123
15.3217979166669,6.59192742712912
15.3221312500002,6.59752638575446
15.3224645833335,6.6003909692372
15.3227979166669,6.59596388567297
15.3231312500002,6.59257846882974
15.3234645833335,6.59153680210875
15.3237979166669,6.59101596874825
15.3241312500002,6.58984409368713
15.3244645833335,6.59648471903347
15.3247979166669,6.60729201126378
15.3251312500002,6.61380242826999
15.3254645833335,6.60924513636564
15.3257979166669,6.60299513603968
15.3261312500002,6.60234409433906
15.3264645833335,6.61002638640639
15.3267979166669,6.61484409499099
15.3271312500002,6.61393263661012
15.3274645833335,6.60625034454279
15.3277979166669,6.60690138624341
15.3281312500002,6.61210971984838
15.3284645833335,6.62018263693608
15.3287979166669,6.61848992851446
15.3291312500002,6.62317742875894
15.3294645833335,6.63112013750652
15.3297979166669,6.64062534633558
15.3301312500002,6.63919305459422
15.3304645833335,6.63710972115223
15.3307979166669,6.63281284592813
15.3311312500002,6.63033888746577
15.3314645833335,6.62968784576515
15.3317979166669,6.63710972115223
15.3321312500002,6.64309930479794
15.3324645833335,6.64518263823993
15.3327979166669,6.64960972180416
15.3331312500002,6.65403680536838
15.3334645833335,6.65312534698751
15.3337979166669,6.65052118018502
15.3341312500002,6.65052118018502
15.3344645833335,6.65768263889186
15.3347979166669,6.65533888876962
15.3351312500002,6.65585972213012
15.3354645833335,6.65963576399372
15.3357979166669,6.66549513929931
15.33613125,6.66080763905484
15.3364645833333,6.65612013881037
15.3367979166667,6.6541670137085
15.33713125,6.66458368091844
15.3374645833333,6.66770868108142
15.3377979166667,6.66875034780242
15.33813125,6.67382847306726
15.3384645833333,6.67682326489012
15.3387979166667,6.68020868173335
15.33913125,6.66731805606105
15.3394645833333,6.66536493095919
15.3397979166667,6.67148472294503
15.34013125,6.68007847339322
15.3404645833333,6.67760451493086
15.3407979166667,6.6638024308777
15.34113125,6.65833368059248
15.3414645833333,6.65781284723198
15.3417979166667,6.66510451427894
15.34213125,6.67669305654999
15.3424645833333,6.68398472359695
15.3427979166667,6.6890628488618
15.34313125,6.6875003487803
15.3434645833333,6.68841180716118
15.3437979166667,6.6971357659495
15.34413125,6.69908889105136
15.3444645833334,6.70182326619397
15.3447979166667,6.69192743234453
15.34513125,6.69492222416739
15.3454645833333,6.69726597428962
15.3457979166667,6.70078159947298
15.34613125,6.69218784902478
15.3464645833334,6.69049514060316
15.3467979166667,6.69908889105136
15.34713125,6.70612014141807
15.3474645833334,6.70546909971745
15.3477979166667,6.70052118279273
15.34813125,6.7009118078131
15.3484645833334,6.70377639129583
15.3487979166667,6.70403680797608
15.34913125,6.71015659996192
15.3494645833334,6.71080764166254
15.3497979166667,6.7100263916218
15.35013125,6.70455764133658
15.3504645833334,6.70781284983968
15.3507979166667,6.7095055582613
15.35113125,6.70989618328167
15.3514645833334,6.71145868336316
15.3517979166667,6.71458368352614
15.35213125,6.71263055842428
15.3524645833334,6.70833368320018
15.3527979166667,6.70234409955447
15.35313125,6.69960972441186
15.3534645833334,6.69791701599024
15.3537979166667,6.70260451623471
15.35413125,6.71093785000267
15.3544645833334,6.70872430822055
15.3547979166667,6.7046878496767
15.35513125,6.69778680765012
15.3554645833334,6.69466180748714
15.3557979166667,6.69856805769086
15.35613125,6.70585972473782
15.3564645833334,6.70716180813906
15.3567979166667,6.69205764068465
15.35713125,6.68450555695745
15.3574645833334,6.68841180716118
15.3577979166667,6.69127639064391
15.35813125,6.68789097380068
15.3584645833334,6.67578159816912
15.3587979166667,6.67903680667223
15.35913125,6.67981805671298
15.3594645833334,6.6804690984136
15.3597979166667,6.67122430626478
15.36013125,6.65963576399372
15.3604645833334,6.65859409727273
15.3607979166667,6.6632815975172
15.36113125,6.66627638934006
15.3614645833334,6.66888055614254
15.3617979166667,6.66614618099993
15.36213125,6.67174513962527
15.3624645833334,6.66614618099993
15.3627979166667,6.66966180618329
15.36313125,6.67174513962527
15.3634645833334,6.67356805638701
15.3637979166667,6.66966180618329
15.36413125,6.66601597265981
15.3644645833334,6.66679722270055
15.3647979166667,6.66940138950304
15.36513125,6.66237013913633
15.3654645833334,6.66119826407521
15.3657979166667,6.65195347192639
15.36613125,6.65507847208937
15.3664645833334,6.65664097217086
15.3667979166667,6.65221388860664
15.36713125,6.64375034649857
15.3674645833334,6.64023472131521
15.3677979166667,6.64713576334179
15.36813125,6.65052118018502
15.3684645833334,6.64622430496093
15.3687979166667,6.64518263823993
15.36913125,6.64843784674304
15.3694645833334,6.65260451362701
15.3697979166667,6.65065138852515
15.37013125,6.6423180547572
15.3704645833334,6.64257847143745
15.3707979166667,6.64153680471645
15.37113125,6.63932326293434
15.3714645833334,6.63216180422751
15.3717979166667,6.63190138754726
15.37213125,6.63294305426825
15.3724645833334,6.62929722074478
15.3727979166667,6.62799513734353
15.3731312500001,6.62916701240465
15.3734645833334,6.6299482624454
15.3737979166667,6.6299482624454
15.3741312500001,6.62773472066328
15.3744645833334,6.62487013718055
15.3747979166667,6.61549513669161
15.3751312500001,6.61848992851446
15.3754645833334,6.62487013718055
15.3757979166667,6.62213576203794
15.3761312500001,6.61119826146751
15.3764645833334,6.60833367798478
15.3767979166667,6.61744826179347
15.3771312500001,6.61809930349409
15.3774645833334,6.61289096988912
15.3777979166667,6.6041670111008
15.3781312500001,6.60950555304589
15.3784645833334,6.60989617806627
15.3787979166667,6.60937534470577
15.3791312500001,6.60442742778105
15.3794645833334,6.59388055223099
15.3797979166667,6.59283888550999
15.3801312500001,6.60143263595819
15.3804645833334,6.61523472001136
15.3807979166667,6.6213545119972
15.3811312500001,6.61002638640639
15.3814645833334,6.59661492737359
15.3817979166667,6.59348992721061
15.3821312500001,6.5993493025162
15.3824645833334,6.60429721944092
15.3827979166667,6.60638055288291
15.3831312500001,6.6074222196039
15.3834645833334,6.61054721976689
15.3837979166667,6.60247430267919
15.3841312500001,6.59531284397235
15.3844645833334,6.59322951053036
15.3847979166667,6.59492221895198
15.3851312500001,6.59388055223099
15.3854645833334,6.59036492704763
15.3857979166667,6.58945346866676
15.3861312500001,6.58815138526552
15.3864645833334,6.59140659376863
15.3867979166667,6.59153680210875
15.3871312500001,6.5998701358767
15.3874645833334,6.60182326097856
15.3877979166667,6.60455763612117
15.3881312500001,6.59153680210875
15.3884645833334,6.58567742680316
15.3887979166667,6.58515659344266
15.3891312500001,6.58763055190502
15.3894645833334,6.59101596874825
15.3897979166667,6.59817742745509
15.3901312500001,6.60638055288291
15.3904645833334,6.60377638608043
15.3907979166667,6.59570346899272
15.3911312500001,6.5912763854285
15.3914645833334,6.59036492704763
15.3917979166667,6.5880211769254
15.3921312500001,6.58971388534701
15.3924645833334,6.59218784380937
15.3927979166667,6.5923180521495
15.3931312500001,6.5869795102044
15.3934645833334,6.58737013522477
15.3937979166667,6.59205763546925
15.3941312500001,6.59700555239397
15.3944645833334,6.59114617708838
15.3947979166667,6.58307326000068
15.3951312500001,6.58151075991918
15.3954645833334,6.58593784348341
15.3957979166667,6.58528680178279
15.3961312500001,6.58203159327968
15.3964645833334,6.58307326000068
15.3967979166667,6.58984409368713
15.3971312500001,6.5880211769254
15.3974645833334,6.5826826349803
15.3977979166667,6.57447950955248
15.3981312500001,6.57721388469509
15.3984645833334,6.58085971821856
15.3987979166667,6.58125034323894
15.3991312500001,6.57773471805558
15.3994645833334,6.57369825951173
15.3997979166667,6.5789065931167
15.4001312500001,6.58763055190502
15.4004645833334,6.59687534405384
15.4007979166668,6.59973992753658
15.4011312500001,6.59023471870751
15.4014645833334,6.57604200963397
15.4017979166668,6.57369825951173
15.4021312500001,6.57877638477657
15.4024645833334,6.58606805182353
15.4027979166668,6.58893263530627
15.4031312500001,6.58020867651794
15.4034645833334,6.57500034291297
15.4037979166668,6.57239617611049
15.4041312500001,6.5869795102044
15.4044645833334,6.59700555239397
15.4047979166668,6.59062534372788
15.4051312500001,6.58255242664018
15.4054645833334,6.58098992655869
15.4057979166668,6.58815138526552
15.4061312500001,6.59348992721061
15.4064645833334,6.59752638575446
15.4067979166668,6.59596388567297
15.4071312500001,6.5955732606526
15.4074645833334,6.59648471903347
15.4077979166668,6.60234409433906
15.4081312500001,6.60156284429831
15.4084645833334,6.59062534372788
15.4087979166668,6.58671909352415
15.4091312500001,6.59283888550999
15.4094645833334,6.59713576073409
15.4097979166668,6.59440138559148
15.4101312500001,6.58619826016366
15.4104645833334,6.59414096891123
15.4107979166668,6.60091180259769
15.4111312500001,6.60494826114154
15.4114645833334,6.59309930219024
15.4117979166668,6.58737013522477
15.4121312500001,6.58359409336117
15.4124645833334,6.58723992688465
15.4127979166668,6.58867221862602
15.4131312500001,6.59466180227173
15.4134645833334,6.59648471903347
15.4137979166668,6.59583367733285
15.4141312500001,6.59322951053036
15.4144645833334,6.59817742745509
15.4147979166668,6.59791701077484
15.4151312500001,6.59544305231248
15.4154645833334,6.590755552068
15.4157979166668,6.58893263530627
15.4161312500001,6.58932326032664
15.4164645833334,6.58619826016366
15.4167979166668,6.58033888485807
15.4171312500001,6.57773471805558
15.4174645833334,6.5837243017013
15.4177979166668,6.58945346866676
15.4181312500001,6.58658888518403
15.4184645833334,6.57773471805558
15.4187979166668,6.57773471805558
15.4191312500001,6.5740888845321
15.4194645833334,6.57395867619198
15.4197979166668,6.569792009308
15.4201312500001,6.57434930121235
15.4204645833334,6.57343784283148
15.4207979166668,6.57473992623272
15.4211312500001,6.5783857597562
15.4214645833334,6.58020867651794
15.4217979166668,6.57864617643645
15.4221312500001,6.57239617611049
15.4224645833334,6.57278680113086
15.4227979166668,6.58072950987844
15.4231312500001,6.58763055190502
15.4234645833334,6.58463576008217
15.4237979166668,6.57682325967471
15.4241312500001,6.57929721813707
15.4244645833334,6.58737013522477
15.4247979166668,6.58567742680316
15.4251312500001,6.57565138461359
15.4254645833334,6.57018263432838
15.4257979166668,6.56835971756664
15.4261312500001,6.570833676029
15.4264645833334,6.57421909287223
15.4267979166668,6.57682325967471
15.4271312500001,6.57213575943024
15.4274645833335,6.57291700947098
15.4277979166668,6.57877638477657
15.4281312500001,6.58059930153831
15.4284645833335,6.57278680113086
15.4287979166668,6.56822950922651
15.4291312500001,6.58125034323894
15.4294645833335,6.59101596874825
15.4297979166668,6.59466180227173
15.4301312500001,6.58125034323894
15.4304645833335,6.57578159295372
15.4307979166668,6.57252638445061
15.4311312500001,6.57382846785186
15.4314645833335,6.56445346736291
15.4317979166668,6.55924513375794
15.4321312500001,6.55598992525484
15.4324645833335,6.55781284201658
15.4327979166668,6.55598992525484
15.4331312500001,6.55768263367645
15.4334645833335,6.56367221732217
15.4337979166668,6.56354200898204
15.4341312500001,6.55781284201658
15.4344645833335,6.55468784185359
15.4347979166668,6.5617190922203
15.4351312500001,6.56106805051968
15.4354645833335,6.55638055027521
15.4357979166668,6.55117221667024
15.4361312500001,6.55729200865608
15.4364645833335,6.56705763416539
15.4367979166668,6.57252638445061
15.4371312500001,6.5660159674444
15.4374645833335,6.55585971691471
15.4377979166668,6.55403680015297
15.4381312500001,6.56510450906353
15.4384645833335,6.56888055092713
15.4387979166668,6.56458367570303
15.4391312500001,6.55325555011223
15.4394645833335,6.55572950857459
15.4397979166668,6.55963575877831
15.4401312500001,6.56666700914502
15.4404645833335,6.56184930056043
15.4407979166668,6.5584638837172
15.4411312500001,6.55703159197583
15.4414645833335,6.5584638837172
15.4417979166668,6.56471388404316
15.4421312500001,6.56705763416539
15.4424645833335,6.5665368008049
15.4427979166668,6.56458367570303
15.4431312500001,6.56692742582527
15.4434645833335,6.57317742615123
15.4437979166668,6.5789065931167
15.4441312500001,6.5751305512531
15.4444645833335,6.57213575943024
15.4447979166668,6.56263055060117
15.4451312500001,6.5627607589413
15.4454645833335,6.56484409238328
15.4457979166668,6.56757846752589
15.4461312500001,6.57265659279074
15.4464645833335,6.57734409303521
15.4467979166668,6.58020867651794
15.4471312500001,6.5746097178926
15.4474645833335,6.5584638837172
15.4477979166668,6.55598992525484
15.4481312500001,6.55885450873757
15.4484645833335,6.56927117594751
15.4487979166668,6.57213575943024
15.4491312500001,6.56927117594751
15.4494645833335,6.56458367570303
15.4497979166668,6.55989617545856
15.4501312500001,6.56575555076415
15.4504645833335,6.57591180129384
15.4507979166668,6.57760450971546
15.4511312500001,6.57070346768887
15.4514645833335,6.56445346736291
15.4517979166668,6.56783888420614
15.4521312500001,6.57187534274999
15.4524645833335,6.57552117627347
15.4527979166668,6.5660159674444
15.4531312500001,6.56419305068266
15.4534645833335,6.56367221732217
15.4537979166668,6.56992221764813
15.4541312500001,6.57526075959322
15.4544645833335,6.58437534340192
15.4547979166668,6.58737013522477
15.4551312500001,6.58919305198651
15.4554645833335,6.58255242664018
15.4557979166668,6.5875003435649
15.4561312500002,6.58593784348341
15.4564645833335,6.58841180194577
15.4567979166668,6.59414096891123
15.4571312500002,6.59895867749583
15.4574645833335,6.60013055255695
15.4577979166668,6.60104201093782
15.4581312500002,6.60625034454279
15.4584645833335,6.61015659474651
15.4587979166668,6.6079430529644
15.4591312500002,6.60117221927794
15.4594645833335,6.60442742778105
15.4597979166668,6.61080763644713
15.4601312500002,6.61380242826999
15.4604645833335,6.61093784478726
15.4607979166668,6.60989617806627
15.4611312500002,6.61562534503173
15.4614645833335,6.61484409499099
15.4617979166668,6.61250034486875
15.4621312500002,6.61302117822925
15.4624645833335,6.61666701175272
15.4627979166668,6.61484409499099
15.4631312500002,6.61067742810701
15.4634645833335,6.61315138656937
15.4637979166668,6.62044305361633
15.4641312500002,6.62799513734353
15.4644645833335,6.62929722074478
15.4647979166668,6.63216180422751
15.4651312500002,6.63632847111148
15.4654645833335,6.63880242957384
15.4657979166668,6.64622430496093
15.4661312500002,6.64726597168192
15.4664645833335,6.65013055516465
15.4667979166668,6.64765659670229
15.4671312500002,6.65000034682453
15.4674645833335,6.64739618002204
15.4677979166668,6.63737013783248
15.4681312500002,6.62903680406453
15.4684645833335,6.63229201256763
15.4687979166668,6.64270867977757
15.4691312500002,6.64921909678378
15.4694645833335,6.65794305557211
15.4697979166668,6.66080763905484
15.4701312500002,6.6665368060203
15.4704645833335,6.66497430593881
15.4707979166668,6.66835972278204
15.4711312500002,6.6713545146049
15.4714645833335,6.67382847306726
15.4717979166668,6.67851597331173
15.4721312500002,6.68190139015496
15.4724645833335,6.68190139015496
15.4727979166668,6.68333368189633
15.4731312500002,6.67877638999198
15.4734645833335,6.67734409825062
15.4737979166668,6.67968784837285
15.4741312500002,6.68411493193708
15.4744645833335,6.69114618230378
15.4747979166668,6.68450555695745
15.4751312500002,6.68776076546055
15.4754645833335,6.69440139080689
15.4757979166668,6.70690139145882
15.4761312500002,6.71015659996192
15.4764645833335,6.69739618262975
15.4767979166668,6.68919305720192
15.4771312500002,6.69153680732416
15.4774645833335,6.70286493291496
15.4777979166668,6.70846389154031
15.4781312500002,6.70664097477857
15.4784645833335,6.7046878496767
15.4787979166668,6.70651076643844
15.4791312500002,6.71510451688664
15.4794645833335,6.7223961839336
15.4797979166668,6.72460972571571
15.4801312500002,6.72408889235521
15.4804645833335,6.72304722563422
15.4807979166668,6.72278680895397
15.4811312500002,6.72070347551198
15.4814645833335,6.72343785065459
15.4817979166669,6.72317743397434
15.4821312500002,6.72005243381136
15.4824645833335,6.72421910069534
15.4827979166669,6.73007847600093
15.4831312500002,6.73710972636764
15.4834645833335,6.73984410151024
15.4837979166669,6.74088576823124
15.4841312500002,6.74218785163248
15.4844645833335,6.74244826831273
15.4847979166669,6.74635451851646
15.4851312500002,6.74791701859795
15.4854645833335,6.74153680993186
15.4857979166669,6.73750035138801
15.4861312500002,6.73750035138801
15.4864645833335,6.74401076839422
15.4867979166669,6.74804722693807
15.4871312500002,6.74505243511521
15.4874645833335,6.7390628514695
15.4877979166669,6.7466149351967
15.4881312500002,6.75169306046155
15.4884645833335,6.76054722759
15.4887979166669,6.7552086856449
15.4891312500002,6.7562503523659
15.4894645833335,6.75481806062453
15.4897979166669,6.75429722726403
15.4901312500002,6.75273472718254
15.4904645833335,6.75065139374055
15.4907979166669,6.75117222710105
15.4911312500002,6.76054722759
15.4914645833335,6.76614618621534
15.4917979166669,6.7600263942295
15.4921312500002,6.7514326437813
15.4924645833335,6.75559931066528
15.4927979166669,6.76744826961658
15.4931312500002,6.77070347811969
15.4934645833335,6.76679722791596
15.4937979166669,6.76705764459621
15.4941312500002,6.76549514451472
15.4944645833335,6.76354201941285
15.4947979166669,6.76406285277335
15.4951312500002,6.7643232694536
15.4954645833335,6.76523472783447
15.4957979166669,6.76953160305857
15.4961312500002,6.77460972832341
15.4964645833335,6.77838577018702
15.4967979166669,6.7638024360931
15.4971312500002,6.75976597754925
15.4974645833335,6.75494826896466
15.4977979166669,6.75013056038006
15.4981312500002,6.7423180599726
15.4984645833335,6.74518264345534
15.4987979166669,6.75351597722329
15.4991312500002,6.75716181074677
15.4994645833335,6.74778681025782
15.4997979166669,6.74049514321087
15.5001312500002,6.73697951802751
15.5004645833335,6.7352868096059
15.5007979166669,6.73632847632689
15.5011312500002,6.73450555956515
15.5014645833335,6.73268264280341
15.5017979166669,6.73437535122503
15.5021312500002,6.73828160142875
15.5024645833335,6.73789097640838
15.5027979166669,6.73320347616391
15.5031312500002,6.73502639292565
15.5034645833335,6.73867222644913
15.5037979166669,6.74244826831273
15.5041312500002,6.74192743495223
15.5044645833335,6.73737014304788
15.5047979166669,6.73281285114354
15.5051312500002,6.72500035073608
15.5054645833335,6.72057326717186
15.5057979166669,6.71393264182552
15.5061312500002,6.71119826668291
15.5064645833335,6.72031285049161
15.5067979166667,6.72773472587869
15.50713125,6.72747430919844
15.5074645833333,6.72447951737559
15.5077979166667,6.72460972571571
15.50813125,6.72513055907621
15.5084645833333,6.72070347551198
15.5087979166667,6.71367222514527
15.50913125,6.71966180879099
15.5094645833333,6.72213576725335
15.5097979166667,6.72864618425956
15.51013125,6.71731805866875
15.5104645833333,6.71041701664217
15.5107979166667,6.71315139178478
15.51113125,6.72500035073608
15.5114645833333,6.72903680927993
15.5117979166667,6.72044305883173
15.51213125,6.71536493356689
15.5124645833333,6.72760451753857
15.5127979166667,6.72981805932068
15.51313125,6.72643264247745
15.5134645833333,6.71835972538975
15.5137979166667,6.71914097543049
15.51413125,6.71158889170329
15.5144645833333,6.69934930773161
15.5147979166667,6.70117222449335
15.51513125,6.7100263916218
15.5154645833333,6.71393264182552
15.5157979166667,6.70351597461559
15.51613125,6.69830764101062
15.5164645833333,6.70507847469708
15.5167979166667,6.71549514190701
15.51713125,6.71640660028788
15.5174645833334,6.71119826668291
15.5177979166667,6.71210972506378
15.51813125,6.72057326717186
15.5184645833334,6.71640660028788
15.5187979166667,6.70742222481931
15.51913125,6.70026076611248
15.5194645833334,6.70833368320018
15.5197979166667,6.7132816001249
15.52013125,6.71588576692739
15.5204645833334,6.7143232668459
15.5207979166667,6.71692743364838
15.52113125,6.71731805866875
15.5214645833334,6.7223961839336
15.5217979166667,6.72265660061385
15.52213125,6.7299482676608
15.5224645833334,6.73541701794602
15.5227979166667,6.73919305980962
15.52313125,6.74960972701956
15.5234645833334,6.75716181074677
15.5237979166667,6.75989618588937
15.52413125,6.75598993568565
15.5244645833334,6.75403681058378
15.5247979166667,6.7600263942295
15.52513125,6.7691409780382
15.5254645833334,6.78307327043149
15.5257979166667,6.79127639585931
15.52613125,6.79088577083894
15.5264645833334,6.79570347942354
15.5267979166667,6.80846389675571
15.52713125,6.8186201472854
15.5274645833334,6.82500035595149
15.5277979166667,6.83854202332441
15.52813125,6.85742223264242
15.5284645833334,6.86992223329435
15.5287979166667,6.87278681677708
15.52913125,6.88333369232714
15.5294645833334,6.89075556771422
15.5297979166667,6.90455765176739
15.53013125,6.91328161055572
15.5304645833334,6.92278681938478
15.5307979166667,6.93606807007745
15.53113125,6.9497399457905
15.5314645833334,6.97252640531224
15.5317979166667,6.99283890637162
15.53213125,7.01250036573038
15.5324645833334,7.03984411715646
15.5327979166667,7.06276078501833
15.53313125,7.09049516146479
15.5334645833334,7.11901078795199
15.5337979166667,7.1437503725756
15.53413125,7.17031287396094
15.5344645833334,7.1856774580956
15.5347979166667,7.21289100118156
15.53513125,7.24231808604964
15.5354645833334,7.2813805880869
15.5357979166667,7.32122434016492
15.53613125,7.35507850859722
15.5364645833334,7.38190142666281
15.5367979166667,7.42083372035995
15.53713125,7.46341184758057
15.5374645833334,7.51601601699076
15.5377979166667,7.55065143546381
15.53813125,7.59531289612642
15.5384645833334,7.64244831525139
15.5387979166667,7.69205769283872
15.53913125,7.72942748645437
15.5394645833334,7.77161498865462
15.5397979166667,7.83554728365562
15.54013125,7.90742228740419
15.5404645833334,7.96197958191624
15.5407979166667,8.00989625108196
15.54113125,8.05468792008469
15.5414645833334,8.11666708998382
15.5417979166667,8.1799483432842
15.54213125,8.25026084695128
15.5424645833334,8.30507855814358
15.5427979166667,8.3653650196211
15.54313125,8.43333377316594
15.5434645833334,8.50859419375774
15.5437979166667,8.57851607240446
15.54413125,8.65091190951353
15.5444645833334,8.73294316379179
15.5447979166667,8.8152348347503
15.5451312500001,8.89192754708347
15.5454645833334,8.95898484224745
15.5457979166667,9.03528692956024
15.5461312500001,9.11093797517242
15.5464645833334,9.21093798038783
15.5467979166667,9.30833381880075
15.5471312500001,9.40390674045193
15.5474645833334,9.48645882809069
15.5477979166667,9.57630258277641
15.5481312500001,9.6778650880733
15.5484645833334,9.7756515515066
15.5487979166667,9.87487030668126
15.5491312500001,9.97513072857692
15.5494645833334,10.0910161512875
15.5497979166667,10.2098963658209
15.5501312500001,10.3196619965456
15.5504645833334,10.4322922107531
15.5507979166667,10.5520838836674
15.5511312500001,10.684766182254
15.5514645833334,10.8083338970318
15.5517979166667,10.9322922368301
15.5521312500001,11.0833339113742
15.5524645833334,11.2399745445437
15.5527979166667,11.3983078861347
15.5531312500001,11.5447922687745
15.5534645833334,11.6964849850192
15.5537979166667,11.8458339511417
15.5541312500001,11.9920579171012
15.5544645833334,12.1415370915638
15.5547979166667,12.2885423075641
15.5551312500001,12.4303391899593
15.5554645833334,12.5846360730065
15.5557979166667,12.7411464978359
15.5561312500001,12.8960944225837
15.5564645833334,13.0447923470056
15.5567979166667,13.2027350635763
15.5571312500001,13.3863288231514
15.5574645833334,13.5643236241012
15.5577979166667,13.7463548835949
15.5581312500001,13.9304694765306
15.5584645833334,14.1307299036416
15.5587979166667,14.3259122054878
15.5591312500001,14.5070320066006
15.5594645833334,14.6988288916036
15.5597979166667,14.8885424431646
15.5601312500001,15.0809903698682
15.5604645833334,15.2679695462866
15.5607979166667,15.4558601810859
15.5611312500001,15.6402351907018
15.5614645833334,15.8121101996658
15.5617979166667,16.0015633345465
15.5621312500001,16.1891935526655
15.5624645833334,16.3813810626889
15.5627979166667,16.5552091967547
15.5631312500001,16.745183164996
15.5634645833334,16.9410165085428
15.5637979166667,17.1315113101446
15.5641312500001,17.3157561114203
15.5644645833334,17.4945321624109
15.5647979166667,17.68229258887
15.5651312500001,17.8722665571113
15.5654645833334,18.067969692318
15.5657979166667,18.282813453523
15.5661312500001,18.4824228389334
15.5664645833334,18.6561207646591
15.5667979166667,18.8156259813113
15.5671312500001,18.9869801569148
15.5674645833334,19.1677093330072
15.5677979166667,19.3394541336311
15.5681312500001,19.4972666418616
15.5684645833334,19.6619801921188
15.5687979166667,19.8300791592192
15.5691312500001,19.9962250012177
15.5694645833334,20.1575531346316
15.5697979166667,20.3119802260189
15.5701312500001,20.4721364843717
15.5704645833334,20.6347667011869
15.5707979166667,20.8000010848045
15.5711312500001,20.9716156770883
15.5714645833334,21.1510427697795
15.5717979166668,21.3295584040898
15.5721312500001,21.499610496292
15.5724645833334,21.6618500880868
15.5727979166668,21.821355304739
15.5731312500001,21.9800792713504
15.5734645833334,22.1263032373099
15.5737979166668,22.2593761609169
15.5741312500001,22.3865897092182
15.5744645833334,22.515235549261
15.5747979166668,22.6388032640389
15.5751312500001,22.7303397271462
15.5754645833334,22.8070324394794
15.5757979166668,22.8628918173927
15.5761312500001,22.9091157781368
15.5764645833334,22.9558605722414
15.5767979166668,23.0067720332299
15.5771312500001,23.0556001607765
15.5774645833334,23.0859387040255
15.5777979166668,23.1170584973152
15.5781312500001,23.1718762085075
15.5784645833334,23.2205741277139
15.5787979166668,23.2473970457795
15.5791312500001,23.2494803792215
15.5794645833334,23.2656262133969
15.5797979166668,23.3014335069311
15.5801312500001,23.3414074673492
15.5804645833334,23.3563814264635
15.5807979166668,23.3709647605574
15.5811312500001,23.3832043445291
15.5814645833334,23.4147147628391
15.5817979166668,23.4238293466478
15.5821312500001,23.419792888104
15.5824645833334,23.3869803863927
15.5827979166668,23.3500012177974
15.5831312500001,23.3039074653934
15.5834645833334,23.2419282954943
15.5837979166668,23.1649751664809
15.5841312500001,23.0848970373045
15.5844645833334,23.0027355746861
15.5847979166668,22.915626195143
15.5851312500001,22.8059907727584
15.5854645833334,22.7042980591214
15.5857979166668,22.5846365945472
15.5861312500001,22.484897006012
15.5864645833334,22.3606782495335
15.5867979166668,22.2424490767007
15.5871312500001,22.1221365704259
15.5874645833334,22.0087251061777
15.5877979166668,21.8880219748826
15.5881312500001,21.7727875938726
15.5884645833334,21.6623709214473
15.5887979166668,21.5628917495924
15.5891312500001,21.4307302843663
15.5894645833334,21.3014334026229
15.5897979166668,21.1826833964296
15.5901312500001,21.0746104741265
15.5904645833334,20.9444021340023
15.5907979166668,20.7996104597842
15.5911312500001,20.6464854517981
15.5914645833334,20.4953135689138
15.5917979166668,20.3415375192271
15.5921312500001,20.1783864690515
15.5924645833334,20.0098968769307
15.5927979166668,19.8154958251253
15.5931312500001,19.6148447729938
15.5934645833334,19.4144541375426
15.5937979166668,19.2283864195051
15.5941312500001,19.0270843256731
15.5944645833334,18.8242197317595
15.5947979166668,18.6200530544447
15.5951312500001,18.441146795114
15.5954645833334,18.2404957429826
15.5957979166668,18.0337248988653
15.5961312500001,17.8188811376604
15.5964645833334,17.6171884188079
15.5967979166668,17.4091154912894
15.5971312500001,17.2009123554308
15.5974645833334,16.9825529690424
15.5977979166668,16.7511727486417
15.5981312500001,16.5058602358477
15.5984645833334,16.2680998067808
15.5987979166668,16.0361987530196
15.5991312500001,15.8055997826596
15.5994645833334,15.5802091459045
15.5997979166668,15.36588621806
15.6001312500001,15.1571622488409
15.6004645833335,14.9477872379211
15.6007979166668,14.7541674361564
15.6011312500001,14.5729174267035
15.6014645833335,14.3830736668024
15.6017979166668,14.1713549057604
15.6021312500001,13.9671882284456
15.6024645833335,13.7660163429537
15.6027979166668,13.5779954998143
15.6031312500001,13.3792975727847
15.6034645833335,13.1894538128836
15.6037979166668,13.0109381785733
15.6041312500001,12.8333340026438
15.6044645833335,12.6502610764292
15.6047979166668,12.4522141911002
15.6051312500001,12.2671881397837
15.6054645833335,12.0953131308197
15.6057979166668,11.9287766638008
15.6061312500001,11.7488287377491
15.6064645833335,11.5688808116975
15.6067979166668,11.4011724696175
15.6071312500001,11.2460943365295
15.6074645833335,11.1001307872502
15.6077979166668,10.952083904529
15.6081312500001,10.8029953550868
15.6084645833335,10.6550786807056
15.6087979166668,10.5104172148276
15.6091312500001,10.3648442905687
15.6094645833335,10.2213546997518
15.6097979166668,10.0825526091794
15.6101312500001,9.96041718614288
15.6104645833335,9.84101613824896
15.6107979166668,9.71940154857293
15.6111312500001,9.59960987565864
15.6114645833335,9.49062549497467
15.6117979166668,9.39375048992224
15.6121312500001,9.29869840163156
15.6124645833335,9.19635464629391
15.6127979166668,9.09791714116
15.6131312500001,9.00612026137242
15.6134645833335,8.91862025680894
15.6137979166668,8.82851608544297
15.6141312500001,8.73450566387328
15.6144645833335,8.65690149315924
15.6147979166668,8.5755212805816
15.6151312500001,8.50195356841141
15.6154645833335,8.42695356449986
15.6157979166668,8.35807335257414
15.6161312500001,8.28190147360147
15.6164645833335,8.19596396911948
15.6167979166668,8.12343792367028
15.6171312500001,8.05911500364891
15.6174645833335,7.99934937553189
15.6177979166668,7.93098999696667
15.6181312500001,7.86809936868667
15.6184645833335,7.81953165782034
15.6187979166668,7.77994832242257
15.6191312500001,7.73242227827723
15.6194645833335,7.67226602513984
15.6197979166668,7.61158893864195
15.6201312500001,7.56276081109536
15.6204645833335,7.52617226752045
15.6207979166668,7.4888024739048
15.6211312500001,7.4506514302484
15.6214645833335,7.40859413638828
15.6217979166668,7.37330767621461
15.6221312500001,7.34218788292492
15.6224645833335,7.31002642291423
15.6227979166668,7.27877642128442
15.6231312500001,7.25117225317808
15.6234645833335,7.22981808539771
15.6237979166668,7.21223995948094
15.6241312500001,7.19153683340119
15.6244645833335,7.16263058189361
15.6247979166668,7.13020870520268
15.6251312500001,7.09804724519199
15.6254645833335,7.08333370275795
15.6257979166668,7.06471391012019
15.6261312500001,7.04309932565957
15.6264645833335,7.01757849099522
15.6267979166668,6.99518265649385
15.6271312500002,6.97643265551597
15.6274645833335,6.96354202984367
15.6277979166668,6.95507848773559
15.6281312500002,6.94140661202255
15.6284645833335,6.92200556934404
15.6287979166668,6.91028681873286
15.6291312500002,6.91393265225634
15.6294645833335,6.91328161055572
15.6297979166668,6.90455765176739
15.6301312500002,6.88789098423149
15.6304645833335,6.88671910917037
15.6307979166668,6.88815140091174
15.6311312500002,6.88828160925186
15.6314645833335,6.86953160827397
15.6317979166668,6.85260452405783
15.6321312500002,6.84687535709236
15.6324645833335,6.84843785717385
15.6327979166668,6.84908889887447
15.6331312500002,6.84335973190901
15.6334645833335,6.83333368971944
15.6337979166668,6.82929723117559
15.6341312500002,6.82317743918975
15.6344645833335,6.8277347310941
15.6347979166668,6.82369827255025
15.6351312500002,6.81406285538105
15.6354645833335,6.80169306306925
15.6357979166668,6.79752639618528
15.6361312500002,6.80481806323223
15.6364645833335,6.80976598015695
15.6367979166668,6.80364618817112
15.6371312500002,6.80377639651124
15.6374645833335,6.80794306339521
15.6377979166668,6.81302118866006
15.6381312500002,6.80651077165385
15.6384645833335,6.80442743821186
15.6387979166668,6.81067743853782
15.6391312500002,6.82369827255025
15.6394645833335,6.82890660615522
15.6397979166668,6.82005243902677
15.6401312500002,6.80794306339521
15.6404645833335,6.80039097966801
15.6407979166668,6.80976598015695
15.6411312500002,6.81588577214279
15.6414645833335,6.82591181433236
15.6417979166668,6.8315107729577
15.6421312500002,6.83789098162379
15.6424645833335,6.83463577312068
15.6427979166668,6.84049514842627
15.6431312500002,6.84088577344664
15.6434645833335,6.84322952356888
15.6437979166668,6.83867223166453
15.6441312500002,6.84557327369112
15.6444645833335,6.85442744081956
15.6447979166668,6.85794306600292
15.6451312500002,6.86197952454677
15.6454645833335,6.86432327466901
15.6457979166668,6.86822952487273
15.6461312500002,6.87513056689932
15.6464645833335,6.88750035921112
15.6467979166668,6.90585973516863
15.6471312500002,6.91328161055572
15.6474645833335,6.91497431897733
15.6477979166668,6.90807327695075
15.6481312500002,6.91471390229708
15.6484645833335,6.92838577801012
15.6487979166668,6.94192744538305
15.6491312500002,6.94960973745037
15.6494645833335,6.95286494595348
15.6497979166668,6.96276077980292
15.6501312500002,6.97135453025112
15.6504645833335,6.97291703033261
15.6507979166668,6.97174515527149
15.6511312500002,6.9755211971351
15.6514645833335,6.98880244782777
15.6517979166668,7.00052119843895
15.6521312500002,6.99947953171795
15.6524645833335,7.00156286515994
15.6527979166668,7.0169274492946
15.6531312500002,7.03346390849038
15.6534645833335,7.04296911731944
15.6537979166669,7.04348995067994
15.6541312500002,7.05494828461087
15.6544645833335,7.07500036899
15.6547979166669,7.09036495312466
15.6551312500002,7.09596391175001
15.6554645833335,7.09869828689261
15.6557979166669,7.10820349572168
15.6561312500002,7.12057328803348
15.6564645833335,7.13125037192367
15.6567979166669,7.1427087058546
15.6571312500002,7.15677120658802
15.6574645833335,7.16914099889982
15.6577979166669,7.1776045410079
15.6581312500002,7.18281287461287
15.6584645833335,7.19231808344193
15.6587979166669,7.20677120919572
15.6591312500002,7.22513058515324
15.6594645833335,7.23502641900268
15.6597979166669,7.2361982940638
15.6601312500002,7.24674516961386
15.6604645833335,7.26380246217013
15.6607979166669,7.2786462129443
15.6611312500002,7.2743493377202
15.6614645833335,7.28229204646777
15.6617979166669,7.29934933902405
15.6621312500002,7.3205732984643
15.6624645833335,7.31862017336243
15.6627979166669,7.31106808963523
15.6631312500002,7.31835975668218
15.6634645833335,7.34388059134653
15.6637979166669,7.3662764258479
15.6641312500002,7.3748701762961
15.6644645833335,7.37812538479921
15.6647979166669,7.39609413573635
15.6651312500002,7.41393267833337
15.6654645833335,7.42226601210132
15.6657979166669,7.42330767882231
15.6661312500002,7.433463929352
15.6664645833335,7.44804726344592
15.6667979166669,7.45937538903672
15.6671312500002,7.46341184758057
15.6674645833335,7.47057330628741
15.6677979166669,7.48307330693933
15.6681312500002,7.49648476597213
15.6684645833335,7.50664101650182
15.6687979166669,7.50898476662405
15.6691312500002,7.51171914176666
15.6694645833335,7.5259118508402
15.6697979166669,7.54062539327424
15.6701312500002,7.54921914372244
15.6704645833335,7.54973997708294
15.6707979166669,7.55494831068791
15.6711312500002,7.56718789465958
15.6714645833335,7.56914101976145
15.6717979166669,7.57226601992443
15.6721312500002,7.57252643660468
15.6724645833335,7.58046914535225
15.6727979166669,7.58723997903871
15.6731312500002,7.59987018803076
15.6734645833335,7.60807331345859
15.6737979166669,7.60937539685983
15.6741312500002,7.59960977135052
15.6744645833335,7.60234414649312
15.6747979166669,7.60729206341785
15.6751312500002,7.62044310577039
15.6754645833335,7.61549518884567
15.6757979166669,7.62200560585188
15.6761312500002,7.62487018933462
15.6764645833335,7.6274743561371
15.6767979166669,7.62213581419201
15.6771312500002,7.61875039734878
15.6774645833333,7.62825560617785
15.6777979166667,7.62773477281735
15.67813125,7.62382852261362
15.6784645833333,7.61848998066853
15.6787979166667,7.61848998066853
15.67913125,7.62083373079077
15.6794645833333,7.61757852228766
15.6797979166667,7.61445352212468
15.68013125,7.60859414681909
15.6804645833333,7.59244831264368
15.6807979166667,7.58971393750108
15.68113125,7.58619831231772
15.6814645833333,7.59153685426281
15.6817979166667,7.58372435385536
15.68213125,7.58059935369238
15.6824645833333,7.58281289547449
15.6827979166667,7.58059935369238
15.68313125,7.57343789498555
15.6834645833333,7.57044310316269
15.6837979166667,7.56966185312194
15.68413125,7.56901081142132
15.6844645833333,7.55468789400766
15.6847979166667,7.55078164380393
15.68513125,7.54752643530082
15.6854645833333,7.54348997675697
15.6857979166667,7.53098997610505
15.68613125,7.52122435059573
15.6864645833333,7.51718789205188
15.6867979166667,7.51653685035126
15.68713125,7.50937539164443
15.6874645833333,7.496354557632
15.6877979166667,7.48255247357884
15.68813125,7.47981809843623
15.6884645833333,7.47747434831399
15.6887979166667,7.46901080620592
15.68913125,7.44856809680641
15.6894645833334,7.44127642975946
15.6897979166667,7.43893267963722
15.69013125,7.43984413801809
15.6904645833334,7.42721392902604
15.6907979166667,7.41432330335374
15.69113125,7.40325559444318
15.6914645833334,7.39166705217213
15.6917979166667,7.38489621848566
15.69213125,7.37317746787448
15.6924645833334,7.3582035087602
15.6927979166667,7.34127642454405
15.69313125,7.33528684089833
15.6934645833334,7.33463579919771
15.6937979166667,7.33138059069461
15.69413125,7.31184933967597
15.6944645833334,7.30195350582653
15.6947979166667,7.29362017205858
15.69513125,7.28580767165113
15.6954645833334,7.2786462129443
15.6957979166667,7.27278683763871
15.69613125,7.27135454589734
15.6964645833334,7.26184933706827
15.6967979166667,7.24335975277063
15.69713125,7.23098996045883
15.6974645833334,7.22473996013287
15.6977979166667,7.22083370992914
15.69813125,7.21171912612044
15.6984645833334,7.19479204190429
15.6987979166667,7.18411495801411
15.69913125,7.17903683274926
15.6994645833334,7.17291704076342
15.6997979166667,7.15911495671026
15.70013125,7.14817745613982
15.7004645833334,7.13906287233113
15.7007979166667,7.1308597469033
15.70113125,7.12526078827796
15.7014645833334,7.11862016293162
15.7017979166667,7.11432328770752
15.70213125,7.10117224535497
15.7024645833334,7.09869828689261
15.7027979166667,7.09557328672963
15.70313125,7.09114620316541
15.7034645833334,7.07578161903075
15.7037979166667,7.06432328509982
15.70413125,7.05625036801212
15.7044645833334,7.05403682623
15.7047979166667,7.04726599254354
15.70513125,7.04335974233982
15.7054645833334,7.0464847425028
15.7057979166667,7.05364620120963
15.70613125,7.05065140938677
15.7064645833334,7.03268265844963
15.7067979166667,7.01940140775696
15.70713125,7.01367224079149
15.7074645833334,7.01041703228839
15.7077979166667,6.99557328151423
15.70813125,6.97760453057708
15.7084645833334,6.97005244684988
15.7087979166667,6.96979203016963
15.70913125,6.97356807203323
15.7094645833334,6.97239619697211
15.7097979166667,6.96653682166652
15.71013125,6.950260779151
15.7104645833334,6.93528682003671
15.7107979166667,6.9277347363095
15.71113125,6.929297236391
15.7114645833334,6.92539098618727
15.7117979166667,6.91393265225634
15.71213125,6.8981774431013
15.7124645833334,6.89596390131919
15.7127979166667,6.89843785978155
15.71313125,6.89765660974081
15.7134645833334,6.88346390066727
15.7137979166667,6.87434931685857
15.71413125,6.87981806714379
15.7144645833334,6.88945348431298
15.7147979166667,6.88710973419075
15.7151312500001,6.8820316089259
15.7154645833334,6.88125035888516
15.7157979166667,6.88398473402776
15.7161312500001,6.88424515070801
15.7164645833334,6.88190140058578
15.7167979166667,6.87643265030056
15.7171312500001,6.86835973321286
15.7174645833334,6.86497431636963
15.7177979166667,6.86536494139
15.7181312500001,6.87005244163447
15.7184645833334,6.86601598309062
15.7187979166667,6.86888056657335
15.7191312500001,6.86718785815174
15.7194645833334,6.86796910819248
15.7197979166667,6.86302119126776
15.7201312500001,6.85481806583994
15.7204645833334,6.85520869086031
15.7207979166667,6.85390660745907
15.7211312500001,6.85598994090106
15.7214645833334,6.85039098227571
15.7217979166667,6.84466181531025
15.7221312500001,6.83841181498428
15.7224645833334,6.83216181465832
15.7227979166667,6.83815139830404
15.7231312500001,6.84713577377261
15.7234645833334,6.84973994057509
15.7237979166667,6.84049514842627
15.7241312500001,6.83437535644043
15.7244645833334,6.83046910623671
15.7247979166667,6.82981806453609
15.7251312500001,6.82851598113484
15.7254645833334,6.82994827287621
15.7257979166667,6.83333368971944
15.7261312500001,6.82877639781509
15.7264645833334,6.82487014761136
15.7267979166667,6.82617223101261
15.7271312500001,6.82747431441385
15.7274645833334,6.8320316063182
15.7277979166667,6.83059931457683
15.7281312500001,6.83450556478056
15.7284645833334,6.83190139797807
15.7287979166667,6.83697952324292
15.7291312500001,6.8363284815423
15.7294645833334,6.83737014826329
15.7297979166667,6.83385452307994
15.7301312500001,6.82799514777435
15.7304645833334,6.8320316063182
15.7307979166667,6.82838577279472
15.7311312500001,6.82539098097186
15.7314645833334,6.81289098031994
15.7317979166667,6.81601598048292
15.7321312500001,6.82513056429161
15.7324645833334,6.83242223133857
15.7327979166667,6.82968785619596
15.7331312500001,6.82656285603298
15.7334645833334,6.82265660582925
15.7337979166667,6.81888056396565
15.7341312500001,6.82526077263174
15.7344645833334,6.82630243935273
15.7347979166667,6.82317743918975
15.7351312500001,6.81041702185758
15.7354645833334,6.80000035464764
15.7357979166667,6.8067711883341
15.7361312500001,6.80546910493285
15.7364645833334,6.81028681351745
15.7367979166667,6.80260452145012
15.7371312500001,6.80794306339521
15.7374645833334,6.81393264704093
15.7377979166667,6.8100263968372
15.7381312500001,6.80468785489211
15.7384645833334,6.80377639651124
15.7387979166667,6.80546910493285
15.7391312500001,6.79791702120565
15.7394645833334,6.7847659788531
15.7397979166667,6.7847659788531
15.7401312500001,6.78880243739695
15.7404645833334,6.79218785424018
15.7407979166667,6.78880243739695
15.7411312500001,6.79231806258031
15.7414645833334,6.79843785456615
15.7417979166667,6.79427118768217
15.7421312500001,6.79296910428093
15.7424645833334,6.79049514581857
15.7427979166667,6.78815139569633
15.7431312500001,6.78125035366975
15.7434645833334,6.77708368678577
15.7437979166668,6.78085972864938
15.7441312500001,6.78229202039074
15.7444645833334,6.77877639520739
15.7447979166668,6.78307327043149
15.7451312500001,6.78841181237658
15.7454645833334,6.79427118768217
15.7457979166668,6.78697952063521
15.7461312500001,6.77747431180615
15.7464645833334,6.76953160305857
15.7467979166668,6.77070347811969
15.7471312500001,6.77460972832341
15.7474645833334,6.77500035334379
15.7477979166668,6.76966181139869
15.7481312500001,6.76888056135795
15.7484645833334,6.77213576986105
15.7487979166668,6.76744826961658
15.7491312500001,6.76106806095049
15.7494645833334,6.75638056070602
15.7497979166668,6.75768264410726
15.7501312500001,6.75351597722329
15.7504645833334,6.7509118104208
15.7507979166668,6.75338576888316
15.7511312500001,6.75703160240664
15.7514645833334,6.76354201941285
15.7517979166668,6.76679722791596
15.7521312500001,6.76627639455546
15.7524645833334,6.7680993113172
15.7527979166668,6.76731806127646
15.7531312500001,6.76888056135795
15.7534645833334,6.75546910232515
15.7537979166668,6.75247431050229
15.7541312500001,6.75781285244739
15.7544645833334,6.76315139439248
15.7547979166668,6.75989618588937
15.7551312500001,6.75403681058378
15.7554645833334,6.7562503523659
15.7557979166668,6.7552086856449
15.7561312500001,6.74739618523745
15.7564645833334,6.74466181009484
15.7567979166668,6.74570347681583
15.7571312500001,6.74583368515596
15.7574645833334,6.73789097640838
15.7577979166668,6.7423180599726
15.7581312500001,6.75104201876093
15.7584645833334,6.76119826929062
15.7587979166668,6.75169306046155
15.7591312500001,6.74466181009484
15.7594645833334,6.7438805600541
15.7597979166668,6.74973993535969
15.7601312500001,6.75182326880167
15.7604645833334,6.74518264345534
15.7607979166668,6.74596389349608
15.7611312500001,6.74752639357757
15.7614645833334,6.74726597689733
15.7617979166668,6.74153680993186
15.7621312500001,6.74062535155099
15.7624645833334,6.75000035203993
15.7627979166668,6.75039097706031
15.7631312500001,6.74362014337385
15.7634645833334,6.73164097608242
15.7637979166668,6.72968785098055
15.7641312500001,6.73059930936142
15.7644645833334,6.73502639292565
15.7647979166668,6.74166701827198
15.7651312500001,6.74270868499298
15.7654645833334,6.73320347616391
15.7657979166668,6.72604201745708
15.7661312500001,6.72942743430031
15.7664645833334,6.73776076806826
15.7667979166668,6.74492222677509
15.7671312500001,6.74023472653062
15.7674645833334,6.74179722661211
15.7677979166668,6.74596389349608
15.7681312500001,6.7476566019177
15.7684645833334,6.74270868499298
15.7687979166668,6.73216180944292
15.7691312500001,6.72877639259969
15.7694645833335,6.72955764264043
15.7697979166668,6.73997430985037
15.7701312500001,6.74479201843496
15.7704645833335,6.7466149351967
15.7707979166668,6.73593785130652
15.7711312500001,6.74179722661211
15.7714645833335,6.74270868499298
15.7717979166668,6.74492222677509
15.7721312500001,6.73723993470776
15.7724645833335,6.73554722628615
15.7727979166668,6.74088576823124
15.7731312500001,6.74309931001335
15.7734645833335,6.74557326847571
15.7737979166668,6.73750035138801
15.7741312500001,6.72916701762006
15.7744645833335,6.73346389284416
15.7747979166668,6.74179722661211
15.7751312500001,6.75351597722329
15.7754645833335,6.74635451851646
15.7757979166668,6.73697951802751
15.7761312500001,6.73489618458552
15.7764645833335,6.73606805964664
15.7767979166668,6.73567743462627
15.7771312500001,6.73268264280341
15.7774645833335,6.73437535122503
15.7777979166668,6.74570347681583
15.7781312500001,6.74830764361832
15.7784645833335,6.74739618523745
15.7787979166668,6.74127639325161
15.7791312500001,6.738542018109
15.7794645833335,6.73710972636764
15.7797979166668,6.73971389317012
15.7801312500001,6.74492222677509
15.7804645833335,6.7476566019177
15.7807979166668,6.74726597689733
15.7811312500001,6.74987014369981
15.7814645833335,6.76067743593012
15.7817979166668,6.7680993113172
15.7821312500001,6.76315139439248
15.7824645833335,6.75065139374055
15.7827979166668,6.74895868531894
15.7831312500001,6.75846389414801
15.7834645833335,6.76875035301782
15.7837979166668,6.76445347779372
15.7841312500001,6.759505560869
15.7844645833335,6.7600263942295
15.7847979166668,6.76562535285484
15.7851312500001,6.7648441028141
15.7854645833335,6.75963576920913
15.7857979166668,6.75768264410726
15.7861312500001,6.76549514451472
15.7864645833335,6.77330764492217
15.7867979166668,6.77786493682652
15.7871312500001,6.77877639520739
15.7874645833335,6.77369826994254
15.7877979166668,6.77096389479993
15.7881312500001,6.77343785326229
15.7884645833335,6.77916702022776
15.7887979166668,6.77565139504441
15.7891312500001,6.77044306143944
15.7894645833335,6.77200556152093
15.7897979166668,6.78229202039074
15.7901312500001,6.79036493747844
15.7904645833335,6.79088577083894
15.7907979166668,6.78515660387347
15.7911312500001,6.77890660354751
15.7914645833335,6.77395868662279
15.7917979166668,6.78059931196913
15.7921312500001,6.78763056233584
15.7924645833335,6.79166702087969
15.7927979166668,6.7901045207982
15.7931312500001,6.78737014565559
15.7934645833335,6.79518264606304
15.7937979166668,6.79947952128714
15.7941312500001,6.79726597950503
15.7944645833335,6.78984410411795
15.7947979166668,6.79023472913832
15.7951312500002,6.80039097966801
15.7954645833335,6.80520868825261
15.7957979166668,6.80234410476987
15.7961312500002,6.79934931294702
15.7964645833335,6.80156285472913
15.7967979166668,6.8062503549736
15.7971312500002,6.8062503549736
15.7974645833335,6.8100263968372
15.7977979166668,6.81757848056441
15.7981312500002,6.822396189149
15.7984645833335,6.82057327238727
15.7987979166668,6.82304723084962
15.7991312500002,6.83033889789658
15.7994645833335,6.83372431473981
15.7997979166668,6.82838577279472
15.8001312500002,6.82200556412863
15.8004645833335,6.82343785587
15.8007979166668,6.82070348072739
15.8011312500002,6.82122431408789
15.8014645833335,6.82552118931199
15.8017979166668,6.82708368939348
15.8021312500002,6.8229170225095
15.8024645833335,6.81718785554403
15.8027979166668,6.8196618140064
15.8031312500002,6.82903681449534
15.8034645833335,6.83906285668491
15.8037979166668,6.83802118996391
15.8041312500002,6.84049514842627
15.8044645833335,6.83867223166453
15.8047979166668,6.84218785684789
15.8051312500002,6.83437535644043
15.8054645833335,6.82981806453609
15.8057979166668,6.82864618947497
15.8061312500002,6.83333368971944
15.8064645833335,6.83164098129782
15.8067979166668,6.83125035627745
15.8071312500002,6.82838577279472
15.8074645833335,6.83372431473981
15.8077979166668,6.83476598146081
15.8081312500002,6.83320348137932
15.8084645833335,6.8272138977336
15.8087979166668,6.83346389805956
15.8091312500002,6.84036494008615
15.8094645833335,6.83645868988242
15.8097979166668,6.82786493943422
15.8101312500002,6.82825556445459
15.8104645833335,6.8363284815423
15.8107979166668,6.84036494008615
15.8111312500002,6.83697952324292
15.8114645833335,6.83489618980093
15.8117979166668,6.83059931457683
15.8121312500002,6.83372431473981
15.8124645833335,6.83971389838553
15.8127979166668,6.84414098194975
15.8131312500002,6.83997431506577
15.8134645833335,6.83932327336515
15.8137979166668,6.84544306535099
15.8141312500002,6.85143264899671
15.8144645833335,6.84518264867074
15.8147979166668,6.84270869020838
15.8151312500002,6.84531285701087
15.8154645833335,6.85169306567695
15.8157979166668,6.85104202397633
15.8161312500002,6.84322952356888
15.8164645833335,6.8449222319905
15.8167979166668,6.8486982738541
15.8171312500002,6.85273473239795
15.8174645833335,6.84479202365037
15.8177979166668,6.83164098129782
15.8181312500002,6.82942743951571
15.8184645833335,6.83424514810031
15.8187979166668,6.83333368971944
15.8191312500002,6.82630243935273
15.8194645833335,6.82252639748913
15.8197979166668,6.83046910623671
15.8201312500002,6.83333368971944
15.8204645833335,6.83385452307994
15.8207979166668,6.82864618947497
15.8211312500002,6.82838577279472
15.8214645833335,6.82825556445459
15.8217979166668,6.83085973125708
15.8221312500002,6.8352868148213
15.8224645833335,6.83125035627745
15.8227979166669,6.83815139830404
15.8231312500002,6.83554723150155
15.8234645833335,6.83776077328366
15.8237979166668,6.82955764785584
15.8241312500002,6.83059931457683
15.8244645833335,6.83372431473981
15.8247979166669,6.84466181531025
15.8251312500002,6.83867223166453
15.8254645833335,6.83619827320217
15.8257979166668,6.8315107729577
15.8261312500002,6.83802118996391
15.8264645833335,6.83710973158304
15.8267979166669,6.82864618947497
15.8271312500002,6.8239586892305
15.8274645833335,6.82617223101261
15.8277979166669,6.82408889757062
15.8281312500002,6.82617223101261
15.8284645833335,6.82109410574776
15.8287979166669,6.81992223068664
15.8291312500002,6.81809931392491
15.8294645833335,6.81783889724466
15.8297979166669,6.81549514712242
15.8301312500002,6.81445348040143
15.8304645833335,6.81718785554403
15.8307979166669,6.8266930643731
15.8311312500002,6.82304723084962
15.8314645833335,6.81445348040143
15.8317979166669,6.80872431343596
15.8321312500002,6.81093785521807
15.8324645833335,6.81354202202056
15.8327979166669,6.81276077197981
15.8331312500002,6.8057295216131
15.8334645833335,6.80364618817112
15.8337979166669,6.79843785456615
15.8341312500002,6.79908889626677
15.8344645833335,6.79596389610379
15.8347979166669,6.79192743755994
15.8351312500002,6.78893264573708
15.8354645833335,6.79192743755994
15.8357979166669,6.80013056298776
15.8361312500002,6.80377639651124
15.8364645833335,6.79661493780441
15.8367979166669,6.78320347877161
15.8371312500002,6.77447951998329
15.8374645833335,6.78593785391422
15.8377979166669,6.80117222970876
15.8381312500002,6.80130243804888
15.8384645833335,6.78984410411795
15.8387979166669,6.78932327075745
15.8391312500002,6.79752639618528
15.8394645833335,6.79609410444391
15.8397979166669,6.78997431245807
15.8401312500002,6.78828160403646
15.8404645833335,6.79257847926056
15.8407979166669,6.80039097966801
15.8411312500002,6.79908889626677
15.8414645833335,6.7981774378859
15.8417979166669,6.78880243739695
15.8421312500002,6.7847659788531
15.8424645833335,6.79036493747844
15.8427979166669,6.79687535448466
15.8431312500002,6.80338577149087
15.8434645833335,6.79609410444391
15.8437979166669,6.79908889626677
15.8441312500002,6.80117222970876
15.8444645833335,6.80885452177609
15.8447979166669,6.80494827157236
15.8451312500002,6.80533889659273
15.8454645833335,6.80807327173534
15.8457979166669,6.81041702185758
15.8461312500002,6.81263056363969
15.8464645833335,6.80768264671497
15.8467979166669,6.80664097999397
15.8471312500002,6.80820348007546
15.8474645833335,6.81510452210205
15.8477979166669,6.81614618882304
15.84813125,6.8138024387008
15.8484645833333,6.80937535513658
15.8487979166667,6.81445348040143
15.84913125,6.81510452210205
15.8494645833333,6.82460973093112
15.8497979166667,6.82213577246876
15.85013125,6.81692743886379
15.8504645833333,6.80312535481062
15.8507979166667,6.79700556282478
15.85113125,6.80846389675571
15.8514645833333,6.82174514744838
15.8517979166667,6.82330764752987
15.85213125,6.81471389708168
15.8524645833333,6.81575556380267
15.8527979166667,6.82786493943422
15.85313125,6.8309899395972
15.8534645833333,6.81979202234652
15.8537979166667,6.81562535546254
15.85413125,6.81471389708168
15.8544645833333,6.82421910591074
15.8547979166667,6.82747431441385
15.85513125,6.82864618947497
15.8554645833333,6.82565139765211
15.8557979166667,6.83190139797807
15.85613125,6.84375035692938
15.8564645833333,6.84544306535099
15.8567979166667,6.83072952291695
15.85713125,6.82695348105335
15.8574645833334,6.83424514810031
15.8577979166667,6.84518264867074
15.85813125,6.84479202365037
15.8584645833334,6.84153681514727
15.8587979166667,6.84830764883372
15.85913125,6.85768264932267
15.8594645833334,6.86028681612515
15.8597979166667,6.85390660745907
15.86013125,6.84518264867074
15.8604645833334,6.84218785684789
15.8607979166667,6.83697952324292
15.86113125,6.84179723182751
15.8614645833334,6.84882848219422
15.8617979166667,6.85052119061584
15.86213125,6.84882848219422
15.8624645833334,6.85416702413932
15.8627979166667,6.86210973288689
15.86313125,6.86328160794801
15.8634645833334,6.85507848252019
15.8637979166667,6.85325556575845
15.86413125,6.85768264932267
15.8644645833334,6.86015660778503
15.8647979166667,6.85950556608441
15.86513125,6.8524743157177
15.8654645833334,6.84987014891522
15.8657979166667,6.85169306567695
15.86613125,6.86132848284615
15.8664645833334,6.87252640009683
15.8667979166667,6.88020869216416
15.86713125,6.87382848349807
15.8674645833334,6.87408890017832
15.8677979166667,6.86744827483199
15.86813125,6.87604202528019
15.8684645833334,6.87330765013758
15.8687979166667,6.87265660843696
15.86913125,6.86692744147149
15.8694645833334,6.86927119159373
15.8697979166667,6.87513056689932
15.87013125,6.87382848349807
15.8704645833334,6.86796910819248
15.8707979166667,6.87200556673634
15.87113125,6.88007848382404
15.8714645833334,6.88294306730677
15.8717979166667,6.8820316089259
15.87213125,6.87786494204193
15.8724645833334,6.87747431702155
15.8727979166667,6.87070348333509
15.87313125,6.87513056689932
15.8734645833334,6.88033890050428
15.8737979166667,6.88437535904814
15.87413125,6.88046910884441
15.8744645833334,6.87122431669559
15.8747979166667,6.86901077491348
15.87513125,6.87096390001534
15.8754645833334,6.87044306665484
15.8757979166667,6.8658857747505
15.87613125,6.8610680661659
15.8764645833334,6.87226598341658
15.8767979166667,6.87786494204193
15.87713125,6.88020869216416
15.8774645833334,6.87369827515795
15.8777979166667,6.86406285798876
15.87813125,6.85950556608441
15.8784645833334,6.85312535741832
15.8787979166667,6.85455764915969
15.87913125,6.85169306567695
15.8794645833334,6.85091181563621
15.8797979166667,6.86145869118627
15.88013125,6.86927119159373
15.8804645833334,6.87460973353882
15.8807979166667,6.86796910819248
15.88113125,6.86640660811099
15.8814645833334,6.86510452470975
15.8817979166667,6.86302119126776
15.88213125,6.85950556608441
15.8824645833334,6.8648441080295
15.8827979166667,6.87604202528019
15.88313125,6.88033890050428
15.8834645833334,6.87539098357957
15.8837979166667,6.86575556641037
15.88413125,6.86263056624739
15.8844645833334,6.86119827450602
15.8847979166667,6.85807327434304
15.8851312500001,6.85468785749981
15.8854645833334,6.85065139895596
15.8857979166667,6.85182327401708
15.8861312500001,6.85976598276466
15.8864645833334,6.8691409832536
15.8867979166667,6.87278681677708
15.8871312500001,6.86575556641037
15.8874645833334,6.86119827450602
15.8877979166667,6.85807327434304
15.8881312500001,6.85221389903745
15.8884645833334,6.84101598178677
15.8887979166667,6.83841181498428
15.8891312500001,6.84049514842627
15.8894645833334,6.85286494073807
15.8897979166667,6.85286494073807
15.8901312500001,6.85169306567695
15.8904645833334,6.84882848219422
15.8907979166667,6.84375035692938
15.8911312500001,6.83984410672565
15.8914645833334,6.82578160599223
15.8917979166667,6.82682327271323
15.8921312500001,6.82604202267248
15.8924645833334,6.83033889789658
15.8927979166667,6.83489618980093
15.8931312500001,6.84036494008615
15.8934645833334,6.84114619012689
15.8937979166667,6.83945348170528
15.8941312500001,6.83307327303919
15.8944645833334,6.83502639814105
15.8947979166667,6.83984410672565
15.8951312500001,6.84075556510652
15.8954645833334,6.83007848121633
15.8957979166667,6.81679723052366
15.8961312500001,6.81549514712242
15.8964645833334,6.82109410574776
15.8967979166667,6.81888056396565
15.8971312500001,6.82252639748913
15.8974645833334,6.81679723052366
15.8977979166667,6.81341181368043
15.8981312500001,6.81171910525882
15.8984645833334,6.81822952226503
15.8987979166667,6.81497431376192
15.8991312500001,6.80273472979025
15.8994645833334,6.80039097966801
15.8997979166667,6.80664097999397
15.9001312500001,6.80911493845633
15.9004645833334,6.8062503549736
15.9007979166667,6.80716181335447
15.9011312500001,6.80976598015695
15.9014645833334,6.81158889691869
15.9017979166667,6.80794306339521
15.9021312500001,6.80546910493285
15.9024645833334,6.80416702153161
15.9027979166667,6.80559931327298
15.9031312500001,6.81237014695944
15.9034645833334,6.81341181368043
15.9037979166667,6.80833368841559
15.9041312500001,6.7971357711649
15.9044645833334,6.78463577051298
15.9047979166667,6.78489618719323
15.9051312500001,6.78750035399571
15.9054645833334,6.79375035432167
15.9057979166667,6.78841181237658
15.9061312500001,6.77903681188764
15.9064645833334,6.76731806127646
15.9067979166667,6.76835972799745
15.9071312500001,6.76276076937211
15.9074645833334,6.75989618588937
15.9077979166667,6.75703160240664
15.9081312500001,6.76210972767149
15.9084645833334,6.76145868597087
15.9087979166667,6.75208368548192
15.9091312500001,6.75065139374055
15.9094645833334,6.75364618556341
15.9097979166667,6.76132847763074
15.9101312500001,6.76536493617459
15.9104645833334,6.76875035301782
15.9107979166667,6.76692743625608
15.9111312500001,6.76054722759
15.9114645833334,6.75481806062453
15.9117979166667,6.75664097738627
15.9121312500001,6.75429722726403
15.9124645833334,6.75130243544118
15.9127979166668,6.73789097640838
15.9131312500001,6.7433597266936
15.9134645833334,6.74843785195844
15.9137979166668,6.75325556054304
15.9141312500001,6.74869826863869
15.9144645833334,6.74466181009484
15.9147979166668,6.7471357685572
15.9151312500001,6.74557326847571
15.9154645833334,6.73632847632689
15.9157979166668,6.7342451428849
15.9161312500001,6.73112014272192
15.9164645833334,6.73828160142875
15.9167979166668,6.73242222612316
15.9171312500001,6.73007847600093
15.9174645833334,6.73385451786453
15.9177979166668,6.74453160175472
15.9181312500001,6.74544306013559
15.9184645833334,6.73802118474851
15.9187979166668,6.73190139276267
15.9191312500001,6.73229201778304
15.9194645833334,6.72721389251819
15.9197979166668,6.72018264215149
15.9201312500001,6.71953160045086
15.9204645833334,6.72213576725335
15.9207979166668,6.72460972571571
15.9211312500001,6.72799514255894
15.9214645833334,6.7309899343818
15.9217979166668,6.7352868096059
15.9221312500001,6.72799514255894
15.9224645833334,6.72018264215149
15.9227979166668,6.71640660028788
15.9231312500001,6.71940139211074
15.9234645833334,6.72799514255894
15.9237979166668,6.72252639227372
15.9241312500001,6.71822951704962
15.9244645833334,6.71289097510453
15.9247979166668,6.70911493324093
15.9251312500001,6.70664097477857
15.9254645833334,6.70833368320018
15.9257979166668,6.71289097510453
15.9261312500001,6.71119826668291
15.9264645833334,6.70559930805757
15.9267979166668,6.70208368287422
15.9271312500001,6.70742222481931
15.9274645833334,6.70859409988043
15.9277979166668,6.70598993307795
15.9281312500001,6.69908889105136
15.9284645833334,6.70000034943223
15.9287979166668,6.7014326411736
15.9291312500001,6.69674514092912
15.9294645833334,6.68606805703894
15.9297979166668,6.68463576529757
15.9301312500001,6.69218784902478
15.9304645833334,6.69687534926925
15.9307979166668,6.69049514060316
15.9311312500001,6.68333368189633
15.9314645833334,6.68411493193708
15.9317979166668,6.69427118246677
15.9321312500001,6.70325555793534
15.9324645833334,6.69934930773161
15.9327979166668,6.69335972408589
15.9331312500001,6.69114618230378
15.9334645833334,6.69960972441186
15.9337979166668,6.70429722465633
15.9341312500001,6.69140659898403
15.9344645833334,6.67916701501235
15.9347979166668,6.6799482650531
15.9351312500001,6.6885420155013
15.9354645833334,6.69296909906552
15.9357979166668,6.68463576529757
15.9361312500001,6.68281284853583
15.9364645833334,6.68164097347471
15.9367979166668,6.68346389023645
15.9371312500001,6.68658889039944
15.9374645833334,6.69192743234453
15.9377979166668,6.69375034910627
15.9381312500001,6.68763055712043
15.9384645833334,6.68567743201857
15.9387979166668,6.68593784869881
15.9391312500001,6.68697951541981
15.9394645833335,6.67955764003273
15.9397979166668,6.68033889007347
15.9401312500001,6.68489618197782
15.9404645833335,6.6971357659495
15.9407979166668,6.69622430756863
15.9411312500001,6.69622430756863
15.9414645833335,6.68632847371919
15.9417979166668,6.68437534861732
15.9421312500001,6.68723993210006
15.9424645833335,6.69973993275198
15.9427979166668,6.70533889137732
15.9431312500001,6.70221389121434
15.9434645833335,6.70130243283347
15.9437979166668,6.70820347486006
15.9441312500001,6.70963576660142
15.9444645833335,6.70325555793534
15.9447979166668,6.69648472424888
15.9451312500001,6.70455764133658
15.9454645833335,6.71210972506378
15.9457979166668,6.71315139178478
15.9461312500001,6.71289097510453
15.9464645833335,6.71588576692739
15.9467979166668,6.72460972571571
15.9471312500001,6.7218753505731
15.9474645833335,6.71953160045086
15.9477979166668,6.71953160045086
15.9481312500001,6.7218753505731
15.9484645833335,6.72473993405583
15.9487979166668,6.72122430887248
15.9491312500001,6.7180993087095
15.9494645833335,6.71966180879099
15.9497979166668,6.72122430887248
15.9501312500001,6.73203160110279
15.9504645833335,6.73255243446329
15.9507979166668,6.73684930968739
15.9511312500001,6.73658889300714
15.9514645833335,6.73776076806826
15.9517979166668,6.74505243511521
15.9521312500001,6.74882847697882
15.9524645833335,6.75026076872018
15.9527979166668,6.74609410183621
15.9531312500001,6.75299514386279
15.9534645833335,6.76067743593012
15.9537979166668,6.76640660289559
15.9541312500001,6.76237014435174
15.9544645833335,6.76770868629683
15.9547979166668,6.76940139471844
15.9551312500001,6.77356806160242
15.9554645833335,6.78281285375124
15.9557979166668,6.79596389610379
15.9561312500001,6.80312535481062
15.9564645833335,6.80989618849708
15.9567979166668,6.81809931392491
15.9571312500001,6.82460973093112
15.9574645833335,6.81406285538105
15.9577979166668,6.80989618849708
15.9581312500001,6.80859410509584
15.9584645833335,6.82135452242801
15.9587979166668,6.82526077263174
15.9591312500001,6.82955764785584
15.9594645833335,6.83372431473981
15.9597979166668,6.84518264867074
15.9601312500001,6.85377639911894
15.9604645833335,6.85429723247944
15.9607979166668,6.85260452405783
15.9611312500001,6.85898473272391
15.9614645833335,6.86979202495422
15.9617979166668,6.87500035855919
15.9621312500001,6.87421910851845
15.9624645833335,6.87552119191969
15.9627979166668,6.88411494236789
15.9631312500001,6.89375035953708
15.9634645833335,6.90091181824391
15.9637979166668,6.91145869379398
15.9641312500001,6.91653681905882
15.9644645833335,6.92122431930329
15.9647979166668,6.91484411063721
15.9651312500001,6.91809931914031
15.9654645833335,6.9239586944459
15.9657979166668,6.92565140286752
15.9661312500001,6.93085973647249
15.9664645833335,6.93437536165584
15.9667979166668,6.95130244587199
15.9671312500002,6.95846390457882
15.9674645833335,6.95755244619795
15.9677979166668,6.94765661234851
15.9681312500002,6.95143265421211
15.9684645833335,6.96432327988441
15.9687979166668,6.97773473891721
15.9691312500002,6.9787764056382
15.9694645833335,6.9787764056382
15.9697979166668,6.98229203082156
15.9701312500002,6.99062536458951
15.9704645833335,6.98997432288888
15.9707979166668,6.99348994807224
15.9711312500002,6.99440140645311
15.9714645833335,7.00911494888715
15.9717979166668,7.02252640791994
15.9721312500002,7.03671911699348
15.9724645833335,7.0335941168305
15.9727979166668,7.02825557488541
15.9731312500002,7.03203161674901
15.9734645833335,7.04388057570032
15.9737979166668,7.04687536752317
15.9741312500002,7.04895870096516
15.9744645833335,7.05377640954976
15.9747979166668,7.06705766024243
15.9751312500002,7.07005245206528
15.9754645833335,7.07460974396963
15.9757979166668,7.08489620283945
15.9761312500002,7.09375036996789
15.9764645833335,7.09817745353212
15.9767979166668,7.09388057830802
15.9771312500002,7.1007816203346
15.9774645833335,7.11601599612914
15.9777979166668,7.12773474674032
15.9781312500002,7.12760453840019
15.9784645833335,7.12044307969336
15.9787979166668,7.1260420383187
15.9791312500002,7.13098995524342
15.9794645833335,7.13750037224963
15.9797979166668,7.13242224698479
15.9801312500002,7.13072953856317
15.9804645833335,7.13984412237187
15.9807979166668,7.14583370601758
15.9811312500002,7.15117224796268
15.9814645833335,7.14622433103796
15.9817979166668,7.14895870618057
15.9821312500002,7.15585974820715
15.9824645833335,7.15742224828864
15.9827979166668,7.15286495638429
15.9831312500002,7.14817745613982
15.9834645833335,7.15299516472442
15.9837979166668,7.16666704043746
15.9841312500002,7.17057329064119
15.9844645833335,7.15885454003001
15.9847979166668,7.1518232896633
15.9851312500002,7.15416703978554
15.9854645833335,7.16497433201585
15.9857979166668,7.15963579007075
15.9861312500002,7.15924516505038
15.9864645833335,7.16250037355349
15.9867979166668,7.17513058254554
15.9871312500002,7.17604204092641
15.9874645833335,7.17070349898131
15.9877979166668,7.1641930819751
15.9881312500002,7.1604170401115
15.9884645833335,7.1555993315269
15.9887979166668,7.15546912318678
15.9891312500002,7.16210974853311
15.9894645833335,7.16354204027448
15.9897979166668,7.15039099792193
15.9901312500002,7.1384118306305
15.9904645833335,7.14088578909286
15.9907979166668,7.14674516439845
15.9911312500002,7.14401078925584
15.9914645833335,7.13854203897063
15.9917979166668,7.13684933054901
15.9921312500002,7.13984412237187
15.9924645833335,7.13802120561013
15.9927979166668,7.13333370536566
15.9931312500002,7.12513057993783
15.9934645833335,7.11197953758528
15.9937979166669,7.11289099596616
15.9941312500002,7.11471391272789
15.9944645833335,7.11992224633286
15.9947979166669,7.10429724551796
15.9951312500002,7.09505245336914
15.9954645833335,7.0921878698864
15.9957979166669,7.09440141166851
15.9961312500002,7.08737016130181
15.9964645833335,7.07291703554802
15.9967979166669,7.06536495182081
15.9971312500002,7.06184932663746
15.9974645833335,7.06289099335845
15.9977979166669,7.06549516016094
15.9981312500002,7.06458370178007
15.9984645833335,7.05781286809361
15.9987979166669,7.04362015902007
15.9991312500002,7.03906286711572
15.9994645833335,7.03763057537435
15.9997979166669,7.04427120072069
16.0001312500002,7.03385453351075
16.0004645833335,7.02994828330702
16.0007979166669,7.02330765796069
16.0011312500002,7.02682328314404
16.0014645833335,7.0207034911582
16.0017979166669,7.01080765730876
16.0021312500002,7.00286494856118
16.0024645833335,7.0050784903433
16.0027979166669,7.00130244847969
16.0031312500002,6.98854203114752
16.0034645833335,6.97734411389683
16.0037979166669,6.97083369689062
16.0041312500002,6.96992223850975
16.0044645833335,6.96145869640168
16.0047979166669,6.96067744636093
16.0051312500002,6.9578128628782
16.0054645833335,6.95286494595348
16.0057979166669,6.94140661202255
16.0061312500002,6.94036494530155
16.0064645833335,6.94127640368242
16.0067979166669,6.93710973679845
16.0071312500002,6.92812536132988
16.0074645833335,6.93281286157435
16.0077979166669,6.93763057015894
16.0081312500002,6.93333369493485
16.0084645833335,6.90833369363099
16.0087979166669,6.89479202625807
16.0091312500002,6.89453160957783
16.0094645833335,6.90169306828466
16.0097979166669,6.9024743183254
16.0101312500002,6.89987015152292
16.0104645833335,6.90364619338652
16.0107979166669,6.90078160990379
16.0111312500002,6.89244827613584
16.0114645833335,6.8787764004228
16.0117979166669,6.87369827515795
16.0121312500002,6.86744827483199
16.0124645833335,6.86731806649186
16.0127979166669,6.87148473337584
16.0131312500002,6.87083369167522
16.0134645833335,6.85872431604366
16.0137979166669,6.84335973190901
16.0141312500002,6.84127639846702
16.0144645833335,6.84570348203124
16.0147979166669,6.8486982738541
16.0151312500002,6.85260452405783
16.0154645833335,6.85429723247944
16.0157979166669,6.85846389936342
16.0161312500002,6.8481774404936
16.0164645833335,6.84635452373186
16.0167979166669,6.84856806551397
16.0171312500002,6.85585973256093
16.0174645833335,6.85065139895596
16.0177979166669,6.8358076481818
16.0181312500002,6.82161493910826
16.0184645833335,6.82473993927124
16.0187979166667,6.82408889757062
16.01913125,6.82656285603298
16.0194645833333,6.81979202234652
16.0197979166667,6.82252639748913
16.02013125,6.8272138977336
16.0204645833333,6.82226598080888
16.0207979166667,6.81809931392491
16.02113125,6.82044306404714
16.0214645833333,6.83085973125708
16.0217979166667,6.83723993992317
16.02213125,6.83697952324292
16.0224645833333,6.82994827287621
16.0227979166667,6.81796910558478
16.02313125,6.81132848023844
16.0234645833333,6.81848993894528
16.0237979166667,6.8358076481818
16.02413125,6.83723993992317
16.0244645833333,6.83072952291695
16.0247979166667,6.82695348105335
16.02513125,6.82812535611447
16.0254645833333,6.82617223101261
16.0257979166667,6.82630243935273
16.02613125,6.83085973125708
16.0264645833333,6.83606806486205
16.0267979166667,6.83320348137932
16.02713125,6.82864618947497
16.0274645833333,6.82018264736689
16.0277979166667,6.82005243902677
16.02813125,6.82890660615522
16.0284645833333,6.83867223166453
16.0287979166667,6.83723993992317
16.02913125,6.82786493943422
16.0294645833333,6.83112014793733
16.0297979166667,6.83593785652192
16.03013125,6.84153681514727
16.0304645833333,6.84505244033062
16.0307979166667,6.84947952389484
16.03113125,6.84934931555472
16.0314645833334,6.84856806551397
16.0317979166667,6.8529951490782
16.03213125,6.85898473272391
16.0324645833334,6.86315139960789
16.0327979166667,6.86171910786652
16.03313125,6.86380244130851
16.0334645833334,6.86093785782578
16.0337979166667,6.86575556641037
16.03413125,6.86731806649186
16.0344645833334,6.87864619208267
16.0347979166667,6.88463577572839
16.03513125,6.88737015087099
16.0354645833334,6.88515660908888
16.0357979166667,6.88307327564689
16.03613125,6.88502640074876
16.0364645833334,6.89088577605435
16.0367979166667,6.89635452633957
16.03713125,6.90130244326429
16.0374645833334,6.90000035986304
16.0377979166667,6.89661494301981
16.03813125,6.88723994253087
16.0384645833334,6.89023473435373
16.0387979166667,6.89843785978155
16.03913125,6.91263056885509
16.0394645833334,6.91171911047422
16.0397979166667,6.91341181889584
16.04013125,6.91979202756193
16.0404645833334,6.9287764030305
16.0407979166667,6.93281286157435
16.04113125,6.93958369526081
16.0414645833334,6.94388057048491
16.0417979166667,6.94635452894727
16.04213125,6.94348994546454
16.0424645833334,6.94622432060714
16.0427979166667,6.94466182052565
16.04313125,6.94322952878429
16.0434645833334,6.9368493201182
16.0437979166667,6.93932327858056
16.04413125,6.94192744538305
16.0444645833334,6.95182327923249
16.0447979166667,6.96041702968068
16.04513125,6.96354202984367
16.0454645833334,6.96549515494553
16.0457979166667,6.96028682134056
16.04613125,6.96432327988441
16.0464645833334,6.96497432158503
16.0467979166667,6.96979203016963
16.04713125,6.96393265486404
16.0474645833334,6.96054723802081
16.0477979166667,6.95872432125907
16.04813125,6.96848994676839
16.0484645833334,6.97604203049559
16.0487979166667,6.98294307252218
16.04913125,6.97903682231845
16.0494645833334,6.97903682231845
16.0497979166667,6.97382848871348
16.05013125,6.97148473859124
16.0504645833334,6.96979203016963
16.0507979166667,6.97812536393758
16.05113125,6.9878909894469
16.0514645833334,6.99244828135125
16.0517979166667,6.99375036475249
16.05213125,6.99817744831671
16.0524645833334,7.00247432354081
16.0527979166667,7.00052119843895
16.05313125,6.99661494823522
16.0534645833334,6.99257848969137
16.0537979166667,7.0002607817587
16.05413125,7.00716182378528
16.0544645833334,7.00768265714578
16.0547979166667,7.00716182378528
16.05513125,7.00286494856118
16.0554645833334,7.00898474054702
16.0557979166667,7.00494828200317
16.05613125,7.00651078208466
16.0564645833334,7.00755244880566
16.0567979166667,7.01302119909087
16.05713125,7.01289099075075
16.0574645833334,7.01145869900938
16.0577979166667,7.0083336988464
16.0581312500001,7.01080765730876
16.0584645833334,7.01119828232913
16.0587979166667,7.01510453253286
16.0591312500001,7.01106807398901
16.0594645833334,7.00377640694205
16.0597979166667,6.99505244815373
16.0601312500001,6.99817744831671
16.0604645833334,7.00247432354081
16.0607979166667,7.00208369852044
16.0611312500001,7.00130244847969
16.0614645833334,6.99882849001733
16.0617979166667,6.99960974005808
16.0621312500001,7.00182328184019
16.0624645833334,7.00416703196243
16.0627979166667,7.00078161511919
16.0631312500001,6.99635453155497
16.0634645833334,6.99791703163646
16.0637979166667,6.99713578159572
16.0641312500001,6.98476598928392
16.0644645833334,6.97356807203323
16.0647979166667,6.96666703000665
16.0651312500001,6.96171911308193
16.0654645833334,6.96406286320416
16.0657979166667,6.96575557162578
16.0661312500001,6.96862015510851
16.0664645833334,6.96067744636093
16.0667979166667,6.9578128628782
16.0671312500001,6.96979203016963
16.0674645833334,6.97890661397833
16.0677979166667,6.98372432256292
16.0681312500001,6.971224321911
16.0684645833334,6.96731807170727
16.0687979166667,6.97083369689062
16.0691312500001,6.97513057211472
16.0694645833334,6.96862015510851
16.0697979166667,6.96510452992516
16.0701312500001,6.97018265519
16.0704645833334,6.98033890571969
16.0707979166667,6.97044307187025
16.0711312500001,6.95911494627944
16.0714645833334,6.95651077947696
16.0717979166667,6.96523473826528
16.0721312500001,6.96966182182951
16.0724645833334,6.96302119648317
16.0727979166667,6.96002640466031
16.0731312500001,6.95963577963994
16.0734645833334,6.96484411324491
16.0737979166667,6.96393265486404
16.0741312500001,6.96679723834677
16.0744645833334,6.96523473826528
16.0747979166667,6.96380244652392
16.0751312500001,6.95651077947696
16.0754645833334,6.9583336962387
16.0757979166667,6.96015661300044
16.0761312500001,6.96250036312267
16.0764645833334,6.95364619599423
16.0767979166667,6.95273473761336
16.0771312500001,6.95937536295969
16.0774645833334,6.97135453025112
16.0777979166667,6.96966182182951
16.0781312500001,6.95625036279671
16.0784645833334,6.94635452894727
16.0787979166667,6.95468786271522
16.0791312500001,6.96979203016963
16.0794645833334,6.97213578029186
16.0797979166667,6.96432327988441
16.0801312500001,6.96354202984367
16.0804645833334,6.96848994676839
16.0807979166667,6.971224321911
16.0811312500001,6.95898473793932
16.0814645833334,6.96002640466031
16.0817979166667,6.97109411357087
16.0821312500001,6.98515661430429
16.0824645833334,6.98502640596416
16.0827979166667,6.97851598895795
16.0831312500001,6.96848994676839
16.0834645833334,6.96406286320416
16.0837979166667,6.95963577963994
16.0841312500001,6.96705765502702
16.0844645833334,6.96940140514926
16.0847979166667,6.96783890506777
16.0851312500001,6.9658857799659
16.0854645833334,6.96953161348938
16.0857979166668,6.97291703033261
16.0861312500001,6.97513057211472
16.0864645833334,6.97252640531224
16.0867979166668,6.97473994709435
16.0871312500001,6.98164098912093
16.0874645833334,6.99270869803149
16.0877979166668,6.99869828167721
16.0881312500001,6.98906286450801
16.0884645833334,6.97903682231845
16.0887979166668,6.97760453057708
16.0891312500001,6.98632848936541
16.0894645833334,6.98776078110677
16.0897979166668,6.98515661430429
16.0901312500001,6.98268265584193
16.0904645833334,6.98294307252218
16.0907979166668,6.98723994774628
16.0911312500001,6.98906286450801
16.0914645833334,6.9954430731741
16.0917979166668,6.98906286450801
16.0921312500001,6.98294307252218
16.0924645833334,6.98177119746106
16.0927979166668,6.98515661430429
16.0931312500001,6.98697953106603
16.0934645833334,6.98697953106603
16.0937979166668,6.98424515592342
16.0941312500001,6.98229203082156
16.0944645833334,6.97799515559746
16.0947979166668,6.98125036410056
16.0951312500001,6.98606807268516
16.0954645833334,6.9835941142228
16.0957979166668,6.98216182248143
16.0961312500001,6.9830732808623
16.0964645833334,6.98346390588267
16.0967979166668,6.98958369786851
16.0971312500001,6.98893265616789
16.0974645833334,6.98463578094379
16.0977979166668,6.97981807235919
16.0981312500001,6.97747432223696
16.0984645833334,6.9755211971351
16.0987979166668,6.97083369689062
16.0991312500001,6.97773473891721
16.0994645833334,6.9878909894469
16.0997979166668,6.9954430731741
16.1001312500001,6.98424515592342
16.1004645833334,6.98320348920242
16.1007979166668,6.97513057211472
16.1011312500001,6.97265661365236
16.1014645833334,6.96510452992516
16.1017979166668,6.96888057178876
16.1021312500001,6.97539098879497
16.1024645833334,6.98398473924317
16.1027979166668,6.98528682264441
16.1031312500001,6.98893265616789
16.1034645833334,6.99049515624938
16.1037979166668,6.98658890604566
16.1041312500001,6.97799515559746
16.1044645833334,6.97057328021038
16.1047979166668,6.96627640498627
16.1051312500001,6.96575557162578
16.1054645833334,6.96679723834677
16.1057979166668,6.9750003637746
16.1061312500001,6.9835941142228
16.1064645833334,6.98567744766478
16.1067979166668,6.97747432223696
16.1071312500001,6.97005244684988
16.1074645833334,6.96809932174801
16.1077979166668,6.96783890506777
16.1081312500001,6.96354202984367
16.1084645833334,6.95703161283745
16.1087979166668,6.95416702935472
16.1091312500001,6.9497399457905
16.1094645833334,6.95052119583124
16.1097979166668,6.9535159876541
16.1101312500001,6.95507848773559
16.1104645833334,6.94244827874354
16.1107979166668,6.9363284867577
16.1111312500001,6.93958369526081
16.1114645833334,6.94804723736888
16.1117979166668,6.94453161218553
16.1121312500001,6.93476598667621
16.1124645833335,6.93372431995522
16.1127979166668,6.93463577833609
16.1131312500001,6.93007848643174
16.1134645833335,6.92552119452739
16.1137979166668,6.92356806942553
16.1141312500001,6.92304723606503
16.1144645833335,6.91862015250081
16.1147979166668,6.91341181889584
16.1151312500001,6.91666702739894
16.1154645833335,6.91783890246006
16.1157979166668,6.92460973614652
16.1161312500001,6.9239586944459
16.1164645833335,6.92760452796938
16.1167979166668,6.929297236391
16.1171312500001,6.92851598635025
16.1174645833335,6.93072952813236
16.1177979166668,6.93216181987373
16.1181312500001,6.93372431995522
16.1184645833335,6.92760452796938
16.1187979166668,6.92252640270453
16.1191312500001,6.92864619469037
16.1194645833335,6.9330732782546
16.1197979166668,6.93450556999596
16.1201312500001,6.92734411128913
16.1204645833335,6.92903681971075
16.1207979166668,6.92708369460888
16.1211312500001,6.92617223622801
16.1214645833335,6.91653681905882
16.1217979166668,6.91510452731745
16.1221312500001,6.9115889021341
16.1224645833335,6.90976598537236
16.1227979166668,6.90234410998528
16.1231312500001,6.90598994350876
16.1234645833335,6.91145869379398
16.1237979166668,6.91445348561683
16.1241312500001,6.9110680687736
16.1244645833335,6.91432327727671
16.1247979166668,6.91796911080019
16.1251312500001,6.91471390229708
16.1254645833335,6.90898473533161
16.1257979166668,6.89674515135994
16.1261312500001,6.87981806714379
16.1264645833335,6.86822952487273
16.1267979166668,6.87070348333509
16.1271312500001,6.87565140025981
16.1274645833335,6.8686201498931
16.1277979166668,6.86184931620665
16.1281312500001,6.86145869118627
16.1284645833335,6.85885452438379
16.1287979166668,6.85377639911894
16.1291312500001,6.8476566071331
16.1294645833335,6.84804723215348
16.1297979166668,6.84218785684789
16.1301312500001,6.83411493976018
16.1304645833335,6.8315107729577
16.1307979166668,6.82812535611447
16.1311312500001,6.82955764785584
16.1314645833335,6.82682327271323
16.1317979166668,6.83046910623671
16.1321312500001,6.83229202299845
16.1324645833335,6.83411493976018
16.1327979166668,6.83085973125708
16.1331312500001,6.82981806453609
16.1334645833335,6.81757848056441
16.1337979166668,6.81171910525882
16.1341312500001,6.80390660485136
16.1344645833335,6.80039097966801
16.1347979166668,6.79843785456615
16.1351312500001,6.79791702120565
16.1354645833335,6.80260452145012
16.1357979166668,6.80104202136863
16.1361312500001,6.80286493813037
16.1364645833335,6.79960972962726
16.1367979166668,6.79244827092043
16.1371312500001,6.78059931196913
16.1374645833335,6.76940139471844
16.1377979166668,6.77083368645981
16.1381312500001,6.76953160305857
16.1384645833335,6.77174514484068
16.1387979166668,6.76367222775298
16.1391312500001,6.76315139439248
16.1394645833335,6.75924514418875
16.1397979166668,6.75833368580788
16.1401312500002,6.75716181074677
16.1404645833335,6.75716181074677
16.1407979166668,6.75000035203993
16.1411312500002,6.73463576790528
16.1414645833335,6.72369826733484
16.1417979166668,6.7309899343818
16.1421312500002,6.73684930968739
16.1424645833335,6.72968785098055
16.1427979166668,6.71367222514527
16.1431312500002,6.71132847502304
16.1434645833335,6.72252639227372
16.1437979166668,6.72695347583795
16.1441312500002,6.71796910036937
16.1444645833335,6.7052086830372
16.1447979166668,6.70664097477857
16.1451312500002,6.71171910004341
16.1454645833335,6.71132847502304
16.1457979166668,6.69843784935074
16.1461312500002,6.69101597396366
16.1464645833335,6.69987014109211
16.1467979166668,6.70768264149956
16.1471312500002,6.70559930805757
16.1474645833335,6.69791701599024
16.1477979166668,6.69166701566428
16.1481312500002,6.69166701566428
16.1484645833335,6.68437534861732
16.1487979166668,6.67786493161111
16.1491312500002,6.67890659833211
16.1494645833335,6.67864618165186
16.1497979166668,6.67864618165186
16.1501312500002,6.6713545146049
16.1504645833335,6.67174513962527
16.1507979166668,6.67291701468639
16.1511312500002,6.67057326456415
16.1514645833335,6.66835972278204
16.1517979166668,6.66770868108142
16.1521312500002,6.67578159816912
16.1524645833335,6.67734409825062
16.1527979166668,6.6723961813259
16.1531312500002,6.66458368091844
16.1534645833335,6.66393263921782
16.1537979166668,6.67044305622403
16.1541312500002,6.66432326423819
16.1544645833335,6.64895868010353
16.1547979166668,6.63723992949235
16.1551312500002,6.64348992981832
16.1554645833335,6.65182326358627
16.1557979166668,6.65273472196714
16.1561312500002,6.63971388795471
16.1564645833335,6.62955763742502
16.1567979166668,6.63281284592813
16.1571312500002,6.64192742973683
16.1574645833335,6.64791701338254
16.1577979166668,6.64088576301583
16.1581312500002,6.63294305426825
16.1584645833335,6.62682326228242
16.1587979166668,6.63385451264912
16.1591312500002,6.63763055451273
16.1594645833335,6.63932326293434
16.1597979166668,6.63046909580589
16.1601312500002,6.61848992851446
16.1604645833335,6.61614617839223
16.1607979166668,6.61367221992987
16.1611312500002,6.62213576203794
16.1614645833335,6.61497430333111
16.1617979166668,6.61627638673235
16.1621312500002,6.61692742843297
16.1624645833335,6.62239617871819
16.1627979166668,6.62213576203794
16.1631312500002,6.62330763709906
16.1634645833335,6.62265659539844
16.1637979166668,6.61770867847372
16.1641312500002,6.60807326130453
16.1644645833335,6.60273471935943
16.1647979166668,6.6046878444613
16.1651312500002,6.60703159458353
16.1654645833335,6.60455763612117
16.1657979166669,6.60351596940018
16.1661312500002,6.60455763612117
16.1664645833335,6.60651076122304
16.1667979166668,6.60221388599894
16.1671312500002,6.60351596940018
16.1674645833335,6.60989617806627
16.1677979166669,6.6074222196039
16.1681312500002,6.60013055255695
16.1684645833335,6.59752638575446
16.1687979166669,6.60677117790328
16.1691312500002,6.61145867814776
16.1694645833335,6.60950555304589
16.1697979166669,6.60065138591745
16.1701312500002,6.60156284429831
16.1704645833335,6.59895867749583
16.1707979166669,6.60585971952242
16.1711312500002,6.60338576106005
16.1714645833335,6.59908888583595
16.1717979166669,6.59401076057111
16.1721312500002,6.59244826048962
16.1724645833335,6.59388055223099
16.1727979166669,6.58984409368713
16.1731312500002,6.58737013522477
16.1734645833335,6.59335971887049
16.1737979166669,6.60403680276068
16.1741312500002,6.6046878444613
16.1744645833335,6.60208367765881
16.1747979166669,6.59687534405384
16.1751312500002,6.59739617741434
16.1754645833335,6.59531284397235
16.1757979166669,6.59101596874825
16.1761312500002,6.58737013522477
16.1764645833335,6.59440138559148
16.1767979166669,6.59674513571372
16.1771312500002,6.60156284429831
16.1774645833335,6.59570346899272
16.1777979166669,6.59817742745509
16.1781312500002,6.59882846915571
16.1784645833335,6.59817742745509
16.1787979166669,6.58867221862602
16.1791312500002,6.58619826016366
16.1794645833335,6.58763055190502
16.1797979166669,6.5960940940131
16.1801312500002,6.59348992721061
16.1804645833335,6.59778680243471
16.1807979166669,6.59440138559148
16.1811312500002,6.60273471935943
16.1814645833335,6.60195346931869
16.1817979166669,6.60273471935943
16.1821312500002,6.60052117757732
16.1824645833335,6.6003909692372
16.1827979166669,6.6046878444613
16.1831312500002,6.61106805312738
16.1834645833335,6.61367221992987
16.1837979166669,6.61289096988912
16.1841312500002,6.59635451069335
16.1844645833335,6.59778680243471
16.1847979166669,6.60403680276068
16.1851312500002,6.61497430333111
16.1854645833335,6.60820346964465
16.1857979166669,6.60703159458353
16.1861312500002,6.61080763644713
16.1864645833335,6.61237013652863
16.1867979166669,6.59895867749583
16.1871312500002,6.59296909385012
16.1874645833335,6.59661492737359
16.1877979166669,6.60260451101931
16.1881312500002,6.60559930284217
16.1884645833335,6.60390659442055
16.1887979166669,6.60325555271993
16.1891312500002,6.59856805247546
16.1894645833333,6.59687534405384
16.1897979166667,6.59375034389086
16.19013125,6.59049513538776
16.1904645833333,6.57916700979695
16.1907979166667,6.5821618016198
16.19113125,6.58541701012291
16.1914645833333,6.58906284364639
16.1917979166667,6.58411492672167
16.19213125,6.58593784348341
16.1924645833333,6.59062534372788
16.1927979166667,6.59192742712912
16.19313125,6.59049513538776
16.1934645833333,6.58854201028589
16.1937979166667,6.59023471870751
16.19413125,6.58737013522477
16.1944645833333,6.58593784348341
16.1947979166667,6.5832034683408
16.19513125,6.58593784348341
16.1954645833333,6.59244826048962
16.1957979166667,6.59687534405384
16.19613125,6.58945346866676
16.1964645833333,6.5832034683408
16.1967979166667,6.58528680178279
16.19713125,6.58867221862602
16.1974645833333,6.58763055190502
16.1977979166667,6.58789096858527
16.19813125,6.59114617708838
16.1984645833334,6.59583367733285
16.1987979166667,6.58854201028589
16.19913125,6.59088576040813
16.1994645833334,6.59583367733285
16.1997979166667,6.60078159425757
16.20013125,6.59635451069335
16.2004645833334,6.58632846850378
16.2007979166667,6.58307326000068
16.20113125,6.59205763546925
16.2014645833334,6.59778680243471
16.2017979166667,6.59322951053036
16.20213125,6.5740888845321
16.2024645833334,6.56562534242403
16.2027979166667,6.56250034226105
16.20313125,6.56250034226105
16.2034645833334,6.56028680047894
16.2037979166667,6.56731805084564
16.20413125,6.5746097178926
16.2044645833334,6.57213575943024
16.2047979166667,6.56731805084564
16.20513125,6.56367221732217
16.2054645833334,6.56197950890055
16.2057979166667,6.55351596679247
16.20613125,6.54726596646651
16.2064645833334,6.54973992492887
16.2067979166667,6.55234409173136
16.20713125,6.55377638347272
16.2074645833334,6.5536461751326
16.2077979166667,6.55807325869682
16.20813125,6.55924513375794
16.2084645833334,6.55729200865608
16.2087979166667,6.54804721650726
16.20913125,6.54140659116092
16.2094645833334,6.54153679950105
16.2097979166667,6.54348992460291
16.21013125,6.54270867456216
16.2104645833334,6.53815138265782
16.2107979166667,6.53854200767819
16.21113125,6.53906284103869
16.2114645833334,6.5402347160998
16.2117979166667,6.54492221634428
16.21213125,6.55130242501036
16.2124645833334,6.54921909156838
16.2127979166667,6.54088575780043
16.21313125,6.5326826323726
16.2134645833334,6.53997429941956
16.2137979166667,6.54609409140539
16.21413125,6.54752638314676
16.2144645833334,6.53723992427695
16.2147979166667,6.53828159099794
16.21513125,6.54153679950105
16.2154645833334,6.53958367439918
16.2157979166667,6.5246097152849
16.21613125,6.52252638184291
16.2164645833334,6.52239617350279
16.2167979166667,6.52487013196514
16.21713125,6.52343784022378
16.2174645833334,6.52630242370651
16.2177979166667,6.52825554880838
16.21813125,6.52434929860465
16.2184645833334,6.52200554848241
16.2187979166667,6.52161492346204
16.21913125,6.52213575682254
16.2194645833334,6.52096388176142
16.2197979166667,6.52369825690403
16.22013125,6.52070346508117
16.2204645833334,6.51692742321757
16.2207979166667,6.50911492281011
16.22113125,6.5036461725249
16.2214645833334,6.50559929762676
16.2217979166667,6.50507846426626
16.22213125,6.50729200604837
16.2224645833334,6.50390658920514
16.2227979166667,6.50664096434775
16.22313125,6.50703158936813
16.2234645833334,6.507943047749
16.2237979166667,6.50937533949036
16.22413125,6.50703158936813
16.2244645833334,6.49947950564092
16.2247979166667,6.49036492183222
16.22513125,6.48984408847173
16.2254645833334,6.49713575551869
16.2257979166667,6.50065138070204
16.22613125,6.49960971398105
16.2264645833334,6.49101596353285
16.2267979166667,6.48854200507049
16.2271312500001,6.48984408847173
16.2274645833334,6.49114617187297
16.2277979166667,6.49036492183222
16.2281312500001,6.49296908863471
16.2284645833334,6.49661492215819
16.2287979166667,6.49648471381806
16.2291312500001,6.49648471381806
16.2294645833334,6.49375033867546
16.2297979166667,6.49700554717856
16.2301312500001,6.49192742191372
16.2304645833334,6.49283888029458
16.2307979166667,6.48867221341061
16.2311312500001,6.49557325543719
16.2314645833334,6.50117221406254
16.2317979166667,6.49908888062055
16.2321312500001,6.48372429648589
16.2324645833334,6.47161492085434
16.2327979166667,6.47122429583396
16.2331312500001,6.47695346279943
16.2334645833334,6.47903679624142
16.2337979166667,6.47578158773831
16.2341312500001,6.47226596255496
16.2344645833334,6.47421908765682
16.2347979166667,6.48007846296241
16.2351312500001,6.47630242109881
16.2354645833334,6.46835971235123
16.2357979166667,6.46614617056912
16.2361312500001,6.47526075437781
16.2364645833334,6.47695346279943
16.2367979166667,6.46992221243272
16.2371312500001,6.46354200376663
16.2374645833334,6.46731804563024
16.2377979166667,6.46901075405185
16.2381312500001,6.46783887899073
16.2384645833334,6.47148471251421
16.2387979166667,6.47617221275868
16.2391312500001,6.47799512952042
16.2394645833334,6.4783857545408
16.2397979166667,6.48242221308465
16.2401312500001,6.48346387980564
16.2404645833334,6.47513054603769
16.2407979166667,6.46692742060986
16.2411312500001,6.47044304579322
16.2414645833334,6.47395867097657
16.2417979166667,6.46614617056912
16.2421312500001,6.45468783663819
16.2424645833334,6.45468783663819
16.2427979166667,6.46223992036539
16.2431312500001,6.46888054571173
16.2434645833334,6.47057325413334
16.2437979166667,6.47226596255496
16.2441312500001,6.47018262911297
16.2444645833334,6.47187533753459
16.2447979166667,6.47070346247347
16.2451312500001,6.4697920040926
16.2454645833334,6.45950554522278
16.2457979166667,6.45000033639371
16.2461312500001,6.44596387784986
16.2464645833334,6.45234408651595
16.2467979166667,6.45911492020241
16.2471312500001,6.45520866999868
16.2474645833334,6.44843783631222
16.2477979166667,6.45182325315545
16.2481312500001,6.46210971202527
16.2484645833334,6.46302117040614
16.2487979166667,6.45677117008017
16.2491312500001,6.45598992003943
16.2494645833334,6.46354200376663
16.2497979166667,6.46914096239198
16.2501312500001,6.46145867032465
16.2504645833334,6.45273471153632
16.2507979166667,6.45442741995794
16.2511312500001,6.45898471186229
16.2514645833334,6.45859408684191
16.2517979166667,6.45286491987645
16.2521312500001,6.45390658659744
16.2524645833334,6.46510450384813
16.2527979166668,6.46640658724937
16.2531312500001,6.46640658724937
16.2534645833334,6.46197950368514
16.2537979166668,6.46367221210676
16.2541312500001,6.46966179575247
16.2544645833334,6.47278679591545
16.2547979166668,6.47109408749384
16.2551312500001,6.46289096206601
16.2554645833334,6.45026075307396
16.2557979166668,6.45234408651595
16.2561312500001,6.45989617024316
16.2564645833334,6.46393262878701
16.2567979166668,6.45442741995794
16.2571312500001,6.44700554457086
16.2574645833334,6.45325554489682
16.2577979166668,6.4654951288685
16.2581312500001,6.46848992069136
16.2584645833334,6.46458367048763
16.2587979166668,6.46367221210676
16.2591312500001,6.4601565869234
16.2594645833334,6.46510450384813
16.2597979166668,6.47057325413334
16.2601312500001,6.47825554620067
16.2604645833334,6.47044304579322
16.2607979166668,6.46132846198452
16.2611312500001,6.45924512854254
16.2614645833334,6.46315137874626
16.2617979166668,6.46341179542651
16.2621312500001,6.4606774202839
16.2624645833334,6.46223992036539
16.2627979166668,6.46588575388887
16.2631312500001,6.47031283745309
16.2634645833334,6.46692742060986
16.2637979166668,6.46002637858328
16.2641312500001,6.45885450352216
16.2644645833334,6.46210971202527
16.2647979166668,6.46484408716788
16.2651312500001,6.46197950368514
16.2654645833334,6.46171908700489
16.2657979166668,6.46302117040614
16.2661312500001,6.46328158708639
16.2664645833334,6.46106804530427
16.2667979166668,6.4692711707321
16.2671312500001,6.4740888793167
16.2674645833334,6.47447950433707
16.2677979166668,6.46354200376663
16.2681312500001,6.46093783696415
16.2684645833334,6.46679721226974
16.2687979166668,6.47604200441856
16.2691312500001,6.47031283745309
16.2694645833334,6.46393262878701
16.2697979166668,6.46250033704564
16.2701312500001,6.4697920040926
16.2704645833334,6.47135450417409
16.2707979166668,6.47265658757533
16.2711312500001,6.4735680459562
16.2714645833334,6.47083367081359
16.2717979166668,6.46562533720862
16.2721312500001,6.46901075405185
16.2724645833334,6.48333367146552
16.2727979166668,6.48710971332912
16.2731312500001,6.4783857545408
16.2734645833334,6.46888054571173
16.2737979166668,6.47083367081359
16.2741312500001,6.47747429615993
16.2744645833334,6.4735680459562
16.2747979166668,6.46458367048763
16.2751312500001,6.4654951288685
16.2754645833334,6.47500033769757
16.2757979166668,6.48151075470378
16.2761312500001,6.47473992101732
16.2764645833334,6.46783887899073
16.2767979166668,6.47682325445931
16.2771312500001,6.49101596353285
16.2774645833334,6.50130242240266
16.2777979166668,6.49479200539645
16.2781312500001,6.48294304644514
16.2784645833334,6.47968783794204
16.2787979166668,6.48450554652663
16.2791312500001,6.48697950498899
16.2794645833334,6.48281283810502
16.2797979166668,6.48307325478527
16.2801312500001,6.49101596353285
16.2804645833335,6.49622429713781
16.2807979166668,6.485937838268
16.2811312500001,6.47135450417409
16.2814645833335,6.46796908733086
16.2817979166668,6.47968783794204
16.2821312500001,6.49140658855322
16.2824645833335,6.49440138037608
16.2827979166668,6.49388054701558
16.2831312500001,6.4945315887162
16.2834645833335,6.49804721389955
16.2837979166668,6.49557325543719
16.2841312500001,6.49427117203595
16.2844645833335,6.4988284639403
16.2847979166668,6.50455763090577
16.2851312500001,6.51041700621136
16.2854645833335,6.5026045058039
16.2857979166668,6.50481804758601
16.2861312500001,6.50299513082428
16.2864645833335,6.50052117236192
16.2867979166668,6.49778679721931
16.2871312500001,6.50221388078353
16.2874645833335,6.507943047749
16.2877979166668,6.50807325608912
16.2881312500001,6.50208367244341
16.2884645833335,6.49713575551869
16.2887979166668,6.49518263041682
16.2891312500001,6.4950524220767
16.2894645833335,6.49960971398105
16.2897979166668,6.49804721389955
16.2901312500001,6.50377638086502
16.2904645833335,6.5122399229731
16.2907979166668,6.51783888159844
16.2911312500001,6.51458367309533
16.2914645833335,6.50234408912365
16.2917979166668,6.49427117203595
16.2921312500001,6.50351596418477
16.2924645833335,6.51796908993856
16.2927979166668,6.52630242370651
16.2931312500001,6.51445346475521
16.2934645833335,6.50807325608912
16.2937979166668,6.51341179803421
16.2941312500001,6.52278679852316
16.2944645833335,6.52903679884912
16.2947979166668,6.52682325706701
16.2951312500001,6.52682325706701
16.2954645833335,6.52903679884912
16.2957979166668,6.53333367407322
16.2961312500001,6.53567742419546
16.2964645833335,6.52669304872688
16.2967979166668,6.52630242370651
16.2971312500001,6.53112013229111
16.2974645833335,6.54296909124241
16.2977979166668,6.54414096630353
16.2981312500001,6.53372429909359
16.2984645833335,6.52630242370651
16.2987979166668,6.5283857571485
16.2991312500001,6.53984409107943
16.2994645833335,6.54492221634428
16.2997979166668,6.54166700784117
16.3001312500001,6.54088575780043
16.3004645833335,6.54101596614055
16.3007979166668,6.53776075763744
16.3011312500001,6.53359409075347
16.3014645833335,6.53684929925657
16.3017979166668,6.54531284136465
16.3021312500001,6.54973992492887
16.3024645833335,6.54674513310602
16.3027979166668,6.54596388306527
16.3031312500001,6.55117221667024
16.3034645833335,6.55755242533633
16.3037979166668,6.55690138363571
16.3041312500001,6.54309929958254
16.3044645833335,6.53450554913434
16.3047979166668,6.53828159099794
16.3051312500001,6.54635450808564
16.3054645833335,6.54596388306527
16.3057979166668,6.54205763286154
16.3061312500001,6.54309929958254
16.3064645833335,6.54921909156838
16.3067979166668,6.54674513310602
16.3071312500002,6.54192742452142
16.3074645833335,6.53893263269856
16.3077979166668,6.54583367472515
16.3081312500001,6.54895867488813
16.3084645833335,6.54830763318751
16.3087979166668,6.54309929958254
16.3091312500002,6.54739617480664
16.3094645833335,6.55052117496962
16.3097979166668,6.5531253417721
16.3101312500002,6.55000034160912
16.3104645833335,6.54726596646651
16.3107979166668,6.54947950824862
16.3111312500002,6.54752638314676
16.3114645833335,6.54817742484738
16.3117979166668,6.54830763318751
16.3121312500002,6.55013054994924
16.3124645833335,6.55937534209807
16.3127979166668,6.55768263367645
16.3131312500002,6.55442742517335
16.3134645833335,6.54270867456216
16.3137979166668,6.54388054962328
16.3141312500002,6.55559930023446
16.3144645833335,6.56237013392092
16.3147979166668,6.56458367570303
16.3151312500002,6.55963575877831
16.3154645833335,6.56406284234254
16.3157979166668,6.56705763416539
16.3161312500002,6.56354200898204
16.3164645833335,6.5617190922203
16.3167979166668,6.5617190922203
16.3171312500002,6.56458367570303
16.3174645833335,6.5611982588598
16.3177979166668,6.56067742549931
16.3181312500002,6.5665368008049
16.3184645833335,6.56770867586602
16.3187979166668,6.56041700881906
16.3191312500002,6.55664096695546
16.3194645833335,6.55638055027521
16.3197979166668,6.55885450873757
16.3201312500002,6.55260450841161
16.3204645833335,6.54830763318751
16.3207979166668,6.55572950857459
16.3211312500002,6.56679721748515
16.3214645833335,6.57122430104937
16.3217979166668,6.56197950890055
16.3221312500002,6.5531253417721
16.3224645833335,6.56354200898204
16.3227979166668,6.57526075959322
16.3231312500002,6.57903680145682
16.3234645833335,6.56588575910428
16.3237979166668,6.55859409205732
16.3241312500002,6.56341180064192
16.3244645833335,6.57109409270925
16.3247979166668,6.57018263432838
16.3251312500002,6.56002638379869
16.3254645833335,6.55872430039744
16.3257979166668,6.56744825918577
16.3261312500002,6.57695346801484
16.3264645833335,6.58203159327968
16.3267979166668,6.57994825983769
16.3271312500002,6.57604200963397
16.3274645833335,6.56731805084564
16.3277979166668,6.56796909254626
16.3281312500002,6.57421909287223
16.3284645833335,6.5821618016198
16.3287979166668,6.57122430104937
16.3291312500002,6.56393263400241
16.3294645833335,6.56835971756664
16.3297979166668,6.5832034683408
16.3301312500002,6.58020867651794
16.3304645833335,6.56796909254626
16.3307979166668,6.56484409238328
16.3311312500002,6.57265659279074
16.3314645833335,6.58177117659943
16.3317979166668,6.5789065931167
16.3321312500002,6.57265659279074
16.3324645833335,6.56783888420614
16.3327979166668,6.56809930088639
16.3331312500002,6.58085971821856
16.3334645833335,6.58333367668092
16.3337979166668,6.58020867651794
16.3341312500002,6.57135450938949
16.3344645833335,6.57109409270925
16.3347979166668,6.57161492606974
16.3351312500002,6.56992221764813
16.3354645833335,6.57148471772962
16.3357979166669,6.570833676029
16.3361312500002,6.57395867619198
16.3364645833335,6.56783888420614
16.3367979166669,6.57330763449136
16.3371312500002,6.57552117627347
16.3374645833335,6.57578159295372
16.3377979166669,6.57356805117161
16.3381312500002,6.57500034291297
16.3384645833335,6.57656284299446
16.3387979166669,6.57304721781111
16.3391312500002,6.56562534242403
16.3394645833335,6.57070346768887
16.3397979166669,6.57695346801484
16.3401312500002,6.58411492672167
16.3404645833335,6.58229200995993
16.3407979166669,6.58294305166055
16.3411312500002,6.58684930186428
16.3414645833335,6.58658888518403
16.3417979166669,6.58294305166055
16.3421312500002,6.58177117659943
16.3424645833335,6.58684930186428
16.3427979166669,6.60208367765881
16.3431312500002,6.60286492769956
16.3434645833335,6.59869826081558
16.3437979166669,6.5869795102044
16.3441312500002,6.58541701012291
16.3444645833335,6.58932326032664
16.3447979166669,6.59062534372788
16.3451312500002,6.58997430202726
16.3454645833335,6.59036492704763
16.3457979166669,6.58932326032664
16.3461312500002,6.59583367733285
16.3464645833335,6.59895867749583
16.3467979166669,6.59973992753658
16.3471312500002,6.59726596907422
16.3474645833335,6.58893263530627
16.3477979166669,6.59114617708838
16.3481312500002,6.59114617708838
16.3484645833335,6.59479201061186
16.3487979166669,6.60000034421682
16.3491312500002,6.60208367765881
16.3494645833335,6.60156284429831
16.3497979166669,6.59804721911496
16.3501312500002,6.59166701044887
16.3504645833335,6.59583367733285
16.3507979166669,6.59466180227173
16.3511312500002,6.59778680243471
16.3514645833335,6.59791701077484
16.3517979166669,6.59752638575446
16.3521312500002,6.60455763612117
16.3524645833335,6.60755242794403
16.3527979166669,6.61080763644713
16.3531312500002,6.6170576367731
16.3534645833335,6.62382847045956
16.3537979166669,6.6256513872213
16.3541312500002,6.61744826179347
16.3544645833335,6.61132846980763
16.3547979166669,6.61210971984838
16.3551312500002,6.61263055320887
16.3554645833335,6.61302117822925
16.3557979166669,6.61783888681384
16.3561312500002,6.62330763709906
16.3564645833335,6.62929722074478
16.3567979166669,6.62330763709906
16.3571312500002,6.62434930382005
16.3574645833335,6.62018263693608
16.3577979166669,6.62096388697683
16.3581312500002,6.61432326163049
16.3584645833335,6.61666701175272
16.3587979166669,6.62330763709906
16.3591312500002,6.6342451376695
16.3594645833335,6.64075555467571
16.3597979166669,6.6455732632603
16.36013125,6.64726597168192
16.3604645833333,6.6460940966208
16.3607979166667,6.64869826342329
16.36113125,6.64388055483869
16.3614645833333,6.64296909645782
16.3617979166667,6.64218784641707
16.36213125,6.64713576334179
16.3624645833333,6.65299513864738
16.3627979166667,6.65442743038875
16.36313125,6.654687847069
16.3634645833333,6.64700555500167
16.3637979166667,6.64713576334179
16.36413125,6.654687847069
16.3644645833333,6.65833368059248
16.3647979166667,6.65716180553136
16.36513125,6.65312534698751
16.3654645833333,6.66093784739496
16.3657979166667,6.67200555630552
16.36613125,6.67851597331173
16.3664645833333,6.68606805703894
16.3667979166667,6.68216180683521
16.36713125,6.67812534829136
16.3674645833333,6.66471388925856
16.3677979166667,6.66393263921782
16.36813125,6.66484409759869
16.3684645833333,6.66588576431968
16.3687979166667,6.65937534731347
16.36913125,6.66041701403447
16.3694645833333,6.67005243120366
16.3697979166667,6.67656284820987
16.37013125,6.6751305564685
16.3704645833333,6.67317743136664
16.3707979166667,6.67447951476788
16.37113125,6.67304722302652
16.3714645833334,6.66406284755794
16.3717979166667,6.6589847222931
16.37213125,6.6622399307962
16.3724645833334,6.67226597298577
16.3727979166667,6.67838576497161
16.37313125,6.67682326489012
16.3734645833334,6.67252638966602
16.3737979166667,6.67044305622403
16.37413125,6.67955764003273
16.3744645833334,6.68671909873956
16.3747979166667,6.68463576529757
16.37513125,6.67200555630552
16.3754645833334,6.66549513929931
16.3757979166667,6.67096388958453
16.37613125,6.67864618165186
16.3764645833334,6.68450555695745
16.3767979166667,6.68567743201857
16.37713125,6.68138055679447
16.3774645833334,6.68059930675372
16.3777979166667,6.68229201517534
16.37813125,6.69192743234453
16.3784645833334,6.7003909744526
16.3787979166667,6.70234409955447
16.37913125,6.69466180748714
16.3794645833334,6.6875003487803
16.3797979166667,6.68841180716118
16.38013125,6.69635451590875
16.3804645833334,6.69453159914701
16.3807979166667,6.69375034910627
16.38113125,6.69739618262975
16.3814645833334,6.70299514125509
16.3817979166667,6.70286493291496
16.38213125,6.69544305752788
16.3824645833334,6.6971357659495
16.3827979166667,6.70325555793534
16.38313125,6.70585972473782
16.3834645833334,6.70924514158105
16.3837979166667,6.70846389154031
16.38413125,6.71093785000267
16.3844645833334,6.70885451656068
16.3847979166667,6.70911493324093
16.38513125,6.71731805866875
16.3854645833334,6.71901076709037
16.3857979166667,6.71510451688664
16.38613125,6.71562535024714
16.3864645833334,6.7256513924367
16.3867979166667,6.73229201778304
16.38713125,6.72578160077683
16.3874645833334,6.71888055875024
16.3877979166667,6.71862014207
16.38813125,6.72070347551198
16.3884645833334,6.71263055842428
16.3887979166667,6.71145868336316
16.38913125,6.71510451688664
16.3894645833334,6.72591180911695
16.3897979166667,6.72864618425956
16.39013125,6.72773472587869
16.3904645833334,6.72864618425956
16.3907979166667,6.73229201778304
16.39113125,6.73190139276267
16.3914645833334,6.72656285081757
16.3917979166667,6.72278680895397
16.39213125,6.72864618425956
16.3924645833334,6.73151076774229
16.3927979166667,6.73151076774229
16.39313125,6.72513055907621
16.3934645833334,6.72643264247745
16.3937979166667,6.72252639227372
16.39413125,6.717578475349
16.3944645833334,6.71835972538975
16.3947979166667,6.72096389219223
16.39513125,6.72643264247745
16.3954645833334,6.72083368385211
16.3957979166667,6.71966180879099
16.39613125,6.73007847600093
16.3964645833334,6.73932326814975
16.3967979166667,6.74609410183621
16.39713125,6.7471357685572
16.3974645833334,6.75273472718254
16.3977979166667,6.75130243544118
16.3981312500001,6.74075555989111
16.3984645833334,6.73619826798677
16.3987979166667,6.73971389317012
16.3991312500001,6.74427118507447
16.3994645833334,6.74375035171397
16.3997979166667,6.73880243478925
16.4001312500001,6.73697951802751
16.4004645833334,6.74466181009484
16.4007979166667,6.74934931033931
16.4011312500001,6.75026076872018
16.4014645833334,6.74817743527819
16.4017979166667,6.74739618523745
16.4021312500001,6.74778681025782
16.4024645833334,6.7514326437813
16.4027979166667,6.76393264443323
16.4031312500001,6.76888056135795
16.4034645833334,6.75416701892391
16.4037979166667,6.74101597657136
16.4041312500001,6.73880243478925
16.4044645833334,6.74453160175472
16.4047979166667,6.7428388933331
16.4051312500001,6.73919305980962
16.4054645833334,6.74309931001335
16.4057979166667,6.7471357685572
16.4061312500001,6.75013056038006
16.4064645833334,6.75416701892391
16.4067979166667,6.75638056070602
16.4071312500001,6.75429722726403
16.4074645833334,6.74804722693807
16.4077979166667,6.74244826831273
16.4081312500001,6.7433597266936
16.4084645833334,6.73333368450403
16.4087979166667,6.73320347616391
16.4091312500001,6.73450555956515
16.4094645833334,6.738542018109
16.4097979166667,6.73710972636764
16.4101312500001,6.74075555989111
16.4104645833334,6.74492222677509
16.4107979166667,6.75039097706031
16.4111312500001,6.74101597657136
16.4114645833334,6.74140660159174
16.4117979166667,6.74218785163248
16.4121312500001,6.75364618556341
16.4124645833334,6.7552086856449
16.4127979166667,6.74830764361832
16.4131312500001,6.74544306013559
16.4134645833334,6.74453160175472
16.4137979166667,6.7476566019177
16.4141312500001,6.74348993503372
16.4144645833334,6.74622431017633
16.4147979166667,6.75182326880167
16.4151312500001,6.75260451884242
16.4154645833334,6.74739618523745
16.4157979166667,6.74440139341459
16.4161312500001,6.75078160208068
16.4164645833334,6.75052118540043
16.4167979166667,6.74791701859795
16.4171312500001,6.74309931001335
16.4174645833334,6.74622431017633
16.4177979166667,6.74674514353683
16.4181312500001,6.74518264345534
16.4184645833334,6.73763055972813
16.4187979166667,6.73750035138801
16.4191312500001,6.74609410183621
16.4194645833334,6.75612014402577
16.4197979166667,6.75481806062453
16.4201312500001,6.75000035203993
16.4204645833334,6.74908889365906
16.4207979166667,6.75156285212143
16.4211312500001,6.75065139374055
16.4214645833334,6.74674514353683
16.4217979166667,6.74856806029857
16.4221312500001,6.74908889365906
16.4224645833334,6.75078160208068
16.4227979166667,6.75104201876093
16.4231312500001,6.7476566019177
16.4234645833334,6.74427118507447
16.4237979166667,6.74309931001335
16.4241312500001,6.74635451851646
16.4244645833334,6.75533889398503
16.4247979166668,6.7557295190054
16.4251312500001,6.75833368580788
16.4254645833334,6.7557295190054
16.4257979166668,6.7509118104208
16.4261312500001,6.73802118474851
16.4264645833334,6.72773472587869
16.4267979166668,6.72799514255894
16.4271312500001,6.73307326782378
16.4274645833334,6.73919305980962
16.4277979166668,6.74531285179546
16.4281312500001,6.74830764361832
16.4284645833334,6.75234410216217
16.4287979166668,6.74791701859795
16.4291312500001,6.74843785195844
16.4294645833334,6.75039097706031
16.4297979166668,6.75013056038006
16.4301312500001,6.74401076839422
16.4304645833334,6.73932326814975
16.4307979166668,6.74817743527819
16.4311312500001,6.75481806062453
16.4314645833334,6.75104201876093
16.4317979166668,6.74531285179546
16.4321312500001,6.74453160175472
16.4324645833334,6.74817743527819
16.4327979166668,6.74505243511521
16.4331312500001,6.74348993503372
16.4334645833334,6.74453160175472
16.4337979166668,6.74674514353683
16.4341312500001,6.74752639357757
16.4344645833334,6.74791701859795
16.4347979166668,6.75364618556341
16.4351312500001,6.75377639390354
16.4354645833334,6.75325556054304
16.4357979166668,6.74843785195844
16.4361312500001,6.7476566019177
16.4364645833334,6.75455764394428
16.4367979166668,6.75846389414801
16.4371312500001,6.75989618588937
16.4374645833334,6.76054722759
16.4377979166668,6.76536493617459
16.4381312500001,6.76822951965733
16.4384645833334,6.76901076969807
16.4387979166668,6.77109410314006
16.4391312500001,6.77343785326229
16.4394645833334,6.76822951965733
16.4397979166668,6.76341181107273
16.4401312500001,6.7686201446777
16.4404645833334,6.77083368645981
16.4407979166668,6.76966181139869
16.4411312500001,6.76588576953509
16.4414645833334,6.76822951965733
16.4417979166668,6.76588576953509
16.4421312500001,6.76328160273261
16.4424645833334,6.75846389414801
16.4427979166668,6.75742222742702
16.4431312500001,6.75716181074677
16.4434645833334,6.75937535252888
16.4437979166668,6.76614618621534
16.4441312500001,6.76536493617459
16.4444645833334,6.76367222775298
16.4447979166668,6.76770868629683
16.4451312500001,6.77552118670428
16.4454645833334,6.77890660354751
16.4457979166668,6.77200556152093
16.4461312500001,6.77122431148018
16.4464645833334,6.77760452014627
16.4467979166668,6.77604202006478
16.4471312500001,6.77304722824192
16.4474645833334,6.77343785326229
16.4477979166668,6.78190139537037
16.4481312500001,6.78723993731546
16.4484645833334,6.78138056200987
16.4487979166668,6.77864618686726
16.4491312500001,6.78072952030925
16.4494645833334,6.78489618719323
16.4497979166668,6.78372431213211
16.4501312500001,6.77799514516664
16.4504645833334,6.77734410346602
16.4507979166668,6.77864618686726
16.4511312500001,6.78125035366975
16.4514645833334,6.78112014532962
16.4517979166668,6.78151077035
16.4521312500001,6.78072952030925
16.4524645833334,6.77526077002403
16.4527979166668,6.77317743658205
16.4531312500001,6.77265660322155
16.4534645833335,6.78151077035
16.4537979166668,6.78763056233584
16.4541312500001,6.79114618751919
16.4544645833335,6.78242222873087
16.4547979166668,6.78554722889385
16.4551312500001,6.78789097901608
16.4554645833335,6.79023472913832
16.4557979166668,6.78359410379199
16.4561312500001,6.78515660387347
16.4564645833335,6.7890628540772
16.4567979166668,6.79257847926056
16.4571312500001,6.78828160403646
16.4574645833335,6.79088577083894
16.4577979166668,6.79179722921981
16.4581312500001,6.79635452112416
16.4584645833335,6.80013056298776
16.4587979166668,6.80130243804888
16.4591312500001,6.80026077132789
16.4594645833335,6.79583368776366
16.4597979166668,6.7901045207982
16.4601312500001,6.7852868122136
16.4604645833335,6.7809899369895
16.4607979166668,6.78463577051298
16.4611312500001,6.7933597293013
16.4614645833335,6.80078160468838
16.4617979166668,6.80117222970876
16.4621312500001,6.79661493780441
16.4624645833335,6.79466181270254
16.4627979166668,6.79283889594081
16.4631312500001,6.78919306241733
16.4634645833335,6.7852868122136
16.4637979166668,6.78489618719323
16.4641312500001,6.79218785424018
16.4644645833335,6.79596389610379
16.4647979166668,6.80117222970876
16.4651312500001,6.79921910460689
16.4654645833335,6.79700556282478
16.4657979166668,6.79882847958652
16.4661312500001,6.79752639618528
16.4664645833335,6.79505243772292
16.4667979166668,6.78815139569633
16.4671312500001,6.78281285375124
16.4674645833335,6.79062535415869
16.4677979166668,6.79882847958652
16.4681312500001,6.80338577149087
16.4684645833335,6.79804722954577
16.4687979166668,6.78893264573708
16.4691312500001,6.79895868792664
16.4694645833335,6.80598993829335
16.4697979166668,6.80533889659273
16.4701312500001,6.79179722921981
16.4704645833335,6.78515660387347
16.4707979166668,6.78789097901608
16.4711312500001,6.79283889594081
16.4714645833335,6.79531285440317
16.4717979166668,6.79778681286553
16.4721312500001,6.7981774378859
16.4724645833335,6.79752639618528
16.4727979166668,6.80546910493285
16.4731312500001,6.80768264671497
16.4734645833335,6.81341181368043
16.4737979166668,6.81640660550329
16.4741312500001,6.81354202202056
16.4744645833335,6.80755243837484
16.4747979166668,6.79830764622602
16.4751312500001,6.79973993796739
16.4754645833335,6.80755243837484
16.4757979166668,6.80664097999397
16.4761312500001,6.80846389675571
16.4764645833335,6.80221389642975
16.4767979166668,6.80247431311
16.4771312500001,6.79804722954577
16.4774645833335,6.79726597950503
16.4777979166668,6.8019534797495
16.4781312500001,6.81184931359894
16.4784645833335,6.81354202202056
16.4787979166668,6.81250035529956
16.4791312500001,6.81145868857857
16.4794645833335,6.81614618882304
16.4797979166668,6.81302118866006
16.4801312500002,6.79687535448466
16.4804645833335,6.78658889561484
16.4807979166668,6.79075556249882
16.4811312500002,6.80481806323223
16.4814645833335,6.81197952193907
16.4817979166668,6.8067711883341
16.4821312500002,6.80260452145012
16.4824645833335,6.80429722987174
16.4827979166668,6.80963577181683
16.4831312500002,6.80768264671497
16.4834645833335,6.80312535481062
16.4837979166668,6.79557327108341
16.4841312500002,6.80104202136863
16.4844645833335,6.80494827157236
16.4847979166668,6.81184931359894
16.4851312500002,6.80820348007546
16.4854645833335,6.80559931327298
16.4857979166668,6.80924514679646
16.4861312500002,6.81809931392491
16.4864645833335,6.82057327238727
16.4867979166668,6.81210973027919
16.4871312500002,6.81041702185758
16.4874645833335,6.81119827189832
16.4877979166668,6.81315139700018
16.4881312500002,6.8067711883341
16.4884645833335,6.7986982712464
16.4887979166668,6.79973993796739
16.4891312500002,6.80234410476987
16.4894645833335,6.8100263968372
16.4897979166668,6.80846389675571
16.4901312500002,6.80638056331372
16.4904645833335,6.80598993829335
16.4907979166668,6.80794306339521
16.4911312500002,6.81341181368043
16.4914645833335,6.81302118866006
16.4917979166668,6.81354202202056
16.4921312500002,6.81223993861931
16.4924645833335,6.81028681351745
16.4927979166668,6.81315139700018
16.4931312500002,6.81588577214279
16.4934645833335,6.81835973060515
16.4937979166668,6.81549514712242
16.4941312500002,6.80924514679646
16.4944645833335,6.80690139667422
16.4947979166668,6.80729202169459
16.4951312500002,6.80377639651124
16.4954645833335,6.81184931359894
16.4957979166668,6.81171910525882
16.4961312500002,6.8186201472854
16.4964645833335,6.8148441054218
16.4967979166668,6.81549514712242
16.4971312500002,6.81315139700018
16.4974645833335,6.80963577181683
16.4977979166668,6.80898473011621
16.4981312500002,6.81354202202056
16.4984645833335,6.81302118866006
16.4987979166668,6.81210973027919
16.4991312500002,6.80768264671497
16.4994645833335,6.81419306372118
16.4997979166668,6.82005243902677
16.5001312500002,6.8191409806459
16.5004645833335,6.80976598015695
16.5007979166668,6.80846389675571
16.5011312500002,6.81223993861931
16.5014645833335,6.82148473076814
16.5017979166668,6.81041702185758
16.5021312500002,6.80703160501435
16.5024645833335,6.80690139667422
16.5027979166668,6.81393264704093
16.5031312500002,6.8057295216131
16.5034645833335,6.79882847958652
16.5037979166668,6.80520868825261
16.5041312500002,6.81848993894528
16.5044645833335,6.81927118898602
16.5047979166668,6.80664097999397
16.5051312500002,6.80000035464764
16.5054645833335,6.80169306306925
16.5057979166668,6.80755243837484
16.5061312500002,6.80846389675571
16.5064645833335,6.80846389675571
16.5067979166668,6.80742223003472
16.5071312500002,6.81341181368043
16.5074645833335,6.81666702218354
16.5077979166669,6.81692743886379
16.5081312500002,6.8067711883341
16.5084645833335,6.80039097966801
16.5087979166669,6.80026077132789
16.5091312500002,6.80403681319149
16.5094645833335,6.80065139634826
16.5097979166669,6.79947952128714
16.5101312500002,6.79596389610379
16.5104645833335,6.80130243804888
16.5107979166669,6.80208368808962
16.5111312500002,6.80286493813037
16.5114645833335,6.7976566045254
16.5117979166669,6.79062535415869
16.5121312500002,6.79257847926056
16.5124645833335,6.8019534797495
16.5127979166669,6.81406285538105
16.5131312500002,6.81979202234652
16.5134645833335,6.8191409806459
16.5137979166669,6.81497431376192
16.5141312500002,6.8062503549736
16.5144645833335,6.80494827157236
16.5147979166669,6.80911493845633
16.5151312500002,6.81640660550329
16.5154645833335,6.81080764687795
16.5157979166669,6.79947952128714
16.5161312500002,6.80000035464764
16.5164645833335,6.80273472979025
16.5167979166669,6.80664097999397
16.5171312500002,6.79531285440317
16.5174645833335,6.79257847926056
16.5177979166669,6.79244827092043
16.5181312500002,6.80520868825261
16.5184645833335,6.80820348007546
16.5187979166669,6.81080764687795
16.5191312500002,6.80065139634826
16.5194645833335,6.80234410476987
16.5197979166669,6.80533889659273
16.5201312500002,6.80299514647049
16.5204645833335,6.79140660419944
16.5207979166669,6.78671910395497
16.5211312500002,6.7981774378859
16.5214645833335,6.80729202169459
16.5217979166669,6.80911493845633
16.5221312500002,6.8062503549736
16.5224645833335,6.79908889626677
16.5227979166669,6.79166702087969
16.5231312500002,6.79088577083894
16.5234645833335,6.79322952096118
16.5237979166669,6.79244827092043
16.5241312500002,6.78281285375124
16.5244645833335,6.78203160371049
16.5247979166669,6.78932327075745
16.5251312500002,6.7933597293013
16.5254645833335,6.79192743755994
16.5257979166669,6.7895836874377
16.5261312500002,6.79466181270254
16.5264645833335,6.80065139634826
16.5267979166669,6.80117222970876
16.5271312500002,6.79401077100192
16.5274645833335,6.79453160436242
16.5277979166669,6.80312535481062
16.5281312500002,6.80651077165385
16.5284645833335,6.80286493813037
16.5287979166669,6.78997431245807
16.5291312500002,6.78880243739695
16.5294645833335,6.78710972897534
16.5297979166669,6.78645868727472
16.5301312500002,6.78502639553335
16.5304645833335,6.78320347877161
16.5307979166667,6.78815139569633
16.53113125,6.79804722954577
16.5314645833333,6.80612014663348
16.5317979166667,6.8057295216131
16.53213125,6.79544306274329
16.5324645833333,6.79166702087969
16.5327979166667,6.79596389610379
16.53313125,6.79830764622602
16.5334645833333,6.79427118768217
16.5337979166667,6.78411493715248
16.53413125,6.78645868727472
16.5344645833333,6.79557327108341
16.5347979166667,6.79726597950503
16.53513125,6.79049514581857
16.5354645833333,6.78125035366975
16.5357979166667,6.78776077067596
16.53613125,6.79570347942354
16.5364645833333,6.7981774378859
16.5367979166667,6.7895836874377
16.53713125,6.78737014565559
16.5374645833333,6.79205764590006
16.5377979166667,6.80091181302851
16.53813125,6.80429722987174
16.5384645833333,6.80742223003472
16.5387979166667,6.80585972995323
16.53913125,6.80403681319149
16.5394645833333,6.80325556315074
16.5397979166667,6.80208368808962
16.54013125,6.80312535481062
16.5404645833333,6.79973993796739
16.5407979166667,6.79752639618528
16.54113125,6.80208368808962
16.5414645833333,6.80156285472913
16.5417979166667,6.80546910493285
16.54213125,6.7971357711649
16.5424645833333,6.79739618784515
16.5427979166667,6.80117222970876
16.54313125,6.81523473044217
16.5434645833334,6.81835973060515
16.5437979166667,6.81757848056441
16.54413125,6.80442743821186
16.5444645833334,6.80260452145012
16.5447979166667,6.80026077132789
16.54513125,6.80325556315074
16.5454645833334,6.80612014663348
16.5457979166667,6.81184931359894
16.54613125,6.80455764655199
16.5464645833334,6.80299514647049
16.5467979166667,6.79843785456615
16.54713125,6.80585972995323
16.5474645833334,6.8062503549736
16.5477979166667,6.80507847991248
16.54813125,6.80351597983099
16.5484645833334,6.80781285505509
16.5487979166667,6.8067711883341
16.54913125,6.8019534797495
16.5494645833334,6.79700556282478
16.5497979166667,6.8067711883341
16.55013125,6.81992223068664
16.5504645833334,6.82213577246876
16.5507979166667,6.81406285538105
16.55113125,6.80859410509584
16.5514645833334,6.81354202202056
16.5517979166667,6.81419306372118
16.55213125,6.8153649387823
16.5524645833334,6.81445348040143
16.5527979166667,6.81575556380267
16.55313125,6.8138024387008
16.5534645833334,6.80247431311
16.5537979166667,6.8019534797495
16.55413125,6.80898473011621
16.5544645833334,6.81588577214279
16.5547979166667,6.81757848056441
16.55513125,6.81796910558478
16.5554645833334,6.82213577246876
16.5557979166667,6.81992223068664
16.55613125,6.80546910493285
16.5564645833334,6.80442743821186
16.5567979166667,6.80911493845633
16.55713125,6.81875035562553
16.5574645833334,6.8110680635582
16.5577979166667,6.80039097966801
16.55813125,6.8019534797495
16.5584645833334,6.80507847991248
16.5587979166667,6.80859410509584
16.55913125,6.79674514614453
16.5594645833334,6.79427118768217
16.5597979166667,6.79427118768217
16.56013125,6.80494827157236
16.5604645833334,6.81302118866006
16.5607979166667,6.81653681384341
16.56113125,6.81796910558478
16.5614645833334,6.81145868857857
16.5617979166667,6.80429722987174
16.56213125,6.80260452145012
16.5624645833334,6.81145868857857
16.5627979166667,6.81614618882304
16.56313125,6.80794306339521
16.5634645833334,6.79531285440317
16.5637979166667,6.79296910428093
16.56413125,6.79505243772292
16.5644645833334,6.79348993764143
16.5647979166667,6.78737014565559
16.56513125,6.79205764590006
16.5654645833334,6.80091181302851
16.5657979166667,6.80846389675571
16.56613125,6.80026077132789
16.5664645833334,6.79557327108341
16.5667979166667,6.7981774378859
16.56713125,6.80338577149087
16.5674645833334,6.80299514647049
16.5677979166667,6.79908889626677
16.56813125,6.79661493780441
16.5684645833334,6.79036493747844
16.5687979166667,6.78828160403646
16.56913125,6.79309931262105
16.5694645833334,6.80429722987174
16.5697979166667,6.80429722987174
16.5701312500001,6.79661493780441
16.5704645833334,6.78867222905683
16.5707979166667,6.79140660419944
16.5711312500001,6.79075556249882
16.5714645833334,6.78828160403646
16.5717979166667,6.78606806225435
16.5721312500001,6.78867222905683
16.5724645833334,6.7933597293013
16.5727979166667,6.7895836874377
16.5731312500001,6.78867222905683
16.5734645833334,6.78945347909758
16.5737979166667,6.79609410444391
16.5741312500001,6.79739618784515
16.5744645833334,6.80169306306925
16.5747979166667,6.8067711883341
16.5751312500001,6.81393264704093
16.5754645833334,6.8067711883341
16.5757979166667,6.80533889659273
16.5761312500001,6.80781285505509
16.5764645833334,6.80885452177609
16.5767979166667,6.80377639651124
16.5771312500001,6.79479202104267
16.5774645833334,6.79895868792664
16.5777979166667,6.80156285472913
16.5781312500001,6.80117222970876
16.5784645833334,6.79739618784515
16.5787979166667,6.79427118768217
16.5791312500001,6.79296910428093
16.5794645833334,6.79270868760068
16.5797979166667,6.78684931229509
16.5801312500001,6.79362014598155
16.5804645833334,6.801432646389
16.5807979166667,6.81093785521807
16.5811312500001,6.80117222970876
16.5814645833334,6.7933597293013
16.5817979166667,6.78932327075745
16.5821312500001,6.79231806258031
16.5824645833334,6.79075556249882
16.5827979166667,6.79583368776366
16.5831312500001,6.80273472979025
16.5834645833334,6.80924514679646
16.5837979166667,6.80598993829335
16.5841312500001,6.80377639651124
16.5844645833334,6.79843785456615
16.5847979166667,6.79843785456615
16.5851312500001,6.79973993796739
16.5854645833334,6.79505243772292
16.5857979166667,6.78971389577782
16.5861312500001,6.78033889528888
16.5864645833334,6.78164097869012
16.5867979166667,6.78671910395497
16.5871312500001,6.79114618751919
16.5874645833334,6.79348993764143
16.5877979166667,6.78763056233584
16.5881312500001,6.77695347844565
16.5884645833334,6.77838577018702
16.5887979166667,6.78268264541111
16.5891312500001,6.79049514581857
16.5894645833334,6.78059931196913
16.5897979166667,6.77747431180615
16.5901312500001,6.78216181205062
16.5904645833334,6.78619827059447
16.5907979166667,6.78645868727472
16.5911312500001,6.78203160371049
16.5914645833334,6.78619827059447
16.5917979166667,6.78697952063521
16.5921312500001,6.78489618719323
16.5924645833334,6.78033889528888
16.5927979166667,6.77317743658205
16.5931312500001,6.77135451982031
16.5934645833334,6.78333368711174
16.5937979166667,6.79309931262105
16.5941312500001,6.79309931262105
16.5944645833334,6.78059931196913
16.5947979166667,6.77643264508515
16.5951312500001,6.78151077035
16.5954645833334,6.78125035366975
16.5957979166667,6.77760452014627
16.5961312500001,6.76875035301782
16.5964645833334,6.7723961865413
16.5967979166667,6.78398472881236
16.5971312500001,6.79296910428093
16.5974645833334,6.78776077067596
16.5977979166668,6.78151077035
16.5981312500001,6.78190139537037
16.5984645833334,6.78658889561484
16.5987979166668,6.78489618719323
16.5991312500001,6.77799514516664
16.5994645833334,6.77487014500366
16.5997979166668,6.76901076969807
16.6001312500001,6.77161493650056
16.6004645833334,6.77057326977956
16.6007979166668,6.76966181139869
16.6011312500001,6.76966181139869
16.6014645833334,6.77135451982031
16.6017979166668,6.77851597852714
16.6021312500001,6.77539097836416
16.6024645833334,6.77135451982031
16.6027979166668,6.76523472783447
16.6031312500001,6.75976597754925
16.6034645833334,6.75937535252888
16.6037979166668,6.76627639455546
16.6041312500001,6.77395868662279
16.6044645833334,6.76992222807894
16.6047979166668,6.76093785261037
16.6051312500001,6.75794306078751
16.6054645833334,6.76328160273261
16.6057979166668,6.76237014435174
16.6061312500001,6.75546910232515
16.6064645833334,6.75338576888316
16.6067979166668,6.75794306078751
16.6071312500001,6.76940139471844
16.6074645833334,6.77343785326229
16.6077979166668,6.77786493682652
16.6081312500001,6.78125035366975
16.6084645833334,6.77903681188764
16.6087979166668,6.77421910330304
16.6091312500001,6.76614618621534
16.6094645833334,6.7675784779567
16.6097979166668,6.76822951965733
16.6101312500001,6.77109410314006
16.6104645833334,6.77031285309931
16.6107979166668,6.76393264443323
16.6111312500001,6.76367222775298
16.6114645833334,6.76158889431099
16.6117979166668,6.76523472783447
16.6121312500001,6.75807326912764
16.6124645833334,6.75286493552267
16.6127979166668,6.75546910232515
16.6131312500001,6.76106806095049
16.6134645833334,6.76471389447397
16.6137979166668,6.76171910265111
16.6141312500001,6.75885451916838
16.6144645833334,6.76601597787521
16.6147979166668,6.7638024360931
16.6151312500001,6.7600263942295
16.6154645833334,6.75065139374055
16.6157979166668,6.75533889398503
16.6161312500001,6.76770868629683
16.6164645833334,6.77213576986105
16.6167979166668,6.76184931099124
16.6171312500001,6.74960972701956
16.6174645833334,6.75182326880167
16.6177979166668,6.76015660256962
16.6181312500001,6.75859410248813
16.6184645833334,6.7552086856449
16.6187979166668,6.7600263942295
16.6191312500001,6.7680993113172
16.6194645833334,6.7648441028141
16.6197979166668,6.74960972701956
16.6201312500001,6.74726597689733
16.6204645833334,6.75078160208068
16.6207979166668,6.76210972767149
16.6211312500001,6.75807326912764
16.6214645833334,6.74987014369981
16.6217979166668,6.74414097673434
16.6221312500001,6.74843785195844
16.6224645833334,6.75026076872018
16.6227979166668,6.74570347681583
16.6231312500001,6.74557326847571
16.6234645833335,6.7509118104208
16.6237979166668,6.76223993601161
16.6241312500001,6.75989618588937
16.6244645833335,6.75872431082826
16.6247979166668,6.75742222742702
16.6251312500001,6.75729201908689
16.6254645833335,6.76093785261037
16.6257979166668,6.75651076904614
16.6261312500001,6.75169306046155
16.6264645833335,6.74596389349608
16.6267979166668,6.75260451884242
16.6271312500001,6.7557295190054
16.6274645833335,6.75377639390354
16.6277979166668,6.74648472685658
16.6281312500001,6.74127639325161
16.6284645833335,6.73932326814975
16.6287979166668,6.7390628514695
16.6291312500001,6.74257847665285
16.6294645833335,6.74622431017633
16.6297979166668,6.73880243478925
16.6301312500001,6.73281285114354
16.6304645833335,6.72864618425956
16.6307979166668,6.74062535155099
16.6311312500001,6.75221389382205
16.6314645833335,6.75169306046155
16.6317979166668,6.73971389317012
16.6321312500001,6.73190139276267
16.6324645833335,6.73515660126577
16.6327979166668,6.74375035171397
16.6331312500001,6.74322951835347
16.6334645833335,6.74127639325161
16.6337979166668,6.73893264312937
16.6341312500001,6.73984410151024
16.6344645833335,6.7438805600541
16.6347979166668,6.7466149351967
16.6351312500001,6.73893264312937
16.6354645833335,6.73307326782378
16.6357979166668,6.7342451428849
16.6361312500001,6.74557326847571
16.6364645833335,6.74257847665285
16.6367979166668,6.73737014304788
16.6371312500001,6.74908889365906
16.6374645833335,6.77109410314006
16.6377979166668,6.77994827026851
16.6381312500001,6.77174514484068
16.6384645833335,6.75859410248813
16.6387979166668,6.75976597754925
16.6391312500001,6.75846389414801
16.6394645833335,6.74869826863869
16.6397979166668,6.7261722257972
16.6401312500001,6.7213545172126
16.6404645833335,6.73138055940217
16.6407979166668,6.74440139341459
16.6411312500001,6.73958368483
16.6414645833335,6.73958368483
16.6417979166668,6.74127639325161
16.6421312500001,6.75078160208068
16.6424645833335,6.74140660159174
16.6427979166668,6.74010451819049
16.6431312500001,6.73658889300714
16.6434645833335,6.74466181009484
16.6437979166668,6.74075555989111
16.6441312500001,6.74114618491149
16.6444645833335,6.74531285179546
16.6447979166668,6.75026076872018
16.6451312500001,6.74921910199919
16.6454645833335,6.74960972701956
16.6457979166668,6.75039097706031
16.6461312500001,6.75208368548192
16.6464645833335,6.74505243511521
16.6467979166668,6.74140660159174
16.6471312500001,6.74375035171397
16.6474645833335,6.74362014337385
16.6477979166668,6.74153680993186
16.6481312500001,6.73072951770155
16.6484645833335,6.72890660093981
16.6487979166668,6.73619826798677
16.6491312500001,6.74401076839422
16.6494645833335,6.74843785195844
16.6497979166668,6.7423180599726
16.6501312500002,6.73658889300714
16.6504645833335,6.73658889300714
16.6507979166668,6.74192743495223
16.6511312500001,6.74804722693807
16.6514645833335,6.7433597266936
16.6517979166668,6.74166701827198
16.6521312500002,6.73737014304788
16.6524645833335,6.74114618491149
16.6527979166668,6.74153680993186
16.6531312500002,6.74583368515596
16.6534645833335,6.74739618523745
16.6537979166668,6.7428388933331
16.6541312500002,6.74375035171397
16.6544645833335,6.74505243511521
16.6547979166668,6.75000035203993
16.6551312500002,6.7433597266936
16.6554645833335,6.73932326814975
16.6557979166668,6.74114618491149
16.6561312500002,6.75104201876093
16.6564645833335,6.75664097738627
16.6567979166668,6.75208368548192
16.6571312500002,6.7514326437813
16.6574645833335,6.75481806062453
16.6577979166668,6.75729201908689
16.6581312500002,6.75156285212143
16.6584645833335,6.74257847665285
16.6587979166668,6.74570347681583
16.6591312500002,6.74973993535969
16.6594645833335,6.74609410183621
16.6597979166668,6.74453160175472
16.6601312500002,6.74049514321087
16.6604645833335,6.7428388933331
16.6607979166668,6.74153680993186
16.6611312500002,6.75286493552267
16.6614645833335,6.76028681090975
16.6617979166668,6.75729201908689
16.6621312500002,6.75247431050229
16.6624645833335,6.74544306013559
16.6627979166668,6.74635451851646
16.6631312500002,6.73945347648987
16.6634645833335,6.74622431017633
16.6637979166668,6.75221389382205
16.6641312500002,6.75468785228441
16.6644645833335,6.74505243511521
16.6647979166668,6.7428388933331
16.6651312500002,6.74049514321087
16.6654645833335,6.73763055972813
16.6657979166668,6.72903680927993
16.6661312500002,6.73112014272192
16.6664645833335,6.74088576823124
16.6667979166668,6.74596389349608
16.6671312500002,6.74205764329236
16.6674645833335,6.73893264312937
16.6677979166668,6.74101597657136
16.6681312500002,6.74882847697882
16.6684645833335,6.74609410183621
16.6687979166668,6.73867222644913
16.6691312500002,6.73450555956515
16.6694645833335,6.74010451819049
16.6697979166668,6.7428388933331
16.6701312500002,6.73059930936142
16.6704645833335,6.71796910036937
16.6707979166668,6.71549514190701
16.6711312500002,6.72252639227372
16.6714645833335,6.72708368417807
16.6717979166668,6.72317743397434
16.6721312500002,6.72018264215149
16.6724645833335,6.71601597526751
16.6727979166668,6.72434930903546
16.6731312500002,6.73229201778304
16.6734645833335,6.73450555956515
16.6737979166668,6.72656285081757
16.6741312500002,6.72122430887248
16.6744645833335,6.72630243413733
16.6747979166668,6.72903680927993
16.6751312500002,6.72838576757931
16.6754645833335,6.72500035073608
16.6757979166668,6.71875035041012
16.6761312500002,6.71250035008416
16.6764645833335,6.70781284983968
16.6767979166668,6.71223993340391
16.6771312500002,6.71406285016565
16.6774645833335,6.71497430854652
16.6777979166668,6.71067743332242
16.6781312500002,6.71588576692739
16.6784645833335,6.72109410053236
16.6787979166669,6.71888055875024
16.6791312500002,6.71093785000267
16.6794645833335,6.7009118078131
16.6797979166668,6.70338576627546
16.6801312500002,6.69973993275198
16.6804645833335,6.69453159914701
16.6807979166669,6.69335972408589
16.6811312500002,6.69414097412664
16.6814645833335,6.70612014141807
16.6817979166669,6.70455764133658
16.6821312500002,6.70507847469708
16.6824645833335,6.70651076643844
16.6827979166669,6.71080764166254
16.6831312500002,6.71445347518602
16.6834645833335,6.70612014141807
16.6837979166669,6.70703159979894
16.6841312500002,6.70755243315944
16.6844645833335,6.70351597461559
16.6847979166669,6.69947951607173
16.6851312500002,6.69674514092912
16.6854645833335,6.70234409955447
16.6857979166669,6.70325555793534
16.6861312500002,6.70247430789459
16.6864645833335,6.70612014141807
16.6867979166669,6.71028680830204
16.6871312500002,6.7170576419885
16.6874645833335,6.71796910036937
16.6877979166669,6.7132816001249
16.6881312500002,6.70677118311869
16.6884645833335,6.7014326411736
16.6887979166669,6.69843784935074
16.6891312500002,6.69973993275198
16.6894645833335,6.69778680765012
16.6897979166669,6.69583368254826
16.6901312500002,6.69453159914701
16.6904645833335,6.69908889105136
16.6907979166669,6.70234409955447
16.6911312500002,6.69726597428962
16.6914645833335,6.68737014044018
16.6917979166669,6.69570347420813
16.6921312500002,6.70390659963596
16.6924645833335,6.70729201647919
16.6927979166669,6.69544305752788
16.6931312500002,6.68789097380068
16.6934645833335,6.68619826537906
16.6937979166669,6.68828159882105
16.6941312500002,6.68645868205931
16.6944645833335,6.68359409857658
16.6947979166669,6.68059930675372
16.6951312500002,6.68398472359695
16.6954645833335,6.6875003487803
16.6957979166669,6.68828159882105
16.6961312500002,6.69153680732416
16.6964645833335,6.69322951574577
16.6967979166669,6.69192743234453
16.6971312500002,6.6837243069167
16.6974645833335,6.68619826537906
16.6977979166669,6.68723993210006
16.6981312500002,6.68932326554204
16.6984645833335,6.68671909873956
16.6987979166669,6.68971389056242
16.6991312500002,6.69192743234453
16.6994645833335,6.69036493226304
16.6997979166669,6.67968784837285
16.7001312500002,6.67604201484937
16.7004645833335,6.68072951509385
16.7007979166669,6.69166701566428
16.7011312500002,6.69205764068465
16.7014645833333,6.68203159849509
16.7017979166667,6.68112014011422
16.70213125,6.6928388907254
16.7024645833333,6.70494826635695
16.7027979166667,6.70768264149956
16.70313125,6.70065139113285
16.7034645833333,6.69492222416739
16.7037979166667,6.69440139080689
16.70413125,6.70273472457484
16.7044645833333,6.70403680797608
16.7047979166667,6.69921909939148
16.70513125,6.68828159882105
16.7054645833333,6.6890628488618
16.7057979166667,6.69427118246677
16.70613125,6.696614932589
16.7064645833333,6.69140659898403
16.7067979166667,6.68867222384142
16.70713125,6.68828159882105
16.7074645833333,6.69466180748714
16.7077979166667,6.696614932589
16.70813125,6.6960940992285
16.7084645833333,6.70208368287422
16.7087979166667,6.70612014141807
16.70913125,6.70625034975819
16.7094645833333,6.69348993242602
16.7097979166667,6.69257847404515
16.71013125,6.69752639096987
16.7104645833334,6.7014326411736
16.7107979166667,6.69375034910627
16.71113125,6.69205764068465
16.7114645833334,6.69622430756863
16.7117979166667,6.70846389154031
16.71213125,6.71067743332242
16.7124645833334,6.70781284983968
16.7127979166667,6.69908889105136
16.71313125,6.69882847437111
16.7134645833334,6.70104201615323
16.7137979166667,6.69987014109211
16.71413125,6.70625034975819
16.7144645833334,6.7138024334854
16.7147979166667,6.71940139211074
16.71513125,6.70872430822055
16.7154645833334,6.70403680797608
16.7157979166667,6.70924514158105
16.71613125,6.71927118377062
16.7164645833334,6.72161493389285
16.7167979166667,6.71822951704962
16.71713125,6.7261722257972
16.7174645833334,6.73333368450403
16.7177979166667,6.73828160142875
16.71813125,6.72955764264043
16.7184645833334,6.72682326749782
16.7187979166667,6.72500035073608
16.71913125,6.72552118409658
16.7194645833334,6.72382847567496
16.7197979166667,6.7261722257972
16.72013125,6.73007847600093
16.7204645833334,6.73958368483
16.7207979166667,6.74010451819049
16.72113125,6.7438805600541
16.7214645833334,6.7428388933331
16.7217979166667,6.7509118104208
16.72213125,6.7557295190054
16.7224645833334,6.75299514386279
16.7227979166667,6.75000035203993
16.72313125,6.75117222710105
16.7234645833334,6.75833368580788
16.7237979166667,6.76328160273261
16.72413125,6.76653681123571
16.7244645833334,6.7648441028141
16.7247979166667,6.76054722759
16.72513125,6.76015660256962
16.7254645833334,6.75807326912764
16.7257979166667,6.75859410248813
16.72613125,6.75807326912764
16.7264645833334,6.76731806127646
16.7267979166667,6.77539097836416
16.72713125,6.77552118670428
16.7274645833334,6.77343785326229
16.7277979166667,6.77539097836416
16.72813125,6.77838577018702
16.7284645833334,6.77552118670428
16.7287979166667,6.77695347844565
16.72913125,6.78033889528888
16.7294645833334,6.7901045207982
16.7297979166667,6.78945347909758
16.73013125,6.78867222905683
16.7304645833334,6.79257847926056
16.7307979166667,6.79257847926056
16.73113125,6.79375035432167
16.7314645833334,6.78242222873087
16.7317979166667,6.78294306209136
16.73213125,6.77903681188764
16.7324645833334,6.77994827026851
16.7327979166667,6.78255243707099
16.73313125,6.79036493747844
16.7334645833334,6.79791702120565
16.7337979166667,6.79778681286553
16.73413125,6.79856806290627
16.7344645833334,6.80260452145012
16.7347979166667,6.8067711883341
16.73513125,6.7981774378859
16.7354645833334,6.79348993764143
16.7357979166667,6.79153681253956
16.73613125,6.79973993796739
16.7364645833334,6.80078160468838
16.7367979166667,6.79700556282478
16.73713125,6.79960972962726
16.7374645833334,6.80481806323223
16.7377979166667,6.81041702185758
16.7381312500001,6.8057295216131
16.7384645833334,6.8057295216131
16.7387979166667,6.81276077197981
16.7391312500001,6.81666702218354
16.7394645833334,6.81666702218354
16.7397979166667,6.81510452210205
16.7401312500001,6.8186201472854
16.7404645833334,6.81328160534031
16.7407979166667,6.80807327173534
16.7411312500001,6.80833368841559
16.7414645833334,6.81406285538105
16.7417979166667,6.81171910525882
16.7421312500001,6.81171910525882
16.7424645833334,6.80651077165385
16.7427979166667,6.81171910525882
16.7431312500001,6.80937535513658
16.7434645833334,6.81145868857857
16.7437979166667,6.81705764720391
16.7441312500001,6.81927118898602
16.7444645833334,6.82005243902677
16.7447979166667,6.8148441054218
16.7451312500001,6.81263056363969
16.7454645833334,6.81822952226503
16.7457979166667,6.81796910558478
16.7461312500001,6.81757848056441
16.7464645833334,6.82096389740764
16.7467979166667,6.82434931425087
16.7471312500001,6.8272138977336
16.7474645833334,6.82539098097186
16.7477979166667,6.82708368939348
16.7481312500001,6.82578160599223
16.7484645833334,6.822396189149
16.7487979166667,6.82981806453609
16.7491312500001,6.83776077328366
16.7494645833334,6.83541702316143
16.7497979166667,6.81992223068664
16.7501312500001,6.81692743886379
16.7504645833334,6.83085973125708
16.7507979166667,6.84088577344664
16.7511312500001,6.83737014826329
16.7514645833334,6.8277347310941
16.7517979166667,6.83385452307994
16.7521312500001,6.84401077360963
16.7524645833334,6.84934931555472
16.7527979166667,6.84153681514727
16.7531312500001,6.83072952291695
16.7534645833334,6.82838577279472
16.7537979166667,6.83281285635894
16.7541312500001,6.84088577344664
16.7544645833334,6.84570348203124
16.7547979166667,6.84309931522876
16.7551312500001,6.83750035660342
16.7554645833334,6.8363284815423
16.7557979166667,6.84036494008615
16.7561312500001,6.84257848186826
16.7564645833334,6.83645868988242
16.7567979166667,6.82929723117559
16.7571312500001,6.82786493943422
16.7574645833334,6.8358076481818
16.7577979166667,6.84153681514727
16.7581312500001,6.84882848219422
16.7584645833334,6.84453160697012
16.7587979166667,6.83893264834478
16.7591312500001,6.83867223166453
16.7594645833334,6.84205764850776
16.7597979166667,6.84270869020838
16.7601312500001,6.8401045234059
16.7604645833334,6.83658889822254
16.7607979166667,6.83619827320217
16.7611312500001,6.82890660615522
16.7614645833334,6.83177118963795
16.7617979166667,6.84049514842627
16.7621312500001,6.83971389838553
16.7624645833334,6.83020868955646
16.7627979166667,6.82500035595149
16.7631312500001,6.83268264801882
16.7634645833334,6.83880244000466
16.7637979166667,6.83867223166453
16.7641312500001,6.84218785684789
16.7644645833334,6.84713577377261
16.7647979166668,6.85351598243869
16.7651312500001,6.85612014924118
16.7654645833334,6.85755244098255
16.7657979166668,6.85872431604366
16.7661312500001,6.86041702446528
16.7664645833334,6.85742223264242
16.7667979166668,6.85598994090106
16.7671312500001,6.86197952454677
16.7674645833334,6.86406285798876
16.7677979166668,6.86145869118627
16.7681312500001,6.84557327369112
16.7684645833334,6.84739619045286
16.7687979166668,6.84830764883372
16.7691312500001,6.85403681579919
16.7694645833334,6.85638056592143
16.7697979166668,6.85924514940416
16.7701312500001,6.86093785782578
16.7704645833334,6.85442744081956
16.7707979166668,6.85520869086031
16.7711312500001,6.86354202462826
16.7714645833334,6.86510452470975
16.7717979166668,6.85690139928192
16.7721312500001,6.84296910688863
16.7724645833334,6.84596389871149
16.7727979166668,6.85364619077882
16.7731312500001,6.85768264932267
16.7734645833334,6.85481806583994
16.7737979166668,6.85507848252019
16.7741312500001,6.85481806583994
16.7744645833334,6.85416702413932
16.7747979166668,6.84661494041211
16.7751312500001,6.84466181531025
16.7754645833334,6.84075556510652
16.7757979166668,6.84570348203124
16.7761312500001,6.8492191072146
16.7764645833334,6.84635452373186
16.7767979166668,6.8449222319905
16.7771312500001,6.84882848219422
16.7774645833334,6.86119827450602
16.7777979166668,6.86380244130851
16.7781312500001,6.86028681612515
16.7784645833334,6.86171910786652
16.7787979166668,6.86848994155298
16.7791312500001,6.86979202495422
16.7794645833334,6.86770869151224
16.7797979166668,6.86132848284615
16.7801312500001,6.86549514973012
16.7804645833334,6.86953160827397
16.7807979166668,6.87421910851845
16.7811312500001,6.87513056689932
16.7814645833334,6.8691409832536
16.7817979166668,6.86237014956714
16.7821312500001,6.86028681612515
16.7824645833334,6.86263056624739
16.7827979166668,6.87317744179745
16.7831312500001,6.87460973353882
16.7834645833334,6.87604202528019
16.7837979166668,6.87070348333509
16.7841312500001,6.87213577507646
16.7844645833334,6.87239619175671
16.7847979166668,6.87304723345733
16.7851312500001,6.87539098357957
16.7854645833334,6.88072952552466
16.7857979166668,6.88125035888516
16.7861312500001,6.88554723410925
16.7864645833334,6.89153681775497
16.7867979166668,6.90143265160441
16.7871312500001,6.89283890115621
16.7874645833334,6.88229202560615
16.7877979166668,6.87734410868143
16.7881312500001,6.88229202560615
16.7884645833334,6.88541702576913
16.7887979166668,6.88372431734752
16.7891312500001,6.87942744212342
16.7894645833334,6.88033890050428
16.7897979166668,6.88229202560615
16.7901312500001,6.88359410900739
16.7904645833334,6.88007848382404
16.7907979166668,6.87617223362031
16.7911312500001,6.88190140058578
16.7914645833334,6.88932327597286
16.7917979166668,6.90013056820317
16.7921312500001,6.90533890180814
16.7924645833334,6.9078128602705
16.7927979166668,6.90494827678776
16.7931312500001,6.90729202691
16.7934645833335,6.91002640205261
16.7937979166668,6.91080765209335
16.7941312500001,6.89583369297907
16.7944645833335,6.8911461927346
16.7947979166668,6.89960973484267
16.7951312500001,6.91653681905882
16.7954645833335,6.92057327760267
16.7957979166668,6.91406286059646
16.7961312500001,6.91171911047422
16.7964645833335,6.9158857773582
16.7967979166668,6.91731806909957
16.7971312500001,6.91770869411994
16.7974645833335,6.91341181889584
16.7977979166668,6.91041702707298
16.7981312500001,6.90911494367174
16.7984645833335,6.91328161055572
16.7987979166668,6.91041702707298
16.7991312500001,6.90664098520938
16.7994645833335,6.91250036051497
16.7997979166668,6.92747431962926
16.8001312500001,6.93658890343795
16.8004645833335,6.92799515298975
16.8007979166668,6.9239586944459
16.8011312500001,6.92708369460888
16.8014645833335,6.92994827809162
16.8017979166668,6.92604202788789
16.8021312500001,6.92187536100391
16.8024645833335,6.92356806942553
16.8027979166668,6.9277347363095
16.8031312500001,6.92513056950702
16.8034645833335,6.92278681938478
16.8037979166668,6.92734411128913
16.8041312500001,6.93372431995522
16.8044645833335,6.93333369493485
16.8047979166668,6.93020869477186
16.8051312500001,6.93619827841758
16.8054645833335,6.94830765404913
16.8057979166668,6.950260779151
16.8061312500001,6.94270869542379
16.8064645833335,6.93567744505708
16.8067979166668,6.94179723704292
16.8071312500001,6.94726598732814
16.8074645833335,6.95195348757261
16.8077979166668,6.95273473761336
16.8081312500001,6.94752640400839
16.8084645833335,6.94987015413062
16.8087979166668,6.95338577931398
16.8091312500001,6.95885452959919
16.8094645833335,6.96041702968068
16.8097979166668,6.95690140449733
16.8101312500001,6.96250036312267
16.8104645833335,6.96380244652392
16.8107979166668,6.96419307154429
16.8111312500001,6.96184932142205
16.8114645833335,6.9658857799659
16.8117979166668,6.97083369689062
16.8121312500001,6.98125036410056
16.8124645833335,6.97903682231845
16.8127979166668,6.98489619762404
16.8131312500001,6.98372432256292
16.8134645833335,6.98815140612715
16.8137979166668,6.98294307252218
16.8141312500001,6.97682328053634
16.8144645833335,6.97604203049559
16.8147979166668,6.97487015543447
16.8151312500001,6.97578161381534
16.8154645833335,6.97382848871348
16.8157979166668,6.98463578094379
16.8161312500001,6.99322953139199
16.8164645833335,6.99791703163646
16.8167979166668,6.98697953106603
16.8171312500001,6.98450557260367
16.8174645833335,6.98489619762404
16.8177979166668,6.99101598960988
16.8181312500001,6.99036494790926
16.8184645833335,6.9873701560864
16.8187979166668,6.99205765633087
16.8191312500001,6.99843786499696
16.8194645833335,7.00664099042479
16.8197979166668,7.01132849066926
16.8201312500002,7.01197953236988
16.8204645833335,7.0078128654859
16.8207979166668,7.00481807366305
16.8211312500002,7.00612015706429
16.8214645833335,7.01653682427423
16.8217979166668,7.01783890767547
16.8221312500002,7.02760453318479
16.8224645833335,7.02994828330702
16.8227979166668,7.03437536687125
16.8231312500002,7.02916703326628
16.8234645833335,7.0298180749669
16.8237979166668,7.03632849197311
16.8241312500002,7.04088578387746
16.8244645833335,7.04010453383671
16.8247979166668,7.04205765893858
16.8251312500002,7.04583370080218
16.8254645833335,7.05468786793062
16.8257979166668,7.04856807594479
16.8261312500002,7.04908890930528
16.8264645833335,7.05208370112814
16.8267979166668,7.06302120169858
16.8271312500002,7.06393266007945
16.8274645833335,7.05976599319547
16.8277979166668,7.06250036833808
16.8281312500002,7.07434932728938
16.8284645833335,7.0798180775746
16.8287979166668,7.07799516081286
16.8291312500002,7.0792972442141
16.8294645833335,7.08203161935671
16.8297979166668,7.08919307806355
16.8301312500002,7.09036495312466
16.8304645833335,7.097005578471
16.8307979166668,7.09778682851174
16.8311312500002,7.09309932826727
16.8314645833335,7.09140661984566
16.8317979166668,7.09518266170926
16.8321312500002,7.10390662049758
16.8324645833335,7.10742224568094
16.8327979166668,7.11223995426553
16.8331312500002,7.11940141297237
16.8334645833335,7.12421912155696
16.8337979166668,7.12734412171994
16.8341312500002,7.12851599678106
16.8344645833335,7.13424516374653
16.8347979166668,7.13580766382802
16.8351312500002,7.13424516374653
16.8354645833335,7.14179724747373
16.8357979166668,7.14843787282007
16.8361312500002,7.15833370666951
16.8364645833335,7.15520870650653
16.8367979166668,7.15911495671026
16.8371312500002,7.16692745711771
16.8374645833335,7.1776045410079
16.8377979166668,7.17317745744367
16.8381312500002,7.17721391598752
16.8384645833335,7.18906287493883
16.8387979166668,7.20781287591672
16.8391312500002,7.20416704239324
16.8394645833335,7.19895870878827
16.8397979166668,7.19973995882901
16.8401312500002,7.20325558401237
16.8404645833335,7.20833370927721
16.8407979166668,7.21614620968467
16.8411312500002,7.22643266855448
16.8414645833335,7.23229204386007
16.8417979166668,7.22838579365634
16.8421312500002,7.23411496062181
16.8424645833335,7.23984412758728
16.8427979166668,7.2485680863756
16.8431312500002,7.24960975309659
16.8434645833335,7.24778683633485
16.8437979166668,7.25885454524541
16.8441312500002,7.26809933739423
16.8444645833335,7.27278683763871
16.8447979166668,7.27356808767945
16.8451312500002,7.2819014214474
16.8454645833335,7.30143267246604
16.8457979166668,7.30572954769014
16.8461312500002,7.31289100639697
16.8464645833335,7.31315142307722
16.8467979166669,7.31718788162107
16.8471312500002,7.3114587146556
16.8474645833335,7.31132850631548
16.8477979166669,7.32018267344392
16.8481312500002,7.33059934065386
16.8484645833335,7.33632850761933
16.8487979166669,7.33567746591871
16.8491312500002,7.34687538316939
16.8494645833335,7.36054725888244
16.8497979166669,7.37187538447324
16.8501312500002,7.3710941344325
16.8504645833335,7.37447955127573
16.8507979166669,7.38359413508442
16.8511312500002,7.39713580245734
16.8514645833335,7.39895871921908
16.8517979166669,7.40221392772219
16.8521312500002,7.40742226132716
16.8524645833335,7.41888059525809
16.8527979166669,7.42343788716244
16.8531312500002,7.42864622076741
16.8534645833335,7.43815142959647
16.8537979166669,7.44869830514654
16.8541312500002,7.45351601373113
16.8544645833335,7.45364622207126
16.8547979166669,7.46627643106331
16.8551312500002,7.48125039017759
16.8554645833335,7.49270872410853
16.8557979166669,7.49075559900666
16.8561312500002,7.49505247423076
16.8564645833335,7.50911497496418
16.8567979166669,7.52369830905809
16.8571312500002,7.53359414290753
16.8574645833335,7.53919310153287
16.8577979166669,7.5484378936817
16.8581312500002,7.55924518591201
16.8584645833335,7.57057331150281
16.8587979166669,7.57981810365163
16.8591312500002,7.58229206211399
16.8594645833335,7.59596393782704
16.8597979166669,7.61002643856045
16.8601312500002,7.62161498083151
16.8604645833335,7.61848998066853
16.8607979166669,7.61601602220617
16.8611312500002,7.62851602285809
16.8614645833335,7.64687539881561
16.8617979166669,7.65963581614778
16.8621312500002,7.66106810788915
16.8624645833335,7.66380248303176
16.8627979166669,7.67630248368369
16.8631312500002,7.68802123429487
16.8634645833335,7.68893269267574
16.8637979166669,7.6946618596412
16.8641312500002,7.70260456838878
16.8644645833335,7.71484415236046
16.8647979166669,7.7204431109858
16.8651312500002,7.72200561106729
16.8654645833335,7.73072956985561
16.8657979166669,7.74362019552791
16.8661312500002,7.7537764460576
16.8664645833335,7.76445352994779
16.8667979166669,7.77395873877686
16.8671312500002,7.78515665602754
16.8674645833335,7.78450561432692
16.8677979166669,7.78502644768742
16.8681312500002,7.79856811506034
16.8684645833335,7.8177087410586
16.8687979166669,7.82981811669015
16.8691312500002,7.83789103377785
16.8694645833335,7.84752645094704
16.8697979166669,7.86184936836071
16.8701312500002,7.87278686893114
16.8704645833335,7.87929728593736
16.8707979166669,7.88619832796394
16.8711312500002,7.88684936966456
16.8714645833335,7.89101603654854
16.8717979166669,7.89830770359549
16.87213125,7.91679728789313
16.8724645833333,7.92864624684444
16.8727979166667,7.93515666385065
16.87313125,7.938672289034
16.8734645833333,7.94973999794456
16.8737979166667,7.96028687349462
16.87413125,7.96705770718109
16.8744645833333,7.97122437406506
16.8747979166667,7.9768233326904
16.87513125,7.980599374554
16.8754645833333,7.99036500006332
16.8757979166667,7.99140666678432
16.87613125,8.00247437569488
16.8764645833333,8.01380250128568
16.8767979166667,8.0283858353796
16.87713125,8.03372437732469
16.8774645833333,8.03737021084817
16.8777979166667,8.05065146154084
16.87813125,8.05768271190755
16.8784645833333,8.05755250356742
16.8787979166667,8.05911500364891
16.87913125,8.07317750438233
16.8794645833333,8.08932333855773
16.8797979166667,8.09349000544171
16.88013125,8.09791708900593
16.8804645833333,8.10182333920966
16.8807979166667,8.11210979807947
16.88113125,8.11523479824245
16.8814645833333,8.12343792367028
16.8817979166667,8.12916709063575
16.88213125,8.14622438319202
16.8824645833334,8.15234417517786
16.8827979166667,8.15872438384395
16.88313125,8.15208375849761
16.8834645833334,8.15052125841612
16.8837979166667,8.15260459185811
16.88413125,8.15664105040196
16.8844645833334,8.15911500886432
16.8847979166667,8.15781292546308
16.88513125,8.15976605056494
16.8854645833334,8.17148480117612
16.8857979166667,8.17552125971997
16.88613125,8.18059938498482
16.8864645833334,8.17187542619649
16.8867979166667,8.17070355113538
16.88713125,8.17591188474034
16.8874645833334,8.18737021867128
16.8877979166667,8.19739626086084
16.88813125,8.20286501114606
16.8884645833334,8.20690146968991
16.8887979166667,8.21145876159426
16.88913125,8.20859417811153
16.8894645833334,8.20833376143128
16.8897979166667,8.21145876159426
16.89013125,8.22343792888569
16.8904645833334,8.22968792921165
16.8907979166667,8.23242230435426
16.89113125,8.22734417908941
16.8914645833334,8.23294313771476
16.8917979166667,8.23710980459873
16.89213125,8.23867230468022
16.8924645833334,8.23164105431352
16.8927979166667,8.22968792921165
16.89313125,8.23385459609563
16.8934645833334,8.23958376306109
16.8937979166667,8.23554730451724
16.89413125,8.22864626249066
16.8944645833334,8.22552126232768
16.8947979166667,8.23242230435426
16.89513125,8.23177126265364
16.8954645833334,8.23007855423202
16.8957979166667,8.22890667917091
16.89613125,8.23125042929314
16.8964645833334,8.23242230435426
16.8967979166667,8.22812542913016
16.89713125,8.22487022062705
16.8974645833334,8.22539105398755
16.8977979166667,8.22669313738879
16.89813125,8.22903688751103
16.8984645833334,8.21770876192022
16.8987979166667,8.21145876159426
16.89913125,8.20325563616643
16.8994645833334,8.20429730288743
16.8997979166667,8.20690146968991
16.90013125,8.2089848031319
16.9004645833334,8.20768271973066
16.9007979166667,8.19882855260221
16.90113125,8.19869834426208
16.9014645833334,8.20442751122755
16.9017979166667,8.20638063632941
16.90213125,8.20000042766333
16.9024645833334,8.19153688555525
16.9027979166667,8.19296917729662
16.90313125,8.19817751090159
16.9034645833334,8.20364626118681
16.9037979166667,8.19752646920097
16.90413125,8.19205771891575
16.9044645833334,8.19010459381389
16.9047979166667,8.19062542717438
16.90513125,8.18632855195028
16.9054645833334,8.17825563486258
16.9057979166667,8.17669313478109
16.90613125,8.18138063502556
16.9064645833334,8.1832035517873
16.9067979166667,8.17539105137985
16.90713125,8.17265667623724
16.9074645833334,8.16966188441438
16.9077979166667,8.17356813461811
16.90813125,8.16093792562606
16.9084645833334,8.15572959202109
16.9087979166667,8.1546879253001
16.9091312500001,8.15872438384395
16.9094645833334,8.16145875898656
16.9097979166667,8.1579431338032
16.91013125,8.15664105040196
16.9104645833334,8.15156292513712
16.9107979166667,8.14427125809016
16.9111312500001,8.14596396651177
16.9114645833334,8.15078167509637
16.9117979166667,8.15833375882357
16.9121312500001,8.15091188343649
16.9124645833334,8.13919313282531
16.9127979166667,8.13632854934258
16.9131312500001,8.1407556329068
16.9134645833334,8.14010459120618
16.9137979166667,8.13606813266233
16.9141312500001,8.12994834067649
16.9144645833334,8.1332035491796
16.9147979166667,8.1332035491796
16.9151312500001,8.12695354885364
16.9154645833334,8.12395875703078
16.9157979166667,8.11354208982084
16.9161312500001,8.11263063143997
16.9164645833334,8.10403688099177
16.9167979166667,8.10638063111401
16.9171312500001,8.11197958973935
16.9174645833334,8.11940146512643
16.9177979166667,8.1203129235073
16.9181312500001,8.12317750699003
16.9184645833334,8.12968792399624
16.9187979166667,8.1375004244037
16.9191312500001,8.13437542424072
16.9194645833334,8.13606813266233
16.9197979166667,8.13502646594134
16.9201312500001,8.13085979905736
16.9204645833334,8.11744834002457
16.9207979166667,8.11406292318134
16.9211312500001,8.12395875703078
16.9214645833334,8.13281292415923
16.9217979166667,8.13398479922035
16.9221312500001,8.12825563225488
16.9224645833334,8.12395875703078
16.9227979166667,8.12682334051351
16.9231312500001,8.13684938270308
16.9234645833334,8.14544313315128
16.9237979166667,8.14817750829389
16.9241312500001,8.14440146643028
16.9244645833334,8.14427125809016
16.9247979166667,8.15286500853836
16.9251312500001,8.15442750861985
16.9254645833334,8.15065146675624
16.9257979166667,8.13984417452594
16.9261312500001,8.13684938270308
16.9264645833334,8.14661500821239
16.9267979166667,8.15833375882357
16.9271312500001,8.16197959234705
16.9274645833334,8.15690146708221
16.9277979166667,8.15117230011674
16.9281312500001,8.15937542554457
16.9284645833334,8.16367230076867
16.9287979166667,8.16849000935327
16.9291312500001,8.17369834295823
16.9294645833334,8.17408896797861
16.9297979166667,8.17070355113538
16.9301312500001,8.16744834263227
16.9304645833334,8.17252646789711
16.9307979166667,8.17929730158357
16.9311312500001,8.17825563486258
16.9314645833334,8.17669313478109
16.9317979166667,8.1751306346996
16.9321312500001,8.17148480117612
16.9324645833334,8.17122438449587
16.9327979166667,8.170312926115
16.9331312500001,8.17643271810084
16.9334645833334,8.17669313478109
16.9337979166667,8.17630250976072
16.9341312500001,8.17981813494407
16.9344645833334,8.18841188539227
16.9347979166667,8.18971396879351
16.9351312500001,8.18906292709289
16.9354645833334,8.18398480182805
16.9357979166667,8.19062542717438
16.9361312500001,8.19322959397687
16.9364645833334,8.19075563551451
16.9367979166667,8.19049521883426
16.9371312500001,8.19205771891575
16.9374645833334,8.20559938628867
16.9377979166668,8.21028688653314
16.9381312500001,8.20911501147202
16.9384645833334,8.20377646952693
16.9387979166668,8.21054730321339
16.9391312500001,8.21927126200171
16.9394645833334,8.22487022062705
16.9397979166668,8.2213545954437
16.9401312500001,8.23099001261289
16.9404645833334,8.24401084662532
16.9407979166668,8.25703168063774
16.9411312500001,8.24700563844817
16.9414645833334,8.24427126330556
16.9417979166668,8.25338584711426
16.9421312500001,8.27434938987426
16.9424645833334,8.28151084858109
16.9427979166668,8.26927126460942
16.9431312500001,8.25664105561737
16.9434645833334,8.25729209731799
16.9437979166668,8.27356813983351
16.9441312500001,8.29192751579103
16.9444645833334,8.29466189093364
16.9447979166668,8.28658897384594
16.9451312500001,8.28658897384594
16.9454645833334,8.29505251595401
16.9457979166668,8.3052087664837
16.9461312500001,8.30559939150407
16.9464645833334,8.30494834980345
16.9467979166668,8.3143233502924
16.9471312500001,8.32526085086283
16.9474645833334,8.33411501799128
16.9477979166668,8.32981814276718
16.9481312500001,8.32604210090358
16.9484645833334,8.32747439264494
16.9487979166668,8.32825564268569
16.9491312500001,8.32851605936594
16.9494645833334,8.3309900178283
16.9497979166668,8.34101606001787
16.9501312500001,8.3486983520852
16.9504645833334,8.35130251888768
16.9507979166668,8.34570356026234
16.9511312500001,8.34192751839873
16.9514645833334,8.34127647669811
16.9517979166668,8.3519535605883
16.9521312500001,8.3567712691729
16.9524645833334,8.36419314455998
16.9527979166668,8.35807335257414
16.9531312500001,8.35390668569016
16.9534645833334,8.33880251823575
16.9537979166668,8.33255251790979
16.9541312500001,8.33880251823575
16.9544645833334,8.35234418560867
16.9547979166668,8.35729210253339
16.9551312500001,8.34895876876544
16.9554645833334,8.33971397661662
16.9557979166668,8.34622439362284
16.9561312500001,8.34934939378582
16.9564645833334,8.34674522698333
16.9567979166668,8.33125043450855
16.9571312500001,8.32851605936594
16.9574645833334,8.33802126819501
16.9577979166668,8.35026085216668
16.9581312500001,8.34635460196296
16.9584645833334,8.33294314293016
16.9587979166668,8.33229210122954
16.9591312500001,8.34205772673886
16.9594645833334,8.35013064382656
16.9597979166668,8.34153689337836
16.9601312500001,8.3309900178283
16.9604645833334,8.32955772608693
16.9607979166668,8.33125043450855
16.9611312500001,8.3266931426042
16.9614645833334,8.3186202255165
16.9617979166668,8.31822960049613
16.9621312500001,8.32643272592395
16.9624645833334,8.33776085151476
16.9627979166668,8.34375043516047
16.9631312500001,8.3471358520037
16.9634645833334,8.34309939345985
16.9637979166668,8.32968793442706
16.9641312500001,8.32695355928445
16.9644645833334,8.33020876778755
16.9647979166668,8.34088585167774
16.9651312500001,8.33658897645364
16.9654645833335,8.32174522567948
16.9657979166668,8.32109418397886
16.9661312500001,8.33216189288942
16.9664645833335,8.3476566853642
16.9667979166668,8.35104210220743
16.9671312500001,8.3358077264129
16.9674645833335,8.32174522567948
16.9677979166668,8.31875043385662
16.9681312500001,8.32994835110731
16.9684645833335,8.34010460163699
16.9687979166668,8.32864626770606
16.9691312500001,8.32565147588321
16.9694645833335,8.33138064284867
16.9697979166668,8.34114626835799
16.9701312500001,8.33724001815426
16.9704645833335,8.31614626705414
16.9707979166668,8.31224001685041
16.9711312500001,8.32200564235973
16.9714645833335,8.33242230956967
16.9717979166668,8.33320355961041
16.9721312500001,8.3223962673801
16.9724645833335,8.32474001750234
16.9727979166668,8.33320355961041
16.9731312500001,8.33645876811352
16.9734645833335,8.33138064284867
16.9737979166668,8.31562543369364
16.9741312500001,8.31744835045538
16.9744645833335,8.32369835078134
16.9747979166668,8.33255251790979
16.9751312500001,8.33242230956967
16.9754645833335,8.32903689272644
16.9757979166668,8.32226605903998
16.9761312500001,8.32226605903998
16.9764645833335,8.32252647572022
16.9767979166668,8.33007855944743
16.9771312500001,8.32044314227824
16.9774645833335,8.32018272559799
16.9777979166668,8.32005251725787
16.9781312500001,8.32005251725787
16.9784645833335,8.31953168389737
16.9787979166668,8.32109418397886
16.9791312500001,8.32656293426408
16.9794645833335,8.33125043450855
16.9797979166668,8.32864626770606
16.9801312500001,8.33867230989563
16.9804645833335,8.34231814341911
16.9807979166668,8.34062543499749
16.9811312500001,8.33033897612768
16.9814645833335,8.32825564268569
16.9817979166668,8.33359418463078
16.9821312500001,8.33789105985488
16.9824645833335,8.32578168422333
16.9827979166668,8.32135460065911
16.9831312500001,8.32526085086283
16.9834645833335,8.33606814309314
16.9837979166668,8.33229210122954
16.9841312500001,8.32109418397886
16.9844645833335,8.31953168389737
16.9847979166668,8.33255251790979
16.9851312500001,8.33945355993637
16.9854645833335,8.34492231022159
16.9857979166668,8.33815147653513
16.9861312500001,8.34843793540495
16.9864645833335,8.35716189419327
16.9867979166668,8.36692751970259
16.9871312500001,8.36614626966184
16.9874645833335,8.360026477676
16.9877979166668,8.35390668569016
16.9881312500001,8.34309939345985
16.9884645833335,8.33724001815426
16.9887979166668,8.34296918511973
16.9891312500001,8.35065147718706
16.9894645833335,8.35182335224818
16.9897979166668,8.34505251856172
16.9901312500001,8.34544314358209
16.9904645833335,8.3471358520037
16.9907979166668,8.34518272690184
16.9911312500001,8.35117231054755
16.9914645833335,8.35442751905066
16.9917979166668,8.36679731136246
16.9921312500002,8.36445356124023
16.9924645833335,8.36875043646432
16.9927979166668,8.36953168650507
16.9931312500002,8.37356814504892
16.9934645833335,8.37578168683103
16.9937979166668,8.382031687157
16.9941312500002,8.37981814537488
16.9944645833335,8.37617231185141
16.9947979166668,8.37304731168842
16.9951312500002,8.36888064480445
16.9954645833335,8.37552127015079
16.9957979166668,8.37552127015079
16.9961312500002,8.38294314553787
16.9964645833335,8.38255252051749
16.9967979166668,8.38541710400023
16.9971312500002,8.38645877072122
16.9974645833335,8.38515668731998
16.9977979166668,8.38190147881687
16.9981312500002,8.3858077290206
16.9984645833335,8.38984418756445
16.9987979166668,8.39166710432619
16.9991312500002,8.3933598127478
16.9994645833335,8.40065147979476
16.9997979166668,8.40885460522259
17.0001312500002,8.40599002173986
17.0004645833335,8.3944014794688
17.0007979166668,8.39583377121016
17.0011312500002,8.40442752165836
17.0014645833335,8.41901085575228
17.0017979166668,8.41224002206582
17.0021312500002,8.40533898003923
17.0024645833335,8.40546918837936
17.0027979166668,8.41145877202507
17.0031312500002,8.41497439720843
17.0034645833335,8.41354210546706
17.0037979166668,8.41653689728992
17.0041312500002,8.42460981437762
17.0044645833335,8.42135460587451
17.0047979166668,8.4186202307319
17.0051312500002,8.41718793899054
17.0054645833335,8.42018273081339
17.0057979166668,8.42369835599675
17.0061312500002,8.42604210611898
17.0064645833335,8.43059939802333
17.0067979166668,8.43398481486656
17.0071312500002,8.43268273146532
17.0074645833335,8.43554731494805
17.0077979166668,8.43841189843079
17.0081312500002,8.44218794029439
17.0084645833335,8.43645877332892
17.0087979166668,8.43776085673017
17.0091312500002,8.44270877365489
17.0094645833335,8.45273481584445
17.0097979166668,8.4444014820765
17.0101312500002,8.44283898199501
17.0104645833335,8.45546919098706
17.0107979166668,8.46601606653712
17.0111312500002,8.46393273309514
17.0114645833335,8.44908898232097
17.0117979166668,8.44596398215799
17.0121312500002,8.45612023268768
17.0124645833335,8.46445356645563
17.0127979166668,8.47187544184271
17.0131312500002,8.47239627520321
17.0134645833335,8.47474002532545
17.0137979166668,8.4863285675965
17.0141312500002,8.48593794257613
17.0144645833335,8.48710981763725
17.0147979166668,8.47734419212793
17.0151312500002,8.48802127601812
17.0154645833335,8.49700565148669
17.0157979166668,8.51028690217936
17.0161312500002,8.50976606881886
17.0164645833335,8.50768273537688
17.0167979166668,8.50585981861514
17.0171312500002,8.51406294404296
17.0174645833335,8.5207035693893
17.0177979166668,8.52408898623253
17.0181312500002,8.52578169465414
17.0184645833335,8.5335941950616
17.0187979166668,8.53346398672147
17.0191312500002,8.53372440340172
17.0194645833335,8.53164106995973
17.0197979166669,8.54257857053017
17.0201312500002,8.54570357069315
17.0204645833335,8.5421879455098
17.0207979166669,8.53489627846284
17.0211312500002,8.53294315336098
17.0214645833335,8.5459639873734
17.0217979166669,8.5545577378216
17.0221312500002,8.5502608625975
17.0224645833335,8.54179732048942
17.0227979166669,8.54739627911477
17.0231312500002,8.55820357134508
17.0234645833335,8.56380252997042
17.0237979166669,8.56406294665067
17.0241312500002,8.57578169726185
17.0244645833335,8.59023482301564
17.0247979166669,8.59349003151874
17.0251312500002,8.58906294795452
17.0254645833335,8.57330773879949
17.0257979166669,8.57096398867725
17.0261312500002,8.57565148892172
17.0264645833335,8.58255253094831
17.0267979166669,8.58645878115203
17.0271312500002,8.57669315564272
17.0274645833335,8.58489628107054
17.0277979166669,8.58997440633539
17.0281312500002,8.59843794844346
17.0284645833335,8.58958378131502
17.0287979166669,8.58658898949216
17.0291312500002,8.58919315629464
17.0294645833335,8.59947961516446
17.0297979166669,8.60690149055154
17.0301312500002,8.60559940715029
17.0304645833335,8.60273482366756
17.0307979166669,8.60690149055154
17.0311312500002,8.61289107419725
17.0314645833335,8.61497440763924
17.0317979166669,8.60677128221141
17.0321312500002,8.61067753241514
17.0324645833335,8.62408899144794
17.0327979166669,8.63242232521588
17.0331312500002,8.62695357493067
17.0334645833335,8.62291711638682
17.0337979166669,8.62747440829117
17.0341312500002,8.64440149250732
17.0344645833335,8.64466190918756
17.0347979166669,8.63580774205912
17.0351312500002,8.63229211687576
17.0354645833335,8.64205774238508
17.0357979166669,8.66328170182533
17.0361312500002,8.66614628530806
17.0364645833335,8.66158899340371
17.0367979166669,8.65234420125489
17.0371312500002,8.65781295154011
17.0374645833335,8.66354211850558
17.0377979166669,8.6641931602062
17.0381312500002,8.6641931602062
17.0384645833335,8.66601607696794
17.0387979166669,8.67578170247725
17.0391312500002,8.67330774401489
17.0394645833335,8.67786503591924
17.0397979166669,8.67669316085812
17.0401312500002,8.67864628595999
17.0404645833335,8.67760461923899
17.0407979166669,8.68229211948346
17.0411312500002,8.68567753632669
17.0414645833335,8.6894535781903
17.0417979166669,8.69583378685639
17.0421312500002,8.70950566256943
17.0424645833335,8.72122441318061
17.0427979166667,8.72083378816024
17.04313125,8.71145878767129
17.0434645833333,8.70481816232496
17.0437979166667,8.7093754542293
17.04413125,8.71406295447378
17.0444645833333,8.71653691293614
17.0447979166667,8.72343795496272
17.04513125,8.73737024735601
17.0454645833333,8.75104212306906
17.0457979166667,8.74960983132769
17.04613125,8.74739628954558
17.0464645833333,8.74765670622583
17.0467979166667,8.74895878962707
17.04713125,8.74687545618508
17.0474645833333,8.74960983132769
17.0477979166667,8.75559941497341
17.04813125,8.76875045732595
17.0484645833333,8.77487024931179
17.0487979166667,8.77474004097167
17.04913125,8.77369837425067
17.0494645833333,8.77083379076794
17.0497979166667,8.77812545781489
17.05013125,8.78072962461738
17.0504645833333,8.78932337506558
17.0507979166667,8.79244837522856
17.05113125,8.80078170899651
17.0514645833333,8.8066410843021
17.0517979166667,8.81614629313117
17.05213125,8.81927129329415
17.0524645833333,8.81718795985216
17.0527979166667,8.81992233499477
17.05313125,8.82513066859974
17.0534645833333,8.83776087759179
17.0537979166667,8.84010462771403
17.05413125,8.84244837783626
17.0544645833333,8.84596400301962
17.0547979166667,8.85195358666533
17.05513125,8.85833379533142
17.0554645833334,8.8528650450462
17.0557979166667,8.85794317031105
17.05613125,8.85885462869192
17.0564645833334,8.86862025420123
17.0567979166667,8.8776046296698
17.05713125,8.88164108821366
17.0574645833334,8.88919317194086
17.0577979166667,8.89895879745018
17.05813125,8.91419317324471
17.0584645833334,8.92070359025092
17.0587979166667,8.91979213187006
17.05913125,8.91718796506757
17.0594645833334,8.92317754871328
17.0597979166667,8.91914109016943
17.06013125,8.92877650733863
17.0604645833334,8.93919317454857
17.0607979166667,8.95208380022086
17.06113125,8.95247442524124
17.0614645833334,8.94869838337763
17.0617979166667,8.9539067169826
17.06213125,8.96132859236968
17.0624645833334,8.96966192613763
17.0627979166667,8.97135463455925
17.06313125,8.971094217879
17.0634645833334,8.97447963472223
17.0637979166667,8.98541713529267
17.06413125,8.98789109375502
17.0644645833334,8.98072963504819
17.0647979166667,8.98046921836794
17.06513125,8.98567755197291
17.0654645833334,8.99427130242111
17.0657979166667,8.99934942768596
17.06613125,9.01028692825639
17.0664645833334,9.01809942866385
17.0667979166667,9.02630255409167
17.06713125,9.03242234607751
17.0674645833334,9.04179734656645
17.0677979166667,9.03958380478434
17.06813125,9.0334640127985
17.0684645833334,9.03841192972322
17.0687979166667,9.05182338875602
17.06913125,9.06614630616969
17.0694645833334,9.06966193135304
17.0697979166667,9.06575568114931
17.07013125,9.0597660975036
17.0704645833334,9.05755255572149
17.0707979166667,9.06184943094559
17.07113125,9.07552130665863
17.0714645833334,9.08697964058956
17.0717979166667,9.08919318237167
17.07213125,9.08763068229018
17.0724645833334,9.08684943224944
17.0727979166667,9.09726609945938
17.07313125,9.10390672480571
17.0734645833334,9.10468797484646
17.0737979166667,9.10130255800323
17.07413125,9.10364630812546
17.0744645833334,9.11601610043726
17.0747979166667,9.12630255930708
17.07513125,9.13164110125217
17.0754645833334,9.12929735112994
17.0757979166667,9.12851610108919
17.07613125,9.13580776813615
17.0764645833334,9.1516931856313
17.0767979166667,9.16184943616099
17.07713125,9.16927131154807
17.0774645833334,9.16875047818758
17.0777979166667,9.17682339527528
17.07813125,9.17552131187404
17.0784645833334,9.17031297826907
17.0787979166667,9.16927131154807
17.07913125,9.17994839543826
17.0794645833334,9.20026089649764
17.0797979166667,9.20247443827975
17.08013125,9.20612027180323
17.0804645833334,9.21054735536745
17.0807979166667,9.23099006476696
17.0811312500001,9.23815152347379
17.0814645833334,9.24205777367752
17.0817979166667,9.24843798234361
17.0821312500001,9.25625048275106
17.0824645833334,9.25729214947205
17.0827979166667,9.24635464890162
17.0831312500001,9.25299527424795
17.0834645833334,9.2651046498795
17.0837979166667,9.27109423352522
17.0841312500001,9.26979215012398
17.0844645833334,9.27695360883081
17.0847979166667,9.29349006802659
17.0851312500001,9.29739631823031
17.0854645833334,9.29804735993094
17.0857979166667,9.30182340179454
17.0861312500001,9.31145881896373
17.0864645833334,9.31458381912671
17.0867979166667,9.32057340277243
17.0871312500001,9.32447965297615
17.0874645833334,9.33307340342435
17.0877979166667,9.34453173735528
17.0881312500001,9.35599007128622
17.0884645833334,9.35716194634733
17.0887979166667,9.35221402942261
17.0891312500001,9.35872444642882
17.0894645833334,9.3628911133128
17.0897979166667,9.37135465542087
17.0901312500001,9.37838590578758
17.0904645833334,9.39036507307901
17.0907979166667,9.39492236498336
17.0911312500001,9.39218798984075
17.0914645833334,9.39661507340497
17.0917979166667,9.40442757381243
17.0921312500001,9.41536507438286
17.0924645833334,9.41419319932174
17.0927979166667,9.41783903284522
17.0931312500001,9.42877653341566
17.0934645833334,9.44101611738734
17.0937979166667,9.44127653406759
17.0941312500001,9.44140674240771
17.0944645833334,9.4515629929374
17.0947979166667,9.46106820176647
17.0951312500001,9.46276091018808
17.0954645833334,9.46354216022883
17.0957979166667,9.46757861877268
17.0961312500001,9.47395882743876
17.0964645833334,9.48476611966908
17.0967979166667,9.49023486995429
17.0971312500001,9.49205778671603
17.0974645833334,9.49192757837591
17.0977979166667,9.5058598707692
17.0981312500001,9.51145882939454
17.0984645833334,9.51888070478162
17.0987979166667,9.51653695465939
17.0991312500001,9.52721403854958
17.0994645833334,9.53411508057616
17.0997979166667,9.54335987272498
17.1001312500001,9.54765674794908
17.1004645833334,9.55221403985343
17.1007979166667,9.55755258179852
17.1011312500001,9.56406299880473
17.1014645833334,9.56614633224672
17.1017979166667,9.5649744571856
17.1021312500001,9.57552133273566
17.1024645833334,9.5816411247215
17.1027979166667,9.58789112504746
17.1031312500001,9.57812549953815
17.1034645833334,9.58151091638138
17.1037979166667,9.58802133338759
17.1041312500001,9.60091195905989
17.1044645833334,9.60013070901914
17.1047979166667,9.60664112602535
17.1051312500001,9.62148487679952
17.1054645833334,9.6417973778589
17.1057979166667,9.64192758619902
17.1061312500001,9.63333383575082
17.1064645833334,9.63346404409094
17.1067979166668,9.64765675316449
17.1071312500001,9.64869841988548
17.1074645833334,9.63515675251256
17.1077979166668,9.62890675218659
17.1081312500001,9.63984425275703
17.1084645833334,9.65065154498734
17.1087979166668,9.65572967025219
17.1091312500001,9.65117237834784
17.1094645833334,9.65429737851082
17.1097979166668,9.66041717049666
17.1101312500001,9.66731821252324
17.1104645833334,9.67656300467206
17.1107979166668,9.67487029625045
17.1111312500001,9.67343800450908
17.1114645833334,9.66901092094486
17.1117979166668,9.67656300467206
17.1121312500001,9.68033904653566
17.1124645833334,9.68242237997765
17.1127979166668,9.6746098795702
17.1131312500001,9.6740890462097
17.1134645833334,9.68372446337889
17.1137979166668,9.69479217228945
17.1141312500001,9.70117238095554
17.1144645833334,9.69583383901045
17.1147979166668,9.69218800548697
17.1151312500001,9.70143279763579
17.1154645833334,9.70716196460126
17.1157979166668,9.70690154792101
17.1161312500001,9.69388071390859
17.1164645833334,9.70260467269691
17.1167979166668,9.7127609232266
17.1171312500001,9.72591196557914
17.1174645833334,9.71914113189269
17.1177979166668,9.71979217359331
17.1181312500001,9.73255259092548
17.1184645833334,9.74388071651629
17.1187979166668,9.74895884178113
17.1191312500001,9.73567759108846
17.1194645833334,9.73151092420449
17.1197979166668,9.73307342428598
17.1201312500001,9.73984425797244
17.1204645833334,9.74505259157741
17.1207979166668,9.74895884178113
17.1211312500001,9.76666717603803
17.1214645833334,9.78190155183256
17.1217979166668,9.79856821936846
17.1221312500001,9.79947967774933
17.1224645833334,9.79869842770859
17.1227979166668,9.79635467758635
17.1231312500001,9.80169321953144
17.1234645833334,9.80481821969443
17.1237979166668,9.8180994703871
17.1241312500001,9.81979217880871
17.1244645833334,9.82252655395132
17.1247979166668,9.81601613694511
17.1251312500001,9.81966197046859
17.1254645833334,9.83268280448101
17.1257979166668,9.85052134707803
17.1261312500001,9.85703176408424
17.1264645833334,9.85208384715952
17.1267979166668,9.84518280513294
17.1271312500001,9.85677134740399
17.1274645833334,9.87174530651828
17.1277979166668,9.88085989032697
17.1281312500001,9.87500051502138
17.1284645833334,9.87382863996027
17.1287979166668,9.88658905729244
17.1291312500001,9.89895884960424
17.1294645833334,9.90351614150859
17.1297979166668,9.8938807243394
17.1301312500001,9.89309947429865
17.1304645833334,9.90638072499132
17.1307979166668,9.92252655916673
17.1311312500001,9.93229218467604
17.1314645833334,9.93346405973716
17.1317979166668,9.94114635180449
17.1321312500001,9.95455781083729
17.1324645833334,9.96614635310834
17.1327979166668,9.96393281132623
17.1331312500001,9.961589061204
17.1334645833334,9.95820364436077
17.1337979166668,9.96210989456449
17.1341312500001,9.96341197796574
17.1344645833335,9.96445364468673
17.1347979166668,9.96458385302685
17.1351312500001,9.96705781148921
17.1354645833334,9.97070364501269
17.1357979166668,9.9777348953794
17.1361312500001,9.97994843716151
17.1364645833335,9.98072968720226
17.1367979166668,9.99049531271157
17.1371312500001,9.9997401048604
17.1374645833334,10.0109380221111
17.1377979166668,10.0061203135265
17.1381312500001,10.0078130219481
17.1384645833335,10.0032557300437
17.1387979166668,10.0054692718259
17.1391312500001,10.0027348966833
17.1394645833335,10.0148442723148
17.1397979166668,10.0194015642192
17.1401312500001,10.0252609395247
17.1404645833335,10.0266932312661
17.1407979166668,10.0277348979871
17.1411312500001,10.0273442729667
17.1414645833335,10.0294276064087
17.1417979166668,10.0302088564495
17.1421312500001,10.043359898802
17.1424645833335,10.0484380240669
17.1427979166668,10.0623703164601
17.1431312500001,10.0647140665824
17.1434645833335,10.0602869830182
17.1437979166668,10.0566411494947
17.1441312500001,10.063281774841
17.1444645833335,10.0820317758189
17.1447979166668,10.1059901104018
17.1451312500001,10.0988286516949
17.1454645833335,10.0986984433548
17.1457979166668,10.0916671929881
17.1461312500001,10.1035161519394
17.1464645833335,10.1078130271635
17.1467979166668,10.1078130271635
17.1471312500001,10.111458860687
17.1474645833335,10.1248703197198
17.1477979166668,10.1339849035285
17.1481312500001,10.1364588619908
17.1484645833335,10.1259119864408
17.1487979166668,10.1252609447401
17.1491312500001,10.1304692783451
17.1494645833335,10.1368494870112
17.1497979166668,10.1397140704939
17.1501312500001,10.1464849041804
17.1504645833335,10.1580734464515
17.1507979166668,10.1723963638651
17.1511312500001,10.184896364517
17.1514645833335,10.190104698122
17.1517979166668,10.1966151151282
17.1521312500001,10.1962244901079
17.1524645833335,10.1914067815233
17.1527979166668,10.1923182399041
17.1531312500001,10.2059901156172
17.1534645833335,10.2177088662284
17.1537979166668,10.2140630327049
17.1541312500001,10.2123703242833
17.1544645833335,10.2226567831531
17.1547979166668,10.2304692835605
17.1551312500001,10.2255213666358
17.1554645833335,10.2174484495481
17.1557979166668,10.2263026166765
17.1561312500001,10.2363286588661
17.1564645833335,10.2444015759538
17.1567979166668,10.2425786591921
17.1571312500001,10.2510422013002
17.1574645833335,10.2588547017076
17.1577979166668,10.2671880354756
17.1581312500001,10.2683599105367
17.1584645833335,10.2710942856793
17.1587979166668,10.2721359524003
17.1591312500001,10.2667974104552
17.1594645833335,10.2600265767687
17.1597979166668,10.2625005352311
17.1601312500001,10.2778651193657
17.1604645833335,10.2975265787245
17.1607979166668,10.3065109541931
17.1611312500002,10.298047412085
17.1614645833335,10.2904953283578
17.1617979166668,10.2946619952418
17.1621312500001,10.3080734542746
17.1624645833335,10.3106776210771
17.1627979166668,10.2976567870646
17.1631312500002,10.2932297035004
17.1634645833335,10.3063807458529
17.1637979166668,10.3201828299061
17.1641312500002,10.321094288287
17.1644645833335,10.3102869960567
17.1647979166668,10.3149744963011
17.1651312500002,10.3281255386537
17.1654645833335,10.3453130395501
17.1657979166668,10.3427088727476
17.1661312500002,10.335807830721
17.1664645833335,10.3302088720957
17.1667979166668,10.3328130388982
17.1671312500002,10.3321619971975
17.1674645833335,10.3322922055377
17.1677979166668,10.3433599144482
17.1681312500002,10.3576828318619
17.1684645833335,10.3614588737255
17.1687979166668,10.3575526235218
17.1691312500002,10.3664067906502
17.1694645833335,10.374609916078
17.1697979166668,10.3837244998867
17.1701312500002,10.3764328328398
17.1704645833335,10.3852869999682
17.1707979166668,10.3930995003757
17.1711312500002,10.4057297093677
17.1714645833335,10.4106776262925
17.1717979166668,10.4171880432987
17.1721312500002,10.4199224184413
17.1724645833335,10.4194015850808
17.1727979166668,10.4184901266999
17.1731312500002,10.4218755435431
17.1734645833335,10.4292974189302
17.1737979166668,10.4424484612828
17.1741312500002,10.4438807530241
17.1744645833335,10.4369797109976
17.1747979166668,10.4252609603864
17.1751312500002,10.427995335529
17.1754645833335,10.4415370029019
17.1757979166668,10.4509120033908
17.1761312500002,10.4570317953767
17.1764645833335,10.4592453371588
17.1767979166668,10.464714087444
17.1771312500002,10.4684901293076
17.1774645833335,10.4697922127089
17.1777979166668,10.4710942961101
17.1781312500002,10.4751307546539
17.1784645833335,10.4782557548169
17.1787979166668,10.4868495052651
17.1791312500002,10.5020838810597
17.1794645833335,10.5151047150721
17.1797979166668,10.5171880485141
17.1801312500002,10.516016173453
17.1804645833335,10.5231776321598
17.1807979166668,10.5321620076284
17.1811312500002,10.5373703412333
17.1814645833335,10.5395838830154
17.1817979166668,10.5427088831784
17.1821312500002,10.550651591926
17.1824645833335,10.5576828422927
17.1827979166668,10.5678390928224
17.1831312500002,10.5733078431076
17.1834645833335,10.573698468128
17.1837979166668,10.5798182601138
17.1841312500002,10.5765630516107
17.1844645833335,10.587370343841
17.1847979166668,10.5929693024664
17.1851312500002,10.6015630529146
17.1854645833335,10.5993495111325
17.1857979166668,10.6071620115399
17.1861312500002,10.6148443036072
17.1864645833335,10.6255213874974
17.1867979166668,10.6213547206135
17.1871312500002,10.6317713878234
17.1874645833335,10.6459640968969
17.1877979166668,10.6667974313168
17.1881312500002,10.6757818067854
17.1884645833335,10.6791672236286
17.1887979166668,10.6770838901866
17.1891312500002,10.6841151405533
17.1894645833335,10.6858078489749
17.1897979166669,10.6885422241176
17.1901312500002,10.6882818074373
17.1904645833335,10.6898443075188
17.1907979166669,10.7028651415312
17.1911312500002,10.7109380586189
17.1914645833335,10.723568267611
17.1917979166668,10.7317713930388
17.1921312500002,10.738281810045
17.1924645833335,10.742448476929
17.1927979166669,10.7458338937722
17.1931312500002,10.7527349357988
17.1934645833335,10.7559901443019
17.1937979166669,10.7515630607377
17.1941312500002,10.7541672275402
17.1944645833335,10.7631516030087
17.1947979166669,10.7710943117563
17.1951312500002,10.7658859781513
17.1954645833335,10.762370352968
17.1957979166669,10.766537019852
17.1961312500002,10.7680995199335
17.1964645833335,10.7695318116748
17.1967979166669,10.7751307703002
17.1971312500002,10.7877609792922
17.1974645833335,10.7933599379176
17.1977979166669,10.7876307709521
17.1981312500002,10.7897141043941
17.1984645833335,10.7953130630194
17.1987979166669,10.8061203552497
17.1991312500002,10.8089849387325
17.1994645833335,10.8036463967874
17.1997979166669,10.8036463967874
17.2001312500002,10.8072922303108
17.2004645833335,10.8196620226227
17.2007979166669,10.8205734810035
17.2011312500002,10.8085943137121
17.2014645833335,10.8062505635899
17.2017979166669,10.8076828553312
17.2021312500002,10.8102870221337
17.2024645833335,10.809505772093
17.2027979166669,10.8100266054535
17.2031312500002,10.8136724389769
17.2034645833335,10.8154953557387
17.2037979166669,10.8165370224597
17.2041312500002,10.8264328563091
17.2044645833335,10.8268234813295
17.2047979166669,10.8266932729894
17.2051312500002,10.826302647969
17.2054645833335,10.8265630646492
17.2057979166669,10.820052647643
17.2061312500002,10.8036463967874
17.2064645833335,10.8036463967874
17.2067979166669,10.8036463967874
17.2071312500002,10.8151047307183
17.2074645833335,10.8121099388954
17.2077979166669,10.8174484808405
17.2081312500002,10.8134120222967
17.2084645833335,10.8031255634269
17.2087979166669,10.7972661881213
17.2091312500002,10.8040370218077
17.2094645833335,10.8143234806776
17.2097979166669,10.8171880641603
17.2101312500002,10.8136724389769
17.2104645833335,10.8207036893436
17.2107979166669,10.8266932729894
17.2111312500002,10.8268234813295
17.2114645833335,10.8149745223782
17.2117979166669,10.8114588971948
17.2121312500002,10.8126307722559
17.2124645833335,10.8183599392214
17.2127979166669,10.8111984805146
17.2131312500002,10.7989588965429
17.2134645833333,10.7889328543533
17.2137979166667,10.7946620213188
17.21413125,10.8010422299849
17.2144645833333,10.8023443133861
17.2147979166667,10.799089104883
17.21513125,10.8020838967059
17.2154645833333,10.8076828553312
17.2157979166667,10.8062505635899
17.21613125,10.7964849380805
17.2164645833333,10.7947922296589
17.2167979166667,10.8006516049645
17.21713125,10.8050786885287
17.2174645833333,10.803255771767
17.2177979166667,10.7945318129787
17.21813125,10.7988286882028
17.2184645833333,10.7967453547608
17.2187979166667,10.7967453547608
17.21913125,10.7871099375916
17.2194645833333,10.7966151464207
17.2197979166667,10.7973963964614
17.22013125,10.8057297302294
17.2204645833333,10.7951828546793
17.2207979166667,10.7976568131417
17.22113125,10.7963547297404
17.2214645833333,10.8005213966244
17.2217979166667,10.7937505629379
17.22213125,10.7951828546793
17.2224645833333,10.7877609792922
17.2227979166667,10.7954432713595
17.22313125,10.7852870208299
17.2234645833333,10.7829432707076
17.2237979166667,10.7776047287625
17.22413125,10.7894536877138
17.2244645833333,10.8007818133046
17.2247979166667,10.8015630633454
17.22513125,10.7914068128157
17.2254645833334,10.7920578545163
17.2257979166667,10.7966151464207
17.22613125,10.8000005632639
17.2264645833334,10.8010422299849
17.2267979166667,10.8037766051275
17.22713125,10.8101568137936
17.2274645833334,10.8050786885287
17.2277979166667,10.80638077193
17.22813125,10.8062505635899
17.2284645833334,10.8076828553312
17.2287979166667,10.797005771441
17.22913125,10.7992193132231
17.2294645833334,10.8009120216448
17.2297979166667,10.8058599385695
17.23013125,10.7996099382435
17.2304645833334,10.7966151464207
17.2307979166667,10.7993495215633
17.23113125,10.8039068134676
17.2314645833334,10.8045578551682
17.2317979166667,10.8040370218077
17.23213125,10.8048182718485
17.2324645833334,10.8156255640788
17.2327979166667,10.8218755644048
17.23313125,10.8205734810035
17.2334645833334,10.8175786891807
17.2337979166667,10.8076828553312
17.23413125,10.8057297302294
17.2344645833334,10.8050786885287
17.2347979166667,10.8207036893436
17.23513125,10.8238286895066
17.2354645833334,10.8119797305553
17.2357979166667,10.7996099382435
17.23613125,10.7929693128972
17.2364645833334,10.8097661887732
17.2367979166667,10.8104172304738
17.23713125,10.8089849387325
17.2374645833334,10.7988286882028
17.2377979166667,10.8092453554127
17.23813125,10.8117193138751
17.2384645833334,10.8131516056164
17.2387979166667,10.7979172298219
17.23913125,10.8062505635899
17.2394645833334,10.8144536890177
17.2397979166667,10.8236984811665
17.24013125,10.823177647806
17.2404645833334,10.8130213972763
17.2407979166667,10.8191411892622
17.24113125,10.8264328563091
17.2414645833334,10.8338547316962
17.2417979166667,10.8248703562276
17.24213125,10.8196620226227
17.2424645833334,10.823177647806
17.2427979166667,10.8292974397918
17.24313125,10.8266932729894
17.2434645833334,10.8195318142825
17.2437979166667,10.8144536890177
17.24413125,10.8227870227856
17.2444645833334,10.8295578564721
17.2447979166667,10.82734431469
17.24513125,10.8147141056979
17.2454645833334,10.808464105372
17.2457979166667,10.8144536890177
17.24613125,10.821094314364
17.2464645833334,10.8248703562276
17.2467979166667,10.81692764748
17.24713125,10.8083338970318
17.2474645833334,10.8136724389769
17.2477979166667,10.8285161897511
17.24813125,10.8531255660346
17.2484645833334,10.8585943163198
17.2487979166667,10.8595057747007
17.24913125,10.8481776491099
17.2494645833334,10.8457036906475
17.2497979166667,10.8519536909735
17.25013125,10.8516932742932
17.2504645833334,10.8473963990691
17.2507979166667,10.8438807738858
17.25113125,10.8580734829593
17.2514645833334,10.8669276500877
17.2517979166667,10.8606776497618
17.2521312500001,10.8531255660346
17.2524645833334,10.8580734829593
17.2527979166667,10.8773443172977
17.2531312500001,10.8914068180311
17.2534645833334,10.8848964010249
17.2537979166667,10.8753911921958
17.2541312500001,10.8635422332445
17.2544645833334,10.8674484834482
17.2547979166667,10.8726568170532
17.2551312500001,10.8855474427255
17.2554645833334,10.8975266100169
17.2557979166667,10.9036464020028
17.2561312500001,10.9042974437034
17.2564645833334,10.9037766103429
17.2567979166667,10.9089849439479
17.2571312500001,10.9082036939071
17.2574645833334,10.9015630685608
17.2577979166667,10.8975266100169
17.2581312500001,10.9003911934997
17.2584645833334,10.912240152451
17.2587979166667,10.9119797357707
17.2591312500001,10.9062505688053
17.2594645833334,10.907031818846
17.2597979166667,10.912240152451
17.2601312500001,10.914323485893
17.2604645833334,10.9235682780418
17.2607979166667,10.9365891120542
17.2611312500001,10.9518234878487
17.2614645833334,10.9493495293864
17.2617979166667,10.9393234871968
17.2621312500001,10.9433599457407
17.2624645833334,10.9513026544882
17.2627979166667,10.9492193210463
17.2631312500001,10.9304693200684
17.2634645833334,10.9287766116468
17.2637979166667,10.9410161956184
17.2641312500001,10.9555995297123
17.2644645833334,10.9576828631543
17.2647979166667,10.9608078633173
17.2651312500001,10.976172447452
17.2654645833334,10.976172447452
17.2657979166667,10.9727870306087
17.2661312500001,10.9701828638063
17.2664645833334,10.9701828638063
17.2667979166667,10.9742193223501
17.2671312500001,10.9626307800791
17.2674645833334,10.9619797383784
17.2677979166667,10.9606776549772
17.2681312500001,10.9712245305273
17.2684645833334,10.9734380723094
17.2687979166667,10.9695318221056
17.2691312500001,10.9690109887451
17.2694645833334,10.9708339055069
17.2697979166667,10.978255780894
17.2701312500001,10.979297447615
17.2704645833334,10.9822922394378
17.2707979166667,10.9800786976557
17.2711312500001,10.9828130727983
17.2714645833334,10.9854172396008
17.2717979166667,10.994010990049
17.2721312500001,10.9858078646212
17.2724645833334,10.9886724481039
17.2727979166667,10.9938807817089
17.2731312500001,11.0130214077071
17.2734645833334,11.0131516160473
17.2737979166667,11.0028651571774
17.2741312500001,10.9951828651101
17.2744645833334,11.0010422404157
17.2747979166667,11.0223964081961
17.2751312500001,11.0346359921678
17.2754645833334,11.0295578669029
17.2757979166667,11.027604741801
17.2761312500001,11.0256516166992
17.2764645833334,11.0414068258542
17.2767979166667,11.0423182842351
17.2771312500001,11.0407557841536
17.2774645833334,11.0378912006709
17.2777979166667,11.0367193256097
17.2781312500001,11.0351568255282
17.2784645833334,11.0319016170251
17.2787979166667,11.0322922420455
17.2791312500001,11.0377609923307
17.2794645833334,11.0355474505486
17.2797979166668,11.043229742616
17.2801312500001,11.0446620343573
17.2804645833334,11.0523443264246
17.2807979166668,11.0444016176771
17.2811312500001,11.0583339100704
17.2814645833334,11.0708339107223
17.2817979166668,11.0785162027896
17.2821312500001,11.0734380775248
17.2824645833334,11.0731776608445
17.2827979166668,11.0861984948569
17.2831312500001,11.0951828703255
17.2834645833334,11.0921880785027
17.2837979166668,11.0826828696736
17.2841312500001,11.0699224523414
17.2844645833334,11.0763026610075
17.2847979166668,11.0912766201218
17.2851312500001,11.1101568294398
17.2854645833334,11.1169276631263
17.2857979166668,11.1111984961608
17.2861312500001,11.1149745380244
17.2864645833334,11.1093755793991
17.2867979166668,11.1188807882281
17.2871312500001,11.1164068297658
17.2874645833334,11.1247401635337
17.2877979166668,11.1316412055603
17.2881312500001,11.1425787061307
17.2884645833334,11.1440109978721
17.2887979166668,11.1398443309881
17.2891312500001,11.1425787061307
17.2894645833334,11.1535162067012
17.2897979166668,11.1608078737481
17.2901312500001,11.1678391241148
17.2904645833334,11.1727870410396
17.2907979166668,11.1838547499501
17.2911312500001,11.1808599581273
17.2914645833334,11.1863287084125
17.2917979166668,11.1962245422619
17.2921312500001,11.209896417975
17.2924645833334,11.2174485017022
17.2927979166668,11.2110682930361
17.2931312500001,11.2165370433213
17.2934645833334,11.2311203774152
17.2937979166668,11.2514328784746
17.2941312500001,11.2588547538617
17.2944645833334,11.2595057955623
17.2947979166668,11.2684901710309
17.2951312500001,11.2835943384853
17.2954645833334,11.295833922457
17.2957979166668,11.2988287142798
17.2961312500001,11.3018235061027
17.2964645833334,11.3149745484552
17.2967979166668,11.3295578825491
17.2971312500001,11.3416672581807
17.2974645833334,11.3542974671727
17.2977979166668,11.3680995512259
17.2981312500001,11.3781255934155
17.2984645833334,11.3764328849938
17.2987979166668,11.3829433020001
17.2991312500001,11.394401635931
17.2994645833334,11.4089849700249
17.2997979166668,11.4138026786095
17.3001312500001,11.4147141369904
17.3004645833334,11.4263026792614
17.3007979166668,11.4375005965121
17.3011312500001,11.451042263885
17.3014645833334,11.4462245553004
17.3017979166668,11.4536464306875
17.3021312500001,11.476172473529
17.3024645833334,11.492969349405
17.3027979166668,11.4988287247106
17.3031312500001,11.4907558076229
17.3034645833334,11.4989589330507
17.3037979166668,11.512891225444
17.3041312500001,11.5302089346806
17.3044645833334,11.5468756022165
17.3047979166668,11.5632818530721
17.3051312500001,11.5707037284592
17.3054645833334,11.5730474785814
17.3057979166668,11.5826828957506
17.3061312500001,11.5907558128383
17.3064645833334,11.6023443551094
17.3067979166668,11.596745396484
17.3071312500001,11.6039068551909
17.3074645833335,11.6128912306594
17.3077979166668,11.627083939733
17.3081312500001,11.6358078985213
17.3084645833335,11.6390631070244
17.3087979166668,11.6385422736639
17.3091312500001,11.6489589408739
17.3094645833335,11.6677089418517
17.3097979166668,11.6830735259864
17.3101312500001,11.6884120679315
17.3104645833335,11.6911464430741
17.3107979166668,11.7071620689094
17.3111312500001,11.7165370693983
17.3114645833335,11.7117193608137
17.3117979166668,11.7071620689094
17.3121312500001,11.7011724852637
17.3124645833335,11.7167974860786
17.3127979166668,11.7218756113434
17.3131312500001,11.7451829042257
17.3134645833335,11.7561204047961
17.3137979166668,11.772787072332
17.3141312500001,11.7763026975153
17.3144645833335,11.7930995733914
17.3147979166668,11.8011724904791
17.3151312500001,11.8101568659476
17.3154645833335,11.8134120744508
17.3157979166668,11.8200526997971
17.3161312500001,11.822005824899
17.3164645833335,11.8214849915385
17.3167979166668,11.8354172839317
17.3171312500001,11.8506516597263
17.3174645833335,11.8479172845837
17.3177979166668,11.8423183259583
17.3181312500001,11.8516933264473
17.3184645833335,11.8759120777104
17.3187979166668,11.8895839534234
17.3191312500001,11.8889329117228
17.3194645833335,11.8968756204704
17.3197979166668,11.901693329055
17.3201312500001,11.9085943710816
17.3204645833335,11.9049485375581
17.3207979166668,11.9007818706741
17.3211312500001,11.9166672881693
17.3214645833335,11.9300787472021
17.3217979166668,11.9421881228336
17.3221312500001,11.9338547890657
17.3224645833335,11.9339849974058
17.3227979166668,11.9403652060719
17.3231312500001,11.9401047893916
17.3234645833335,11.9411464561126
17.3237979166668,11.9442714562756
17.3241312500001,11.9565110402473
17.3244645833335,11.9626308322331
17.3247979166668,11.9580735403288
17.3251312500001,11.9483079148195
17.3254645833335,11.9470058314182
17.3257979166668,11.9548183318257
17.3261312500001,11.9649745823554
17.3264645833335,11.9718756243819
17.3267979166668,11.9768235413067
17.3271312500001,11.9794277081091
17.3274645833335,11.9738287494838
17.3277979166668,11.9731777077832
17.3281312500001,11.9837245833332
17.3284645833335,11.9947922922438
17.3287979166668,11.9975266673864
17.3291312500001,11.9984381257673
17.3294645833335,12.0014329175901
17.3297979166668,12.0052089594537
17.3301312500001,11.9951829172642
17.3304645833335,11.9843756250339
17.3307979166668,11.9869797918363
17.3311312500001,12.0050787511136
17.3314645833335,12.0140631265822
17.3317979166668,12.0084641679568
17.3321312500001,11.999219375808
17.3324645833335,12.009636043018
17.3327979166668,12.0257818771934
17.3331312500001,12.0279954189755
17.3334645833335,12.019141251847
17.3337979166668,12.0148443766229
17.3341312500002,12.0315110441588
17.3344645833335,12.0309902107983
17.3347979166668,12.0218756269896
17.3351312500002,12.0057297928142
17.3354645833335,12.0078131262562
17.3357979166668,12.0132818765414
17.3361312500002,12.0061204178346
17.3364645833335,12.0095058346778
17.3367979166668,12.0101568763785
17.3371312500002,12.0151047933032
17.3374645833335,12.0040370843926
17.3377979166668,12.0079433345964
17.3381312500002,12.0119797931402
17.3384645833335,12.0174485434254
17.3387979166668,12.0102870847186
17.3391312500002,12.0084641679568
17.3394645833335,12.0141933349223
17.3397979166668,12.0190110435069
17.3401312500002,12.0108079180791
17.3404645833335,11.9970058340259
17.3407979166668,11.978255833048
17.3411312500002,11.9888027085981
17.3414645833335,12.0001308341889
17.3417979166668,12.0157558350038
17.3421312500002,12.0057297928142
17.3424645833335,11.9877610418771
17.3427979166668,11.9809902081906
17.3431312500002,11.9790370830888
17.3434645833335,11.9811204165308
17.3437979166668,11.9727870827628
17.3441312500002,11.9654954157159
17.3444645833335,11.979297499769
17.3447979166668,11.9915370837407
17.3451312500002,12.0049485427735
17.3454645833335,11.9953131256043
17.3457979166668,11.988672500258
17.3461312500002,11.9877610418771
17.3464645833335,11.9912766670604
17.3467979166668,11.9973964590463
17.3471312500002,12.0104172930587
17.3474645833335,12.0184902101464
17.3477979166668,12.0209641686088
17.3481312500002,12.0226568770304
17.3484645833335,12.0225266686903
17.3487979166668,12.0221360436699
17.3491312500002,12.0149745849631
17.3494645833335,12.0194016685273
17.3497979166668,12.0247402104724
17.3501312500002,12.0227870853705
17.3504645833335,12.0289068773564
17.3507979166668,12.0423183363891
17.3511312500002,12.0507818784972
17.3514645833335,12.0414068780083
17.3517979166668,12.0369797944441
17.3521312500002,12.0404954196274
17.3524645833335,12.0502610451367
17.3527979166668,12.0486985450552
17.3531312500002,12.0406256279675
17.3534645833335,12.0359381277231
17.3537979166668,12.0444016698311
17.3541312500002,12.0541672953405
17.3544645833335,12.0563808371226
17.3547979166668,12.0416672946885
17.3551312500002,12.0388027112058
17.3554645833335,12.0434902114503
17.3557979166668,12.0540370870003
17.3561312500002,12.0528652119392
17.3564645833335,12.0584641705646
17.3567979166668,12.0592454206053
17.3571312500002,12.0674485460331
17.3574645833335,12.0667975043325
17.3577979166668,12.0736985463591
17.3581312500002,12.0779954215832
17.3584645833335,12.0776047965628
17.3587979166668,12.06419333753
17.3591312500002,12.0570318788232
17.3594645833335,12.069401671135
17.3597979166668,12.0929693806975
17.3601312500002,12.1024745895265
17.3604645833335,12.089323547174
17.3607979166668,12.0869797970518
17.3611312500002,12.0936204223981
17.3614645833335,12.1067714647506
17.3617979166669,12.110287089934
17.3621312500002,12.1174485486408
17.3624645833335,12.1248704240279
17.3627979166669,12.1273443824903
17.3631312500002,12.1182297986816
17.3634645833335,12.1079433398118
17.3637979166669,12.1024745895265
17.3641312500002,12.1074225064513
17.3644645833335,12.1161464652396
17.3647979166669,12.1162766735797
17.3651312500002,12.1135422984371
17.3654645833335,12.1145839651581
17.3657979166669,12.1221360488853
17.3661312500002,12.136458966299
17.3664645833335,12.1368495913193
17.3667979166669,12.1444016750465
17.3671312500002,12.1424485499447
17.3674645833335,12.1537766755355
17.3677979166669,12.1533860505151
17.3681312500002,12.1580735507596
17.3684645833335,12.1540370922157
17.3687979166669,12.1557298006373
17.3691312500002,12.1460943834682
17.3694645833335,12.1514329254132
17.3697979166669,12.1572923007188
17.3701312500002,12.1675787595887
17.3704645833335,12.1675787595887
17.3707979166669,12.1601568842016
17.3711312500002,12.15846417578
17.3714645833335,12.1623704259837
17.3717979166669,12.1697923013708
17.3721312500002,12.1717454264726
17.3724645833335,12.1631516760244
17.3727979166669,12.1605475092219
17.3731312500002,12.1662766761874
17.3734645833335,12.1761725100369
17.3737979166669,12.1813808436418
17.3741312500002,12.1846360521449
17.3744645833335,12.1880214689882
17.3747979166669,12.1949225110147
17.3751312500002,12.198307927858
17.3754645833335,12.1981777195178
17.3757979166669,12.2000006362796
17.3761312500002,12.1843756354647
17.3764645833335,12.1851568855054
17.3767979166669,12.1850266771653
17.3771312500002,12.2029954281024
17.3774645833335,12.2027350114222
17.3777979166669,12.1997402195993
17.3781312500002,12.2032558447827
17.3784645833335,12.2279954294063
17.3787979166669,12.2334641796915
17.3791312500002,12.2358079298137
17.3794645833335,12.2186204289173
17.3797979166669,12.2169277204957
17.3801312500002,12.2214850124001
17.3804645833335,12.2229173041414
17.3807979166669,12.2283860544267
17.3811312500002,12.227735012726
17.3814645833335,12.2285162627668
17.3817979166669,12.2328131379909
17.3821312500002,12.2270839710254
17.3824645833335,12.2233079291618
17.3827979166669,12.2093756367685
17.3831312500002,12.218229803897
17.3834645833335,12.23190167961
17.3837979166669,12.2356777214736
17.38413125,12.2266933460051
17.3844645833333,12.2190110539377
17.3847979166667,12.2186204289173
17.38513125,12.2244798042229
17.3854645833333,12.2295579294878
17.3857979166667,12.2304693878687
17.38613125,12.2299485545082
17.3864645833333,12.2333339713514
17.3867979166667,12.2455735553231
17.38713125,12.236068346494
17.3874645833333,12.2187506372575
17.3877979166667,12.2111985535303
17.38813125,12.216146470455
17.3884645833333,12.2238287625223
17.3887979166667,12.2169277204957
17.38913125,12.218229803897
17.3894645833333,12.2175787621964
17.3897979166667,12.219271470618
17.39013125,12.2174485538562
17.3904645833333,12.2167975121556
17.3907979166667,12.2199225123186
17.39113125,12.2186204289173
17.3914645833333,12.2110683451901
17.3917979166667,12.2117193868908
17.39213125,12.2235683458421
17.3924645833333,12.2315110545896
17.3927979166667,12.2247402209032
17.39313125,12.2070318866463
17.3934645833333,12.2059902199253
17.3937979166667,12.22135480406
17.39413125,12.2260423043044
17.3944645833333,12.2259120959643
17.3947979166667,12.214063137013
17.39513125,12.2184902205772
17.3954645833333,12.2238287625223
17.3957979166667,12.2321620962903
17.39613125,12.2378912632557
17.3964645833333,12.2341152213921
17.3967979166667,12.2312506379094
17.39713125,12.2304693878687
17.3974645833334,12.2394537633372
17.3977979166667,12.2428391801805
17.39813125,12.2326829296508
17.3984645833334,12.2346360547526
17.3987979166667,12.2510423056083
17.39913125,12.2718756400282
17.3994645833334,12.2664068897429
17.3997979166667,12.2463548053638
17.40013125,12.2498704305472
17.4004645833334,12.2674485564639
17.4007979166667,12.2787766820547
17.40113125,12.2687506398652
17.4014645833334,12.2684902231849
17.4017979166667,12.2747402235109
17.40213125,12.2850266823807
17.4024645833334,12.2756516818918
17.4027979166667,12.2776048069936
17.40313125,12.2809902238369
17.4034645833334,12.2877610575233
17.4037979166667,12.2919277244073
17.40413125,12.29479230789
17.4044645833334,12.2992193914542
17.4047979166667,12.297917308053
17.40513125,12.3019537665969
17.4054645833334,12.3082037669228
17.4057979166667,12.3233079343772
17.40613125,12.3300787680637
17.4064645833334,12.3352871016687
17.4067979166667,12.33671939341
17.40713125,12.338802726852
17.4074645833334,12.3489589773817
17.4077979166667,12.3539068943064
17.40813125,12.3656256449176
17.4084645833334,12.3699225201417
17.4087979166667,12.380729812372
17.40913125,12.3856777292967
17.4094645833334,12.3850266875961
17.4097979166667,12.3842454375554
17.41013125,12.3856777292967
17.4104645833334,12.3927089796634
17.4107979166667,12.4011725217715
17.41113125,12.4102871055802
17.4114645833334,12.4177089809673
17.4117979166667,12.4248704396741
17.41213125,12.4220058561914
17.4124645833334,12.4363287736051
17.4127979166667,12.4432298156316
17.41313125,12.454037107862
17.4134645833334,12.4402350238088
17.4137979166667,12.4303391899593
17.41413125,12.432031898381
17.4144645833334,12.4450527323934
17.4147979166667,12.450912107699
17.41513125,12.4513027327193
17.4154645833334,12.4550787745829
17.4157979166667,12.4673183585546
17.41613125,12.4751308589621
17.4164645833334,12.4725266921596
17.4167979166667,12.4764329423633
17.41713125,12.4852871094918
17.4174645833334,12.4970058601029
17.4177979166667,12.4963548184023
17.41813125,12.4927089848788
17.4184645833334,12.4962246100622
17.4187979166667,12.5057298188913
17.41913125,12.5148444027
17.4194645833334,12.5113287775166
17.4197979166667,12.5123704442376
17.42013125,12.5087246107141
17.4204645833334,12.5178391945228
17.4207979166667,12.5240891948488
17.42113125,12.5371100288612
17.4214645833334,12.5447923209285
17.4217979166667,12.5382819039223
17.42213125,12.5302089868346
17.4224645833334,12.5320319035964
17.4227979166667,12.5407558623847
17.42313125,12.5498704461934
17.4234645833334,12.54635482101
17.4237979166667,12.5464850293502
17.4241312500001,12.5498704461934
17.4244645833334,12.554688154778
17.4247979166667,12.5574225299206
17.4251312500001,12.5522141963156
17.4254645833334,12.5561204465193
17.4257979166667,12.5634121135663
17.4261312500001,12.5740891974565
17.4264645833334,12.5691412805318
17.4267979166667,12.5720058640145
17.4271312500001,12.5783860726806
17.4274645833334,12.58828190653
17.4277979166667,12.5889329482307
17.4281312500001,12.5877610731695
17.4284645833334,12.57773503098
17.4287979166667,12.5688808638515
17.4291312500001,12.5705735722731
17.4294645833334,12.5825527395646
17.4297979166667,12.5835944062856
17.4301312500001,12.5803391977824
17.4304645833334,12.5901048232918
17.4307979166667,12.6053391990863
17.4311312500001,12.607162115848
17.4314645833334,12.6023444072634
17.4317979166667,12.5942714901757
17.4321312500001,12.600781907182
17.4324645833334,12.6013027405425
17.4327979166667,12.6108079493715
17.4331312500001,12.6080735742289
17.4334645833334,12.6096360743104
17.4337979166667,12.6028652406239
17.4341312500001,12.6000006571412
17.4344645833334,12.5958339902572
17.4347979166667,12.5960944069375
17.4351312500001,12.5884121148702
17.4354645833334,12.5877610731695
17.4357979166667,12.5880214898498
17.4361312500001,12.5962246152776
17.4364645833334,12.5988287820801
17.4367979166667,12.5949225318764
17.4371312500001,12.5856777397275
17.4374645833334,12.5825527395646
17.4377979166667,12.5927089900943
17.4381312500001,12.5990891987603
17.4384645833334,12.5953131568967
17.4387979166667,12.576693364259
17.4391312500001,12.5826829479047
17.4394645833334,12.5854173230473
17.4397979166667,12.5963548236177
17.4401312500001,12.5820319062041
17.4404645833334,12.5739589891164
17.4407979166667,12.5804694061226
17.4411312500001,12.5979173236992
17.4414645833334,12.6111985743919
17.4417979166667,12.5983079487196
17.4421312500001,12.5846360730065
17.4424645833334,12.5834641979454
17.4427979166667,12.5984381570597
17.4431312500001,12.6066412824875
17.4434645833334,12.6062506574672
17.4437979166667,12.6042975323653
17.4441312500001,12.6059902407869
17.4444645833334,12.6014329488826
17.4447979166667,12.6018235739029
17.4451312500001,12.607162115848
17.4454645833334,12.6140631578746
17.4457979166667,12.6080735742289
17.4461312500001,12.5941412818356
17.4464645833334,12.5983079487196
17.4467979166667,12.6024746156036
17.4471312500001,12.6049485740659
17.4474645833334,12.5947923235362
17.4477979166667,12.5928391984344
17.4481312500001,12.6005214905017
17.4484645833334,12.6042975323653
17.4487979166667,12.5972662819986
17.4491312500001,12.5820319062041
17.4494645833334,12.5778652393201
17.4497979166667,12.5917975317134
17.4501312500001,12.6032558656443
17.4504645833334,12.6039069073449
17.4507979166667,12.5927089900943
17.4511312500001,12.5906256566523
17.4514645833334,12.5901048232918
17.4517979166668,12.5906256566523
17.4521312500001,12.5805996144627
17.4524645833334,12.566276697049
17.4527979166668,12.5596360717027
17.4531312500001,12.5631516968861
17.4534645833334,12.5687506555114
17.4537979166668,12.5601569050632
17.4541312500001,12.5523444046557
17.4544645833334,12.5516933629551
17.4547979166668,12.5481777377718
17.4551312500001,12.5572923215805
17.4554645833334,12.5605475300836
17.4557979166668,12.5671881554299
17.4561312500001,12.5561204465193
17.4564645833334,12.5497402378533
17.4567979166668,12.5520839879755
17.4571312500001,12.5579433632811
17.4574645833334,12.5489589878125
17.4577979166668,12.5449225292687
17.4581312500001,12.5377610705618
17.4584645833334,12.5325527369569
17.4587979166668,12.5286464867531
17.4591312500001,12.5380214872421
17.4594645833334,12.5509121129144
17.4597979166668,12.5437506542075
17.4601312500001,12.5239589865087
17.4604645833334,12.5136725276388
17.4607979166668,12.5119798192172
17.4611312500001,12.5087246107141
17.4614645833334,12.5055996105511
17.4617979166668,12.510677735816
17.4621312500001,12.5151048193802
17.4624645833334,12.5209641946858
17.4627979166668,12.5205735696654
17.4631312500001,12.5244798198692
17.4634645833334,12.5118496108771
17.4637979166668,12.4955735683616
17.4641312500001,12.4890631513554
17.4644645833334,12.490755859777
17.4647979166668,12.491797526498
17.4651312500001,12.4856777345121
17.4654645833334,12.4895839847159
17.4657979166668,12.4958339850418
17.4661312500001,12.4927089848788
17.4664645833334,12.4829433593695
17.4667979166668,12.4757819006627
17.4671312500001,12.4765631507034
17.4674645833334,12.473958983901
17.4677979166668,12.4770839840639
17.4681312500001,12.4766933590436
17.4684645833334,12.4808600259275
17.4687979166668,12.4752610673022
17.4691312500001,12.4669277335343
17.4694645833334,12.4630214833305
17.4697979166668,12.4634121083509
17.4701312500001,12.4713548170985
17.4704645833334,12.4660162751534
17.4707979166668,12.4584641914262
17.4711312500001,12.4475266908557
17.4714645833334,12.4348964818637
17.4717979166668,12.4364589819452
17.4721312500001,12.4401048154687
17.4724645833334,12.4385423153872
17.4727979166668,12.4190110643685
17.4731312500001,12.4085943971586
17.4734645833334,12.4179693976475
17.4737979166668,12.422656897892
17.4741312500001,12.4183600226679
17.4744645833334,12.4032558552135
17.4747979166668,12.4029954385333
17.4751312500001,12.401693355132
17.4754645833334,12.3934902297042
17.4757979166668,12.3885423127795
17.4761312500001,12.3825527291338
17.4764645833334,12.3842454375554
17.4767979166668,12.3787766872701
17.4771312500001,12.3751308537467
17.4774645833335,12.377604812209
17.4777979166668,12.3700527284818
17.4781312500001,12.3546881443472
17.4784645833334,12.3492193940619
17.4787979166668,12.3553391860478
17.4791312500001,12.3563808527688
17.4794645833335,12.3441412687971
17.4797979166668,12.3324225181859
17.4801312500001,12.3309902264446
17.4804645833335,12.3361985600495
17.4807979166668,12.3315110598051
17.4811312500001,12.3352871016687
17.4814645833335,12.3292975180229
17.4817979166668,12.3225266843365
17.4821312500001,12.3108079337253
17.4824645833335,12.3132818921877
17.4827979166668,12.3114589754259
17.4831312500001,12.3080735585827
17.4834645833335,12.2877610575233
17.4837979166668,12.2843756406801
17.4841312500001,12.2760423069121
17.4844645833335,12.275912098572
17.4847979166668,12.2653652230219
17.4851312500001,12.2660162647226
17.4854645833335,12.2641933479608
17.4857979166668,12.253906889091
17.4861312500001,12.2397141800175
17.4864645833335,12.2395839716773
17.4867979166668,12.2462245970237
17.4871312500001,12.2442714719218
17.4874645833335,12.2395839716773
17.4877979166668,12.241276680099
17.4881312500001,12.2424485551601
17.4884645833335,12.2393235549971
17.4887979166668,12.2253912626038
17.4891312500001,12.2160162621149
17.4894645833335,12.2050787615444
17.4897979166668,12.2095058451087
17.4901312500001,12.2190110539377
17.4904645833335,12.2175787621964
17.4907979166668,12.2050787615444
17.4911312500001,12.1925787608925
17.4914645833335,12.1933600109332
17.4917979166668,12.1898443857499
17.4921312500001,12.1851568855054
17.4924645833335,12.1678391762689
17.4927979166668,12.1613287592627
17.4931312500001,12.1618495926232
17.4934645833335,12.1601568842016
17.4937979166668,12.1570318840386
17.4941312500001,12.1493495919713
17.4944645833335,12.1455735501077
17.4947979166668,12.1294277159323
17.4951312500001,12.1209641738242
17.4954645833335,12.1174485486408
17.4957979166668,12.1222662572254
17.4961312500001,12.1156256318791
17.4964645833335,12.1132818817568
17.4967979166668,12.107162089771
17.4971312500001,12.1015631311457
17.4974645833335,12.0947922974592
17.4977979166668,12.1027350062068
17.4981312500001,12.1059902147099
17.4984645833335,12.1085943815124
17.4987979166668,12.0983079226426
17.4991312500001,12.0949225057993
17.4994645833335,12.0907558389154
17.4997979166668,12.0848964636098
17.5001312500001,12.0774745882227
17.5004645833335,12.0645839625504
17.5007979166668,12.0697922961554
17.5011312500001,12.0750006297603
17.5014645833335,12.0774745882227
17.5017979166668,12.0665370876523
17.5021312500001,12.0670579210127
17.5024645833335,12.0630214624689
17.5027979166668,12.0584641705646
17.5031312500001,12.040104794607
17.5034645833335,12.0341152109613
17.5037979166668,12.0377610444848
17.5041312500001,12.0360683360632
17.5044645833335,12.0199225018878
17.5047979166668,12.0059902094945
17.5051312500001,12.0005214592093
17.5054645833335,12.0148443766229
17.5057979166668,12.0169277100649
17.5061312500002,12.0171881267452
17.5064645833335,11.9968756256858
17.5067979166668,11.9890631252783
17.5071312500002,11.979297499769
17.5074645833335,11.9908860420401
17.5077979166668,11.9816412498913
17.5081312500002,11.9802089581499
17.5084645833335,11.9707037493208
17.5087979166668,11.9822922915919
17.5091312500002,11.9787766664085
17.5094645833335,11.9742193745042
17.5097979166668,11.9554693735263
17.5101312500002,11.9550787485059
17.5104645833335,11.9471360397583
17.5107979166668,11.9513027066423
17.5111312500002,11.9416672894731
17.5114645833335,11.94882874818
17.5117979166668,11.9514329149824
17.5121312500002,11.9615891655121
17.5124645833335,11.953125623404
17.5127979166668,11.9492193732003
17.5131312500002,11.9455735396768
17.5134645833335,11.9454433313367
17.5137979166668,11.9375006225891
17.5141312500002,11.9302089555422
17.5144645833335,11.9372402059089
17.5147979166668,11.939453747691
17.5151312500002,11.93841208097
17.5154645833335,11.9233079135156
17.5157979166668,11.9165370798291
17.5161312500002,11.903776662497
17.5164645833335,11.9057297875988
17.5167979166668,11.8990891622525
17.5171312500002,11.9041672875173
17.5174645833335,11.8989589539124
17.5177979166668,11.9020839540754
17.5181312500002,11.8959641620895
17.5184645833335,11.9053391625785
17.5187979166668,11.9049485375581
17.5191312500002,11.9055995792587
17.5194645833335,11.8885422867024
17.5197979166668,11.893359995287
17.5201312500002,11.9042974958575
17.5204645833335,11.9104172878433
17.5207979166668,11.8976568705111
17.5211312500002,11.874479785969
17.5214645833335,11.8649745771399
17.5217979166668,11.8634120770585
17.5221312500002,11.8680995773029
17.5224645833335,11.8701829107449
17.5227979166668,11.8641933270992
17.5231312500002,11.8656256188406
17.5234645833335,11.858724576814
17.5237979166668,11.8635422853986
17.5241312500002,11.8571620767325
17.5244645833335,11.857682910093
17.5247979166668,11.8494797846652
17.5251312500002,11.8472662428831
17.5254645833335,11.8526047848281
17.5257979166668,11.848307909604
17.5261312500002,11.8427089509787
17.5264645833335,11.8352870755916
17.5267979166668,11.8390631174552
17.5271312500002,11.835677700612
17.5274645833335,11.8333339504898
17.5277979166668,11.8338547838503
17.5281312500002,11.8334641588299
17.5284645833335,11.8250006167218
17.5287979166668,11.8108079076483
17.5291312500002,11.8149745745322
17.5294645833335,11.8101568659476
17.5297979166668,11.8023443655402
17.5301312500002,11.7914068649698
17.5304645833335,11.7920579066704
17.5307979166668,11.8058599907235
17.5311312500002,11.8122401993896
17.5314645833335,11.8076829074853
17.5317979166668,11.8016933238396
17.5321312500002,11.7938808234321
17.5324645833335,11.7954433235136
17.5327979166669,11.7929693650513
17.5331312500002,11.7924485316908
17.5334645833335,11.7884120731469
17.5337979166668,11.7799485310388
17.5341312500002,11.7789068643178
17.5344645833335,11.7763026975153
17.5347979166669,11.7671881137067
17.5351312500002,11.7509120711911
17.5354645833335,11.7516933212319
17.5357979166669,11.7643235302239
17.5361312500002,11.7647141552443
17.5364645833335,11.7533860296535
17.5367979166669,11.7393235289201
17.5371312500002,11.745573529246
17.5374645833335,11.7420579040627
17.5377979166669,11.7307297784719
17.5381312500002,11.7149745693168
17.5384645833335,11.7061204021884
17.5387979166669,11.7045579021069
17.5391312500002,11.7066412355489
17.5394645833335,11.7048183187871
17.5397979166669,11.7006516519032
17.5401312500002,11.6859381094691
17.5404645833335,11.6841151927074
17.5407979166669,11.6871099845303
17.5411312500002,11.6809901925444
17.5414645833335,11.6673183168314
17.5417979166669,11.6653651917295
17.5421312500002,11.671094358695
17.5424645833335,11.6794276924629
17.5427979166669,11.6649745667091
17.5431312500002,11.662761024927
17.5434645833335,11.6635422749678
17.5437979166669,11.658594358043
17.5441312500002,11.6395839403849
17.5444645833335,11.6214849811076
17.5447979166669,11.6248703979509
17.5451312500002,11.6252610229712
17.5454645833335,11.6199224810262
17.5457979166669,11.6125006056391
17.5461312500002,11.6101568555168
17.5464645833335,11.6101568555168
17.5467979166669,11.5979172715452
17.5471312500002,11.5891933127568
17.5474645833335,11.578906853887
17.5477979166669,11.5669276865956
17.5481312500002,11.5761724787444
17.5484645833335,11.5765631037648
17.5487979166669,11.5850266458729
17.5491312500002,11.5692714367178
17.5494645833335,11.5647141448135
17.5497979166669,11.5638026864326
17.5501312500002,11.5632818530721
17.5504645833335,11.5553391443245
17.5507979166669,11.5477870605973
17.5511312500002,11.5419276852917
17.5514645833335,11.5467453938763
17.5517979166669,11.5446620604343
17.5521312500002,11.5446620604343
17.5524645833335,11.5385422684485
17.5527979166669,11.5372401850473
17.5531312500002,11.533854768204
17.5534645833335,11.5266933094972
17.5537979166669,11.5100266419613
17.5541312500002,11.4914068493235
17.5544645833335,11.4825526821951
17.5547979166667,11.4924485160445
17.55513125,11.5125006004237
17.5554645833333,11.521224559212
17.5557979166667,11.5071620584786
17.55613125,11.494011016126
17.5564645833333,11.4872401824396
17.5567979166667,11.4846360156371
17.55713125,11.4781255986309
17.5574645833333,11.4652349729586
17.5577979166667,11.4738287234068
17.55813125,11.4697922648629
17.5584645833333,11.4630214311765
17.5587979166667,11.4399745549745
17.55913125,11.4375005965121
17.5594645833333,11.4423183050967
17.5597979166667,11.4450526802393
17.56013125,11.4365891381312
17.5604645833333,11.4171880954527
17.5607979166667,11.4125005952083
17.56113125,11.4113287201471
17.5614645833333,11.412240178528
17.5617979166667,11.399609969536
17.56213125,11.3855474688025
17.5624645833333,11.3773443433747
17.5627979166667,11.3694016346271
17.56313125,11.3653651760833
17.5634645833333,11.3628912176209
17.5637979166667,11.3591151757573
17.56413125,11.345182883364
17.5644645833334,11.3386724663578
17.5647979166667,11.3391932997183
17.56513125,11.3460943417449
17.5654645833334,11.3398443414189
17.5657979166667,11.3265630907263
17.56613125,11.3069016313675
17.5664645833334,11.3039068395447
17.5667979166667,11.2998703810008
17.56713125,11.3066412146873
17.5674645833334,11.2977870475588
17.5677979166667,11.2901047554915
17.56813125,11.2769537131389
17.5684645833334,11.2703130877926
17.5687979166667,11.2651047541876
17.56913125,11.2541672536172
17.5694645833334,11.2459641281894
17.5697979166667,11.2404953779042
17.57013125,11.2503912117536
17.5704645833334,11.2549485036579
17.5707979166667,11.2529953785561
17.57113125,11.2300787106942
17.5714645833334,11.2216151685861
17.5717979166667,11.2184901684232
17.57213125,11.2213547519059
17.5724645833334,11.2048182927101
17.5727979166667,11.186849541773
17.57313125,11.1803391247668
17.5734645833334,11.1756516245223
17.5737979166667,11.163802665571
17.57413125,11.1555995401432
17.5744645833334,11.1476568313956
17.5747979166667,11.1425787061307
17.57513125,11.1240891218331
17.5754645833334,11.1138026629633
17.5757979166667,11.1149745380244
17.57613125,11.1178391215071
17.5764645833334,11.1128912045824
17.5767979166667,11.0940109952644
17.57713125,11.0804693278915
17.5774645833334,11.084115161415
17.5777979166667,11.0914068284619
17.57813125,11.0813807862723
17.5784645833334,11.05794328505
17.5787979166667,11.0510422430234
17.57913125,11.0553391182475
17.5794645833334,11.0513026597037
17.5797979166667,11.0347662005079
17.58013125,11.0156255745096
17.5804645833334,11.0082036991225
17.5807979166667,11.0048182822793
17.58113125,10.9983078652731
17.5814645833334,10.9868495313422
17.5817979166667,10.9766932808125
17.58213125,10.9776047391933
17.5824645833334,10.967839113684
17.5827979166667,10.9580734881747
17.58313125,10.9450526541623
17.5834645833334,10.943750570761
17.5837979166667,10.9436203624209
17.58413125,10.9302089033881
17.5844645833334,10.9170578610356
17.5847979166667,10.9157557776343
17.58513125,10.9126307774714
17.5854645833334,10.9020839019213
17.5857979166667,10.8811203591613
17.58613125,10.8704432752711
17.5864645833334,10.8613286914624
17.5867979166667,10.8496099408512
17.58713125,10.8359380651382
17.5874645833334,10.8292974397918
17.5877979166667,10.8308599398733
17.58813125,10.8384120236005
17.5884645833334,10.8437505655456
17.5887979166667,10.8255213979282
17.58913125,10.8091151470726
17.5894645833334,10.7886724376731
17.5897979166667,10.7731776451983
17.59013125,10.7721359784773
17.5904645833334,10.7713547284366
17.5907979166667,10.7753911869804
17.59113125,10.7589849361248
17.5914645833334,10.7519536857581
17.5917979166667,10.7428391019494
17.5921312500001,10.7316411846987
17.5924645833334,10.7171880589449
17.5927979166667,10.7082036834763
17.5931312500001,10.71210993368
17.5934645833334,10.7085943084967
17.5937979166667,10.699479724688
17.5941312500001,10.6781255569076
17.5944645833334,10.6662765979563
17.5947979166667,10.6584640975489
17.5951312500001,10.6636724311538
17.5954645833334,10.6489588887198
17.5957979166667,10.6402349299315
17.5961312500001,10.6276047209394
17.5964645833334,10.6259120125178
17.5967979166667,10.6235682623956
17.5971312500001,10.6134120118659
17.5974645833334,10.6115890951041
17.5977979166667,10.6069015948597
17.5981312500001,10.5940109691874
17.5984645833334,10.5848963853787
17.5987979166667,10.5697922179243
17.5991312500001,10.5712245096656
17.5994645833334,10.5555995088507
17.5997979166667,10.5356776328117
17.6001312500001,10.52343804884
17.6004645833334,10.5231776321598
17.6007979166667,10.5313807575876
17.6011312500001,10.5221359654388
17.6014645833334,10.505599506243
17.6017979166667,10.4989588808967
17.6021312500001,10.5026047144202
17.6024645833334,10.5052088812226
17.6027979166667,10.4921880472102
17.6031312500001,10.4777349214564
17.6034645833334,10.4717453378107
17.6037979166667,10.4684901293076
17.6041312500001,10.461589087281
17.6044645833334,10.4569015870366
17.6047979166667,10.4549484619347
17.6051312500001,10.4486984616087
17.6054645833334,10.4390630444395
17.6057979166667,10.4220057518833
17.6061312500001,10.4119797096937
17.6064645833334,10.4084640845103
17.6067979166667,10.4135422097752
17.6071312500001,10.4097661679116
17.6074645833334,10.3977870006202
17.6077979166667,10.381901583125
17.6081312500001,10.3748703327583
17.6084645833334,10.3688807491126
17.6087979166667,10.3649744989089
17.6091312500001,10.3520838732366
17.6094645833334,10.3492192897538
17.6097979166667,10.3444015811692
17.6101312500001,10.3475265813322
17.6104645833334,10.3339849139593
17.6107979166667,10.3194015798654
17.6111312500001,10.3104172043968
17.6114645833334,10.3023442873091
17.6117979166667,10.289714078317
17.6121312500001,10.2692713689175
17.6124645833334,10.2682297021966
17.6127979166667,10.2766932443046
17.6131312500001,10.2789067860867
17.6134645833334,10.2610682434897
17.6137979166667,10.2334640753834
17.6141312500001,10.2246099082549
17.6144645833334,10.2229171998333
17.6147979166667,10.221484908092
17.6151312500001,10.205859907277
17.6154645833334,10.2022140737536
17.6157979166667,10.2001307403116
17.6161312500001,10.2023442820937
17.6164645833334,10.1886724063806
17.6167979166667,10.1794276142318
17.6171312500001,10.1615890716348
17.6174645833334,10.1531255295267
17.6177979166667,10.1536463628872
17.6181312500001,10.155469279649
17.6184645833334,10.1479171959218
17.6187979166668,10.1291671949439
17.6191312500001,10.1119796940475
17.6194645833334,10.0996099017357
17.6197979166667,10.0929692763893
17.6201312500001,10.0938807347702
17.6204645833334,10.0830734425399
17.6207979166668,10.0734380253707
17.6211312500001,10.0565109411546
17.6214645833334,10.0541671910323
17.6217979166668,10.0505213575088
17.6221312500001,10.0442713571829
17.6224645833334,10.0299484397692
17.6227979166668,10.0138026055938
17.6231312500001,10.0052088551456
17.6234645833334,10.000391146561
17.6237979166668,9.9997401048604
17.6241312500001,9.99609427133692
17.6244645833334,9.98541718744673
17.6247979166668,9.97656302031828
17.6251312500001,9.96770885318983
17.6254645833334,9.95898489440151
17.6257979166668,9.94947968557244
17.6261312500001,9.93867239334213
17.6264645833334,9.93463593479828
17.6267979166668,9.92200572580623
17.6271312500001,9.9095057251543
17.6274645833334,9.90481822490983
17.6277979166668,9.90651093333145
17.6281312500001,9.90716197503207
17.6284645833334,9.89375051599927
17.6287979166668,9.87760468182387
17.6291312500001,9.87447968166089
17.6294645833334,9.87330780659977
17.6297979166668,9.87122447315778
17.6301312500001,9.84804738861567
17.6304645833334,9.83398488788225
17.6307979166668,9.82968801265815
17.6311312500001,9.83020884601865
17.6314645833334,9.82682342917542
17.6317979166668,9.80976613661915
17.6321312500001,9.79583384422585
17.6324645833334,9.78658905207703
17.6327979166668,9.77799530162883
17.6331312500001,9.77369842640474
17.6334645833334,9.75403696704598
17.6337979166668,9.74895884178113
17.6341312500001,9.74544321659778
17.6344645833334,9.75117238356325
17.6347979166668,9.74023488299281
17.6351312500001,9.73554738274834
17.6354645833334,9.73046925748349
17.6357979166668,9.73033904914337
17.6361312500001,9.71835988185194
17.6364645833334,9.7036463394179
17.6367979166668,9.68867238030362
17.6371312500001,9.67734425471281
17.6374645833334,9.66927133762511
17.6377979166668,9.66302133729914
17.6381312500001,9.64895883656573
17.6384645833334,9.63033904392796
17.6387979166668,9.62513071032299
17.6391312500001,9.63112029396871
17.6394645833334,9.63724008595455
17.6397979166668,9.62682341874461
17.6401312500001,9.60950570950809
17.6404645833334,9.59661508383579
17.6407979166668,9.58893279176846
17.6411312500001,9.58046924966038
17.6414645833334,9.57474008269492
17.6417979166668,9.56835987402883
17.6421312500001,9.56145883200225
17.6424645833334,9.55221403985343
17.6427979166668,9.54765674794908
17.6431312500001,9.54765674794908
17.6434645833334,9.54127653928299
17.6437979166668,9.52656299684895
17.6441312500001,9.51119841271429
17.6444645833334,9.50937549595255
17.6447979166668,9.50351612064696
17.6451312500001,9.50078174550436
17.6454645833334,9.48763070315181
17.6457979166668,9.47955778606411
17.6461312500001,9.47513070249988
17.6464645833334,9.47005257723504
17.6467979166668,9.46783903545293
17.6471312500001,9.45338590969914
17.6474645833335,9.44492236759106
17.6477979166668,9.42799528337491
17.6481312500001,9.41953174126684
17.6484645833335,9.41484424102237
17.6487979166668,9.41302132426063
17.6491312500001,9.4048181988328
17.6494645833335,9.40169319866982
17.6497979166668,9.39817757348647
17.6501312500001,9.39947965688771
17.6504645833335,9.38359423939255
17.6507979166668,9.37487028060423
17.6511312500001,9.36536507177516
17.6514645833335,9.35820361306833
17.6517979166668,9.34427132067504
17.6521312500001,9.34023486213119
17.6524645833335,9.33997444545093
17.6527979166668,9.33658902860771
17.6531312500001,9.31822965265019
17.6534645833335,9.31315152738534
17.6537979166668,9.31119840228348
17.6541312500001,9.30820361046062
17.6544645833335,9.28828173442162
17.6547979166668,9.27890673393267
17.6551312500001,9.27669319215056
17.6554645833335,9.28164110907528
17.6557979166668,9.27591194210982
17.6561312500001,9.26067756631528
17.6564645833335,9.23828173181391
17.6567979166668,9.22200568929839
17.6571312500001,9.22200568929839
17.6574645833335,9.23099006476696
17.6577979166668,9.23190152314783
17.6581312500001,9.22291714767925
17.6584645833335,9.21224006378907
17.6587979166668,9.20625048014336
17.6591312500001,9.20286506330013
17.6594645833335,9.19349006281118
17.6597979166668,9.18841193754633
17.6601312500001,9.17994839543826
17.6604645833335,9.17864631203702
17.6607979166668,9.17109422830981
17.6611312500001,9.16744839478633
17.6614645833335,9.159766102719
17.6617979166668,9.15794318595727
17.6621312500001,9.15585985251528
17.6624645833335,9.1484379771282
17.6627979166668,9.13619839315652
17.6631312500001,9.12460985088546
17.6634645833335,9.12161505906261
17.6637979166668,9.12083380902186
17.6641312500001,9.11432339201565
17.6644645833335,9.09778693281987
17.6647979166668,9.09218797419453
17.6651312500001,9.08151089030434
17.6654645833335,9.07721401508025
17.6657979166668,9.07304734819627
17.6661312500001,9.07474005661789
17.6664645833335,9.07070359807404
17.6667979166668,9.05299526381714
17.6671312500001,9.05195359709615
17.6674645833335,9.05221401377639
17.6677979166668,9.05221401377639
17.6681312500001,9.04231817992695
17.6684645833335,9.03242234607751
17.6687979166668,9.03359422113863
17.6691312500001,9.0253910957108
17.6694645833335,9.01809942866385
17.6697979166668,9.00221401116869
17.6701312500001,8.99440151076124
17.6704645833335,9.00130255278782
17.6707979166668,8.99974005270633
17.6711312500001,8.99388067740074
17.6714645833335,8.98151088508894
17.6717979166668,8.98085984338832
17.6721312500001,8.9834640101908
17.6724645833335,8.9791671349667
17.6727979166668,8.96067755066906
17.6731312500001,8.94375046645291
17.6734645833335,8.94075567463005
17.6737979166668,8.93906296620844
17.6741312500002,8.92838588231825
17.6744645833335,8.91458379826509
17.6747979166668,8.90612025615701
17.6751312500002,8.90208379761316
17.6754645833335,8.88893275526061
17.6757979166668,8.88880254692049
17.6761312500002,8.89140671372297
17.6764645833335,8.89036504700198
17.6767979166668,8.88281296327477
17.6771312500002,8.87213587938459
17.6774645833335,8.86849004586111
17.6777979166668,8.86979212926235
17.6781312500002,8.87304733776546
17.6784645833335,8.8738285878062
17.6787979166668,8.85989629541291
17.6791312500002,8.84375046123751
17.6794645833335,8.82851608544297
17.6797979166668,8.81862025159353
17.6801312500002,8.82460983523925
17.6804645833335,8.83020879386459
17.6807979166668,8.82630254366086
17.6811312500002,8.80807337604347
17.6814645833335,8.79700566713291
17.6817979166668,8.80039108397614
17.6821312500002,8.80208379239775
17.6824645833335,8.79114629182732
17.6827979166668,8.78020879125688
17.6831312500002,8.77669316607353
17.6834645833335,8.77591191603278
17.6837979166668,8.77083379076794
17.6841312500002,8.76015670687775
17.6844645833335,8.75481816493266
17.6847979166668,8.7561202483339
17.6851312500002,8.75403691489191
17.6854645833335,8.74518274776347
17.6857979166668,8.73190149707079
17.6861312500002,8.72994837196893
17.6864645833335,8.73476608055353
17.6867979166668,8.73632858063502
17.6871312500002,8.72786503852694
17.6874645833335,8.71197962103179
17.6877979166668,8.6980473286385
17.6881312500002,8.69114628661191
17.6884645833335,8.69218795333291
17.6887979166668,8.69179732831253
17.6891312500002,8.69362024507427
17.6894645833335,8.69075566159154
17.6897979166668,8.69479212013539
17.6901312500002,8.69427128677489
17.6904645833335,8.68372441122483
17.6907979166668,8.67500045243651
17.6911312500002,8.66106816004321
17.6914645833335,8.65651086813887
17.6917979166668,8.64075565898384
17.6921312500002,8.64192753404495
17.6924645833335,8.64987024279253
17.6927979166668,8.66041711834259
17.6931312500002,8.64427128416719
17.6934645833335,8.62526086650905
17.6937979166668,8.61484419929911
17.6941312500002,8.62513065816893
17.6944645833335,8.62721399161092
17.6947979166668,8.62005253290408
17.6951312500002,8.61484419929911
17.6954645833335,8.61380253257812
17.6957979166668,8.61484419929911
17.6961312500002,8.612630657517
17.6964645833335,8.60807336561265
17.6967979166668,8.60625044885092
17.6971312500002,8.59752649006259
17.6974645833335,8.59765669840272
17.6977979166668,8.60260461532744
17.6981312500002,8.60755253225216
17.6984645833335,8.60481815710955
17.6987979166668,8.59335982317862
17.6991312500002,8.5884119062539
17.6994645833335,8.58398482268967
17.6997979166668,8.5884119062539
17.7001312500002,8.58502648941067
17.7004645833335,8.58033898916619
17.7007979166668,8.57799523904396
17.7011312500002,8.58776086455328
17.7014645833335,8.59479211491998
17.7017979166669,8.59570357330085
17.7021312500002,8.57812544738408
17.7024645833335,8.56914107191551
17.7027979166669,8.55546919620247
17.7031312500002,8.5535160711006
17.7034645833335,8.55247440437961
17.7037979166669,8.55052127927775
17.7041312500002,8.55052127927775
17.7044645833335,8.55013065425737
17.7047979166669,8.5550785711821
17.7051312500002,8.55794315466483
17.7054645833335,8.55286502939998
17.7057979166669,8.54622440405365
17.7061312500002,8.53580773684371
17.7064645833335,8.53763065360545
17.7067979166669,8.53046919489862
17.7071312500002,8.52955773651775
17.7074645833335,8.52343794453191
17.7077979166669,8.51901086096768
17.7081312500002,8.50559940193489
17.7084645833335,8.5040369018534
17.7087979166669,8.50625044363551
17.7091312500002,8.50846398541762
17.7094645833335,8.49947960994905
17.7097979166669,8.49752648484719
17.7101312500002,8.49752648484719
17.7104645833335,8.49726606816694
17.7107979166669,8.48932335941936
17.7111312500002,8.49153690120147
17.7114645833335,8.48789106767799
17.7117979166669,8.48776085933787
17.7121312500002,8.47994835893041
17.7124645833335,8.4782556505088
17.7127979166669,8.47161502516246
17.7131312500002,8.47187544184271
17.7134645833335,8.46835981665936
17.7137979166669,8.46458377479576
17.7141312500002,8.45481814928644
17.7144645833335,8.45429731592594
17.7147979166669,8.45807335778955
17.7151312500002,8.4572921077488
17.7154645833335,8.44257856531476
17.7157979166669,8.43919314847153
17.7161312500002,8.4395837734919
17.7164645833335,8.44739627389936
17.7167979166669,8.43372439818631
17.7171312500002,8.42487023105787
17.7174645833335,8.42278689761588
17.7177979166669,8.43085981470358
17.7181312500002,8.42799523122085
17.7184645833335,8.41796918903128
17.7187979166669,8.41315148044669
17.7191312500002,8.41614627226954
17.7194645833335,8.4186202307319
17.7197979166669,8.4143233555078
17.7201312500002,8.4153650222288
17.7204645833335,8.41510460554855
17.7207979166669,8.41093793866457
17.7211312500002,8.40612023007998
17.7214645833335,8.41224002206582
17.7217979166669,8.41757856401091
17.7221312500002,8.41757856401091
17.7224645833335,8.40507856335898
17.7227979166669,8.40065147979476
17.7231312500002,8.40377647995774
17.7234645833335,8.41354210546706
17.7237979166669,8.42291710595601
17.7241312500002,8.41458377218805
17.7244645833335,8.39895877137315
17.7247979166669,8.39322960440768
17.7251312500002,8.3949223128293
17.7254645833333,8.39856814635277
17.7257979166667,8.3895837708842
17.72613125,8.380990020436
17.7264645833333,8.38033897873538
17.7267979166667,8.38437543727923
17.72713125,8.39023481258482
17.7274645833333,8.38776085412246
17.7277979166667,8.37929731201439
17.72813125,8.37825564529339
17.7284645833333,8.38307335387799
17.7287979166667,8.38645877072122
17.72913125,8.38138064545638
17.7294645833333,8.38033897873538
17.7297979166667,8.38059939541563
17.73013125,8.39114627096569
17.7304645833333,8.39127647930582
17.7307979166667,8.3901046042447
17.73113125,8.37474002011004
17.7314645833333,8.37278689500818
17.7317979166667,8.37734418691253
17.73213125,8.37864627031377
17.7324645833333,8.37070356156619
17.7327979166667,8.36666710302234
17.73313125,8.37695356189215
17.7334645833333,8.38281293719774
17.7337979166667,8.3777348119329
17.73413125,8.37513064513041
17.7344645833333,8.37356814504892
17.7347979166667,8.37656293687178
17.73513125,8.36653689468221
17.7354645833333,8.36692751970259
17.7357979166667,8.37643272853165
17.73613125,8.38072960375576
17.7364645833334,8.37487022845017
17.7367979166667,8.36757856140321
17.73713125,8.37812543695327
17.7374645833334,8.39518272950954
17.7377979166667,8.40026085477439
17.73813125,8.39648481291079
17.7384645833334,8.39583377121016
17.7387979166667,8.39244835436694
17.73913125,8.39231814602681
17.7394645833334,8.37968793703476
17.7397979166667,8.37656293687178
17.74013125,8.37929731201439
17.7404645833334,8.38815147914283
17.7407979166667,8.39479210448917
17.74113125,8.38841189582308
17.7414645833334,8.38554731234035
17.7417979166667,8.39257856270706
17.74213125,8.40078168813489
17.7424645833334,8.40599002173986
17.7427979166667,8.39479210448917
17.74313125,8.39114627096569
17.7434645833334,8.39192752100644
17.7437979166667,8.40455772999849
17.74413125,8.4062504384201
17.7444645833334,8.40937543858309
17.7447979166667,8.40559939671948
17.74513125,8.41302127210656
17.7454645833334,8.41341189712693
17.7457979166667,8.42356814765663
17.74613125,8.43398481486656
17.7464645833334,8.43997439851228
17.7467979166667,8.43190148142458
17.74713125,8.42604210611898
17.7474645833334,8.42708377283998
17.7477979166667,8.42981814798259
17.74813125,8.42356814765663
17.7484645833334,8.42057335583377
17.7487979166667,8.42330773097638
17.74913125,8.42812543956097
17.7494645833334,8.43710981502954
17.7497979166667,8.44401085705613
17.75013125,8.44622439883824
17.7504645833334,8.44192752361414
17.7507979166667,8.44427127373638
17.75113125,8.45716189940868
17.7514645833334,8.46171919131302
17.7517979166667,8.45013064904197
17.75213125,8.44179731527402
17.7524645833334,8.44401085705613
17.7527979166667,8.46197960799327
17.75313125,8.46679731657787
17.7534645833334,8.46393273309514
17.7537979166667,8.45286502418458
17.75413125,8.45950564953091
17.7544645833334,8.465885858197
17.7547979166667,8.46666710823775
17.75513125,8.45273481584445
17.7554645833334,8.45416710758582
17.7557979166667,8.47096398346184
17.75613125,8.48007856727054
17.7564645833334,8.47356815026433
17.7567979166667,8.46145877463278
17.75713125,8.45703169106855
17.7574645833334,8.46471398313588
17.7577979166667,8.47474002532545
17.75813125,8.49401085966383
17.7584645833334,8.49609419310582
17.7587979166667,8.49557335974532
17.75913125,8.48333377577364
17.7594645833334,8.48606815091626
17.7597979166667,8.48033898395079
17.76013125,8.47369835860445
17.7604645833334,8.47135460848222
17.7607979166667,8.47617231706681
17.76113125,8.48346398411377
17.7614645833334,8.47955773391004
17.7617979166667,8.47708377544768
17.76213125,8.48958377609961
17.7624645833334,8.50156294339104
17.7627979166667,8.5029952351324
17.76313125,8.49804731820768
17.7634645833334,8.48724002597737
17.7637979166667,8.49414106800396
17.76413125,8.49895877658855
17.7644645833334,8.50963586047874
17.7647979166667,8.5126306523016
17.7651312500001,8.50768273537688
17.7654645833334,8.51015669383924
17.7657979166667,8.51197961060097
17.7661312500001,8.51328169400222
17.7664645833334,8.51302127732197
17.7667979166667,8.51549523578433
17.7671312500001,8.51796919424669
17.7674645833334,8.5169275275257
17.7677979166667,8.51093794387998
17.7681312500001,8.51770877756644
17.7684645833334,8.52005252768868
17.7687979166667,8.51849002760719
17.7691312500001,8.5158858608047
17.7694645833334,8.51419315238309
17.7697979166667,8.51458377740346
17.7701312500001,8.50325565181265
17.7704645833334,8.49205773456197
17.7707979166667,8.48593794257613
17.7711312500001,8.4825525257329
17.7714645833334,8.49101606784097
17.7717979166667,8.50716190201638
17.7721312500001,8.52096398606955
17.7724645833334,8.51679731918557
17.7727979166667,8.5035160684929
17.7731312500001,8.50221398509166
17.7734645833334,8.51835981926706
17.7737979166667,8.52708377805539
17.7741312500001,8.52539106963377
17.7744645833334,8.51614627748495
17.7747979166667,8.52135461108992
17.7751312500001,8.51940148598806
17.7754645833334,8.51783898590656
17.7757979166667,8.51080773553986
17.7761312500001,8.51354211068247
17.7764645833334,8.51328169400222
17.7767979166667,8.51289106898185
17.7771312500001,8.50872440209787
17.7774645833334,8.50286502679228
17.7777979166667,8.50117231837067
17.7781312500001,8.50690148533613
17.7784645833334,8.51237023562135
17.7787979166667,8.50924523545837
17.7791312500001,8.50078169335029
17.7794645833334,8.50572961027501
17.7797979166667,8.50651086031576
17.7801312500001,8.50546919359476
17.7804645833334,8.49179731788172
17.7807979166667,8.49362023464346
17.7811312500001,8.49700565148669
17.7814645833334,8.49934940160892
17.7817979166667,8.48724002597737
17.7821312500001,8.4830733590934
17.7824645833334,8.48606815091626
17.7827979166667,8.49309940128296
17.7831312500001,8.47994835893041
17.7834645833334,8.46224002467352
17.7837979166667,8.45156294078334
17.7841312500001,8.45794314944942
17.7844645833334,8.46822960831923
17.7847979166667,8.46692752491799
17.7851312500001,8.46575564985687
17.7854645833334,8.45937544119079
17.7857979166667,8.46315148305439
17.7861312500001,8.45807335778955
17.7864645833334,8.4481775239401
17.7867979166667,8.42955773130234
17.7871312500001,8.42851606458135
17.7874645833334,8.4401046068524
17.7877979166667,8.44570356547774
17.7881312500001,8.43281293980545
17.7884645833334,8.4196618974529
17.7887979166667,8.41849002239178
17.7891312500001,8.42656293947948
17.7894645833334,8.41562543890905
17.7897979166667,8.39882856303302
17.7901312500001,8.38398481225886
17.7904645833334,8.38671918740147
17.7907979166667,8.39960981307377
17.7911312500001,8.40091189647501
17.7914645833334,8.39414106278855
17.7917979166668,8.37708377023228
17.7921312500001,8.37122439492669
17.7924645833334,8.36653689468221
17.7927979166668,8.37174522828718
17.7931312500001,8.36979210318532
17.7934645833334,8.36653689468221
17.7937979166668,8.35585981079203
17.7941312500001,8.34427126852097
17.7944645833334,8.33710980981414
17.7947979166668,8.33385460131103
17.7951312500001,8.33724001815426
17.7954645833334,8.33789105985488
17.7957979166668,8.33372439297091
17.7961312500001,8.32630251758383
17.7964645833334,8.32552126754308
17.7967979166668,8.318099392156
17.7971312500001,8.31250043353066
17.7974645833334,8.30794314162631
17.7977979166668,8.31041710008867
17.7981312500001,8.30885460000718
17.7984645833334,8.30703168324544
17.7987979166668,8.30807334996644
17.7991312500001,8.30338584972196
17.7994645833334,8.29518272429414
17.7997979166668,8.28307334866259
17.8001312500001,8.27656293165637
17.8004645833334,8.27031293133041
17.8007979166668,8.2600264724606
17.8011312500001,8.24648480508768
17.8014645833334,8.24296917990432
17.8017979166668,8.24648480508768
17.8021312500001,8.25195355537289
17.8024645833334,8.24544313836668
17.8027979166668,8.23724001293886
17.8031312500001,8.22825563747029
17.8034645833334,8.21692751187948
17.8037979166668,8.22018272038258
17.8041312500001,8.2251306373073
17.8044645833334,8.23359417941538
17.8047979166668,8.22474001228693
17.8051312500001,8.21679730353935
17.8054645833334,8.20768271973066
17.8057979166668,8.20403688620718
17.8061312500001,8.19830771924171
17.8064645833334,8.19322959397687
17.8067979166668,8.19062542717438
17.8071312500001,8.19726605252072
17.8074645833334,8.19778688588122
17.8077979166668,8.19062542717438
17.8081312500001,8.17903688490333
17.8084645833334,8.17187542619649
17.8087979166668,8.17825563486258
17.8091312500001,8.17760459316196
17.8094645833334,8.1708337594755
17.8097979166668,8.15677125874208
17.8101312500001,8.14895875833463
17.8104645833334,8.149349383355
17.8107979166668,8.14218792464817
17.8111312500001,8.13671917436295
17.8114645833334,8.12812542391476
17.8117979166668,8.12929729897587
17.8121312500001,8.12721396553388
17.8124645833334,8.12734417387401
17.8127979166668,8.11901084010606
17.8131312500001,8.10924521459674
17.8134645833334,8.09114625531947
17.8137979166668,8.09335979710158
17.8141312500001,8.10039104746829
17.8144645833334,8.1079431311955
17.8147979166668,8.10169313086954
17.8151312500001,8.08658896341512
17.8154645833334,8.07812542130705
17.8157979166668,8.07682333790581
17.8161312500001,8.08502646333364
17.8164645833334,8.08997438025835
17.8167979166668,8.07487021280394
17.8171312500001,8.05638062850631
17.8174645833334,8.05429729506432
17.8177979166668,8.05989625368966
17.8181312500001,8.06250042049214
17.8184645833334,8.04296916947351
17.8187979166668,8.03007854380121
17.8191312500001,8.02825562703947
17.8194645833335,8.03255250226357
17.8197979166668,8.02630250193761
17.8201312500001,8.01132854282332
17.8204645833335,8.00755250095972
17.8207979166668,8.01575562638755
17.8211312500001,8.02018270995177
17.8214645833335,8.01692750144866
17.8217979166668,8.0069014592591
17.8221312500001,7.99895875051152
17.8224645833335,7.9902347917232
17.8227979166668,7.99049520840345
17.8231312500001,7.99127645844419
17.8234645833335,7.98697958322009
17.8237979166668,7.97721395771077
17.8241312500001,7.96953166564344
17.8244645833335,7.97070354070456
17.8247979166668,7.97174520742556
17.8251312500001,7.97174520742556
17.8254645833335,7.9682295822422
17.8257979166668,7.96731812386133
17.8261312500001,7.96054729017487
17.8264645833335,7.95755249835202
17.8267979166668,7.94700562280195
17.8271312500001,7.94791708118282
17.8274645833335,7.94453166433959
17.8277979166668,7.94557333106059
17.8281312500001,7.94700562280195
17.8284645833335,7.95195353972667
17.8287979166668,7.95612020661065
17.8291312500001,7.95221395640692
17.8294645833335,7.94739624782233
17.8297979166668,7.94127645583649
17.8301312500001,7.94023478911549
17.8304645833335,7.93580770555127
17.8307979166668,7.92773478846357
17.8311312500001,7.92044312141661
17.8314645833335,7.9263024967222
17.8317979166668,7.93242228870804
17.8321312500001,7.92994833024568
17.8324645833335,7.91679728789313
17.8327979166668,7.91328166270978
17.8331312500001,7.90989624586655
17.8334645833335,7.91640666287276
17.8337979166668,7.91510457947152
17.8341312500001,7.91210978764866
17.8344645833335,7.90494832894183
17.8347979166668,7.91419312109065
17.8351312500001,7.92083374643698
17.8354645833335,7.91679728789313
17.8357979166668,7.90091187039798
17.8361312500001,7.89609416181338
17.8364645833335,7.89518270343251
17.8367979166668,7.89427124505164
17.8371312500001,7.89309936999052
17.8374645833335,7.89869832861587
17.8377979166668,7.89622437015351
17.8381312500001,7.89205770326953
17.8384645833335,7.88502645290282
17.8387979166668,7.88763061970531
17.8391312500001,7.89023478650779
17.8394645833335,7.89192749492941
17.8397979166668,7.88515666124295
17.8401312500001,7.88216186942009
17.8404645833335,7.8720056188904
17.8407979166668,7.87096395216941
17.8411312500001,7.86601603524468
17.8414645833335,7.86549520188419
17.8417979166668,7.86614624358481
17.8421312500001,7.87174520221015
17.8424645833335,7.87786499419599
17.8427979166668,7.876823327475
17.8431312500001,7.86445353516319
17.8434645833335,7.85638061807549
17.8437979166668,7.8591149932181
17.8441312500001,7.86536499354406
17.8444645833335,7.86614624358481
17.8447979166668,7.85286499289214
17.8451312500001,7.8467452009063
17.8454645833335,7.84960978438903
17.8457979166668,7.85403686795326
17.8461312500002,7.85520874301437
17.8464645833335,7.84778686762729
17.8467979166668,7.85195353451127
17.8471312500002,7.85768270147673
17.8474645833335,7.85976603491872
17.8477979166668,7.85182332617114
17.8481312500002,7.83828165879822
17.8484645833335,7.83515665863524
17.8487979166668,7.83828165879822
17.8491312500002,7.84348999240319
17.8494645833335,7.83567749199574
17.8497979166668,7.83320353353338
17.8501312500002,7.82838582494878
17.8504645833335,7.83020874171052
17.8507979166668,7.82226603296294
17.8511312500002,7.82877644996916
17.8514645833335,7.83593790867599
17.8517979166668,7.84075561726058
17.8521312500002,7.8333337418735
17.8524645833335,7.83151082511176
17.8527979166668,7.83268270017288
17.8531312500002,7.83177124179201
17.8534645833335,7.82604207482655
17.8537979166668,7.82421915806481
17.8541312500002,7.82617228316667
17.8544645833335,7.8295577000099
17.8547979166668,7.82929728332965
17.8551312500002,7.83398478357412
17.8554645833335,7.83632853369636
17.8557979166668,7.83893270049885
17.8561312500002,7.82786499158829
17.8564645833335,7.81744832437835
17.8567979166668,7.81497436591599
17.8571312500002,7.82070353288145
17.8574645833335,7.82890665830928
17.8577979166668,7.8295577000099
17.8581312500002,7.8305993667309
17.8584645833335,7.82539103312593
17.8587979166668,7.82838582494878
17.8591312500002,7.82682332486729
17.8594645833335,7.8300785333704
17.8597979166668,7.81809936607897
17.8601312500002,7.80729207384866
17.8604645833335,7.79934936510108
17.8607979166668,7.81145874073263
17.8611312500002,7.82890665830928
17.8614645833335,7.83411499191425
17.8617979166668,7.82500040810555
17.8621312500002,7.80937540729065
17.8624645833335,7.81380249085487
17.8627979166668,7.82057332454133
17.8631312500002,7.82252644964319
17.8634645833335,7.81028686567152
17.8637979166668,7.8000004068017
17.8641312500002,7.80729207384866
17.8644645833335,7.81862019943947
17.8647979166668,7.82122436624195
17.8651312500002,7.81927124114009
17.8654645833335,7.81588582429686
17.8657979166668,7.82057332454133
17.8661312500002,7.81536499093636
17.8664645833335,7.81601603263698
17.8667979166668,7.8166670743376
17.8671312500002,7.81914103279996
17.8674645833335,7.81471394923574
17.8677979166668,7.81197957409313
17.8681312500002,7.80820353222953
17.8684645833335,7.80703165716841
17.8687979166668,7.79934936510108
17.8691312500002,7.80403686534555
17.8694645833335,7.80598999044742
17.8697979166668,7.81184936575301
17.8701312500002,7.80520874040667
17.8704645833335,7.79414103149611
17.8707979166668,7.79218790639425
17.8711312500002,7.7967451982986
17.8714645833335,7.80924519895052
17.8717979166668,7.81119832405238
17.8721312500002,7.80976603231102
17.8724645833335,7.8037764486653
17.8727979166668,7.80494832372642
17.8731312500002,7.80638061546779
17.8734645833335,7.80677124048816
17.8737979166669,7.79440144817636
17.8741312500002,7.79726603165909
17.8744645833335,7.80520874040667
17.8747979166669,7.81458374089561
17.8751312500002,7.80416707368568
17.8754645833335,7.79739623999922
17.8757979166669,7.79479207319673
17.8761312500002,7.79687540663872
17.8764645833335,7.79687540663872
17.8767979166669,7.79726603165909
17.8771312500002,7.79544311489735
17.8774645833335,7.79023478129238
17.8777979166669,7.78554728104791
17.8781312500002,7.79518269821711
17.8784645833335,7.79921915676096
17.8787979166669,7.79739623999922
17.8791312500002,7.78737019780965
17.8794645833335,7.78945353125164
17.8797979166669,7.7881514478504
17.8801312500002,7.78411498930655
17.8804645833335,7.77513061383797
17.8807979166669,7.78190144752443
17.8811312500002,7.78684936444915
17.8814645833335,7.78932332291152
17.8817979166669,7.78398478096642
17.8821312500002,7.77721394727996
17.8824645833335,7.78059936412319
17.8827979166669,7.78372436428617
17.8831312500002,7.78737019780965
17.8834645833335,7.78463582266704
17.8837979166669,7.78828165619052
17.8841312500002,7.79205769805412
17.8844645833335,7.79088582299301
17.8847979166669,7.78750040614978
17.8851312500002,7.79440144817636
17.8854645833335,7.79335978145537
17.8857979166669,7.79088582299301
17.8861312500002,7.78151082250406
17.8864645833335,7.7914066563535
17.8867979166669,7.79687540663872
17.8871312500002,7.7962243649381
17.8874645833335,7.78177123918431
17.8877979166669,7.77721394727996
17.8881312500002,7.78593790606828
17.8884645833335,7.80234415692394
17.8887979166669,7.80195353190357
17.8891312500002,7.79375040647574
17.8894645833335,7.79518269821711
17.8897979166669,7.80247436526406
17.8901312500002,7.80937540729065
17.8904645833335,7.80182332356344
17.8907979166669,7.79309936477512
17.8911312500002,7.79778686501959
17.8914645833335,7.79739623999922
17.8917979166669,7.80117228186282
17.8921312500002,7.78880248955102
17.8924645833335,7.78658894776891
17.8927979166669,7.79401082315599
17.8931312500002,7.80156290688319
17.8934645833335,7.80572957376717
17.8937979166669,7.80520874040667
17.8941312500002,7.80585978210729
17.8944645833335,7.80403686534555
17.8947979166669,7.79765665667946
17.8951312500002,7.79973999012145
17.8954645833335,7.80520874040667
17.8957979166669,7.80833374056965
17.89613125,7.79765665667946
17.8964645833333,7.79127644801338
17.8967979166667,7.78828165619052
17.89713125,7.79557332323748
17.8974645833333,7.79648478161835
17.8977979166667,7.79296915643499
17.89813125,7.79414103149611
17.8984645833333,7.79218790639425
17.8987979166667,7.79257853141462
17.89913125,7.7833337392658
17.8994645833333,7.78190144752443
17.8997979166667,7.78164103084419
17.90013125,7.78046915578307
17.9004645833333,7.78164103084419
17.9007979166667,7.78255248922505
17.90113125,7.79218790639425
17.9014645833333,7.79309936477512
17.9017979166667,7.79348998979549
17.90213125,7.78919311457139
17.9024645833333,7.79205769805412
17.9027979166667,7.79388061481586
17.90313125,7.79700561497884
17.9034645833333,7.79973999012145
17.9037979166667,7.7957035315776
17.90413125,7.79010457295226
17.9044645833333,7.77877644736145
17.9047979166667,7.77734415562009
17.90513125,7.77773478064046
17.9054645833333,7.78320353092568
17.9057979166667,7.78658894776891
17.90613125,7.78164103084419
17.9064645833333,7.7790368640417
17.9067979166667,7.77695353059971
17.90713125,7.77890665570158
17.9074645833333,7.77708373893984
17.9077979166667,7.77734415562009
17.90813125,7.77968790574232
17.9084645833333,7.78554728104791
17.9087979166667,7.78463582266704
17.90913125,7.78437540598679
17.9094645833334,7.78059936412319
17.9097979166667,7.77656290557934
17.91013125,7.7757816555386
17.9104645833334,7.78229207254481
17.9107979166667,7.79127644801338
17.91113125,7.78606811440841
17.9114645833334,7.77539103051822
17.9117979166667,7.76953165521263
17.91213125,7.76953165521263
17.9124645833334,7.77460978047748
17.9127979166667,7.77617228055897
17.91313125,7.76979207189288
17.9134645833334,7.76341186322679
17.9137979166667,7.76197957148543
17.91413125,7.76953165521263
17.9144645833334,7.76848998849164
17.9147979166667,7.76627644670953
17.91513125,7.7666670717299
17.9154645833334,7.77487019715773
17.9157979166667,7.77981811408245
17.91613125,7.78424519764667
17.9164645833334,7.78190144752443
17.9167979166667,7.78684936444915
17.91713125,7.78203165586456
17.9174645833334,7.77161498865462
17.9177979166667,7.75338582103723
17.91813125,7.75442748775822
17.9184645833334,7.76406290492742
17.9187979166667,7.77369832209661
17.91913125,7.77539103051822
17.9194645833334,7.77317748873611
17.9197979166667,7.77330769707624
17.92013125,7.77799519732071
17.9204645833334,7.77916707238183
17.9207979166667,7.770963946954
17.92113125,7.76210977982555
17.9214645833334,7.75442748775822
17.9217979166667,7.7548181127786
17.92213125,7.74739623739151
17.9224645833334,7.7537764460576
17.9227979166667,7.76015665472369
17.92313125,7.76419311326754
17.9234645833334,7.75716186290083
17.9237979166667,7.74479207058903
17.92413125,7.74010457034456
17.9244645833334,7.73997436200443
17.9247979166667,7.73945352864394
17.92513125,7.73606811180071
17.9254645833334,7.72916706977412
17.9257979166667,7.73750040354207
17.92613125,7.74362019552791
17.9264645833334,7.74713582071127
17.9267979166667,7.7403649870248
17.92713125,7.74401082054828
17.9274645833334,7.74987019585387
17.9277979166667,7.75390665439772
17.92813125,7.74231811212667
17.9284645833334,7.73697957018158
17.9287979166667,7.74205769544642
17.92913125,7.75351602937735
17.9294645833334,7.75286498767673
17.9297979166667,7.74401082054828
17.93013125,7.73346394499822
17.9304645833334,7.73919311196369
17.9307979166667,7.74075561204518
17.93113125,7.75026082087425
17.9314645833334,7.74309936216741
17.9317979166667,7.74244832046679
17.93213125,7.73776082022232
17.9324645833334,7.74322957050754
17.9327979166667,7.74218790378654
17.93313125,7.73515665341984
17.9334645833334,7.72968790313462
17.9337979166667,7.72669311131176
17.93413125,7.73138061155623
17.9344645833334,7.72513061123027
17.9347979166667,7.72539102791052
17.9351312500001,7.72174519438704
17.9354645833334,7.72617227795127
17.9357979166667,7.72552123625064
17.9361312500001,7.72070352766605
17.9364645833334,7.71627644410182
17.9367979166667,7.71744831916294
17.9371312500001,7.71718790248269
17.9374645833334,7.71276081891847
17.9377979166667,7.71145873551723
17.9381312500001,7.71822956920369
17.9384645833334,7.72213581940741
17.9387979166667,7.72265665276791
17.9391312500001,7.71835977754381
17.9394645833334,7.71679727746232
17.9397979166667,7.71093790215673
17.9401312500001,7.71419311065984
17.9404645833334,7.71549519406108
17.9407979166667,7.71862019422406
17.9411312500001,7.7166670691222
17.9414645833334,7.7199222776253
17.9417979166667,7.72057331932592
17.9421312500001,7.71822956920369
17.9424645833334,7.70651081859251
17.9427979166667,7.70247436004865
17.9431312500001,7.70091185996716
17.9434645833334,7.70742227697338
17.9437979166667,7.70364623510977
17.9441312500001,7.69882852652518
17.9444645833334,7.6984379015048
17.9447979166667,7.70117227664741
17.9451312500001,7.71067748547648
17.9454645833334,7.71458373568021
17.9457979166667,7.71315144393884
17.9461312500001,7.70208373502828
17.9464645833334,7.69791706814431
17.9467979166667,7.69544310968195
17.9471312500001,7.69700560976344
17.9474645833334,7.69049519275723
17.9477979166667,7.6828129006899
17.9481312500001,7.67174519177934
17.9484645833334,7.66731810821511
17.9487979166667,7.6774743587448
17.9491312500001,7.68984415105661
17.9494645833334,7.69322956789984
17.9497979166667,7.69309935955971
17.9501312500001,7.69322956789984
17.9504645833334,7.69856810984493
17.9507979166667,7.69179727615847
17.9511312500001,7.68619831753313
17.9514645833334,7.68580769251275
17.9517979166667,7.69114623445785
17.9521312500001,7.69244831785909
17.9524645833334,7.6908858177776
17.9527979166667,7.68919310935598
17.9531312500001,7.69218790117884
17.9534645833334,7.6914066511381
17.9537979166667,7.69492227632145
17.9541312500001,7.69544310968195
17.9544645833334,7.69075560943747
17.9547979166667,7.68867227599549
17.9551312500001,7.68880248433561
17.9554645833334,7.68489623413188
17.9557979166667,7.68164102562878
17.9561312500001,7.67825560878555
17.9564645833334,7.69075560943747
17.9567979166667,7.6941410262807
17.9571312500001,7.70299519340915
17.9574645833334,7.70234415170853
17.9577979166667,7.6994795682258
17.9581312500001,7.69205769283872
17.9584645833334,7.6941410262807
17.9587979166667,7.69817748482456
17.9591312500001,7.69661498474306
17.9594645833334,7.68294310903002
17.9597979166667,7.67695352538431
17.9601312500001,7.68489623413188
17.9604645833334,7.69583373470232
17.9607979166667,7.69882852652518
17.9611312500001,7.68789102595474
17.9614645833334,7.68046915056766
17.9617979166668,7.67968790052692
17.9621312500001,7.68294310903002
17.9624645833334,7.68385456741089
17.9627979166667,7.67734415040468
17.9631312500001,7.67083373339847
17.9634645833334,7.67161498343921
17.9637979166668,7.6785160254658
17.9641312500001,7.68112019226828
17.9644645833334,7.67929727550654
17.9647979166668,7.67356810854108
17.9651312500001,7.67578165032319
17.9654645833334,7.67460977526207
17.9657979166668,7.67578165032319
17.9661312500001,7.6736983168812
17.9664645833334,7.67487019194232
17.9667979166668,7.67382852522132
17.9671312500001,7.6742191502417
17.9674645833334,7.6785160254658
17.9677979166668,7.68112019226828
17.9681312500001,7.68125040060841
17.9684645833334,7.68502644247201
17.9687979166668,7.68984415105661
17.9691312500001,7.69609415138257
17.9694645833334,7.69335977623996
17.9697979166668,7.68554727583251
17.9701312500001,7.68216185898928
17.9704645833334,7.68789102595474
17.9707979166668,7.69921915154555
17.9711312500001,7.70052123494679
17.9714645833334,7.68841185931524
17.9717979166668,7.68463581745164
17.9721312500001,7.68528685915226
17.9724645833334,7.69296915121959
17.9727979166668,7.6908858177776
17.9731312500001,7.69062540109735
17.9734645833334,7.69531290134182
17.9737979166668,7.70338581842953
17.9741312500001,7.70260456838878
17.9744645833334,7.69687540142331
17.9747979166668,7.6908858177776
17.9751312500001,7.69583373470232
17.9754645833334,7.70052123494679
17.9757979166668,7.70481811017089
17.9761312500001,7.70247436004865
17.9764645833334,7.70130248498754
17.9767979166668,7.70494831851102
17.9771312500001,7.70664102693263
17.9774645833334,7.70052123494679
17.9777979166668,7.69309935955971
17.9781312500001,7.69856810984493
17.9784645833334,7.70390665179002
17.9787979166668,7.70455769349064
17.9791312500001,7.6989587348653
17.9794645833334,7.70312540174928
17.9797979166668,7.70520873519126
17.9801312500001,7.69908894320543
17.9804645833334,7.69010456773685
17.9807979166668,7.69179727615847
17.9811312500001,7.69674519308319
17.9814645833334,7.69973998490605
17.9817979166668,7.69192748449859
17.9821312500001,7.6908858177776
17.9824645833334,7.69192748449859
17.9827979166668,7.69869831818505
17.9831312500001,7.69700560976344
17.9834645833334,7.68971394271648
17.9837979166668,7.69674519308319
17.9841312500001,7.70520873519126
17.9844645833334,7.70820352701412
17.9847979166668,7.69505248466157
17.9851312500001,7.68372435907077
17.9854645833334,7.68619831753313
17.9857979166668,7.68684935923375
17.9861312500001,7.68815144263499
17.9864645833334,7.69153685947822
17.9867979166668,7.69335977623996
17.9871312500001,7.70052123494679
17.9874645833334,7.70208373502828
17.9877979166668,7.70442748515052
17.9881312500001,7.6957035263622
17.9884645833334,7.687109775914
17.9887979166668,7.68750040093437
17.9891312500001,7.68854206765536
17.9894645833334,7.687109775914
17.9897979166668,7.6865889425535
17.9901312500001,7.68737019259425
17.9904645833335,7.69362019292021
17.9907979166668,7.68671915089362
17.9911312500001,7.69166706781834
17.9914645833334,7.69296915121959
17.9917979166668,7.69817748482456
17.9921312500001,7.69531290134182
17.9924645833335,7.69700560976344
17.9927979166668,7.69791706814431
17.9931312500001,7.69830769316468
17.9934645833335,7.69388060960046
17.9937979166668,7.68880248433561
17.9941312500001,7.68750040093437
17.9944645833335,7.68463581745164
17.9947979166668,7.68750040093437
17.9951312500001,7.68919310935598
17.9954645833335,7.687109775914
17.9957979166668,7.68880248433561
17.9961312500001,7.68919310935598
17.9964645833335,7.68750040093437
17.9967979166668,7.68203165064915
17.9971312500001,7.67304727518058
17.9974645833335,7.67942748384667
17.9977979166668,7.68619831753313
17.9981312500001,7.69127644279797
17.9984645833335,7.68984415105661
17.9987979166668,7.68372435907077
17.9991312500001,7.68919310935598
17.9994645833335,7.68984415105661
17.9997979166668,7.69075560943747
18.0001312500001,7.68307331737014
18.0004645833335,7.68346394239052
18.0007979166668,7.68528685915226
18.0011312500001,7.68489623413188
18.0014645833335,7.68216185898928
18.0017979166668,7.68880248433561
18.0021312500001,7.69101602611772
18.0024645833335,7.69322956789984
18.0027979166668,7.68671915089362
18.0031312500001,7.69401081794058
18.0034645833335,7.69348998458008
18.0037979166668,7.68684935923375
18.0041312500001,7.68437540077139
18.0044645833335,7.68815144263499
18.0047979166668,7.69804727648443
18.0051312500001,7.69609415138257
18.0054645833335,7.68932331769611
18.0057979166668,7.68723998425412
18.0061312500001,7.69010456773685
18.0064645833335,7.6914066511381
18.0067979166668,7.68541706749238
18.0071312500001,7.67916706716642
18.0074645833335,7.68893269267574
18.0077979166668,7.69648477640294
18.0081312500001,7.70013060992642
18.0084645833335,7.69296915121959
18.0087979166668,7.69388060960046
18.0091312500001,7.69973998490605
18.0094645833335,7.70625040191226
18.0097979166668,7.70507852685114
18.0101312500001,7.69544310968195
18.0104645833335,7.69283894287946
18.0107979166668,7.70065144328692
18.0111312500001,7.70690144361288
18.0114645833335,7.69661498474306
18.0117979166668,7.6817712339689
18.0121312500001,7.67825560878555
18.0124645833335,7.6817712339689
18.0127979166668,7.68242227566952
18.0131312500001,7.68151081728866
18.0134645833335,7.68580769251275
18.0137979166668,7.69101602611772
18.0141312500001,7.69283894287946
18.0144645833335,7.68437540077139
18.0147979166668,7.68059935890779
18.0151312500002,7.6774743587448
18.0154645833335,7.6822920673294
18.0157979166668,7.67408894190157
18.0161312500001,7.67239623347996
18.0164645833335,7.6742191502417
18.0167979166668,7.67981810886704
18.0171312500002,7.67018269169785
18.0174645833335,7.66744831655524
18.0177979166668,7.66875039995648
18.0181312500002,7.67630248368369
18.0184645833335,7.67083373339847
18.0187979166668,7.66770873323549
18.0191312500002,7.66953164999723
18.0194645833335,7.67487019194232
18.0197979166668,7.67135456675896
18.0201312500002,7.67395873356145
18.0204645833335,7.6742191502417
18.0207979166668,7.67604206700344
18.0211312500002,7.67643269202381
18.0214645833335,7.67955769218679
18.0217979166668,7.68385456741089
18.0221312500002,7.67447956692195
18.0224645833335,7.66250039963052
18.0227979166668,7.66380248303176
18.0231312500002,7.67057331671822
18.0234645833335,7.67304727518058
18.0237979166668,7.66497435809288
18.0241312500002,7.65013060731872
18.0244645833335,7.65104206569959
18.0247979166668,7.65690144100518
18.0251312500002,7.66796914991573
18.0254645833335,7.66419310805213
18.0257979166668,7.65286498246133
18.0261312500002,7.65078164901934
18.0264645833335,7.6565108159848
18.0267979166668,7.66145873290952
18.0271312500002,7.64973998229834
18.0274645833335,7.63789102334704
18.0277979166668,7.63242227306182
18.0281312500002,7.63997435678903
18.0284645833335,7.64140664853039
18.0287979166668,7.64218789857114
18.0291312500002,7.63997435678903
18.0294645833335,7.63841185670754
18.0297979166668,7.6403649818094
18.0301312500002,7.64921914893785
18.0304645833335,7.6527347741212
18.0307979166668,7.644141023673
18.0311312500002,7.63372435646306
18.0314645833335,7.63112018966058
18.0317979166668,7.63359414812294
18.0321312500002,7.62981810625934
18.0324645833335,7.63333373144269
18.0327979166668,7.63450560650381
18.0331312500002,7.62955768957909
18.0334645833335,7.61575560552592
18.0337979166668,7.6140628971043
18.0341312500002,7.61614623054629
18.0344645833335,7.61953164738952
18.0347979166668,7.61549518884567
18.0351312500002,7.61744831394754
18.0354645833335,7.6279951894976
18.0357979166668,7.63242227306182
18.0361312500002,7.63151081468095
18.0364645833335,7.61679727224691
18.0367979166668,7.61757852228766
18.0371312500002,7.61796914730803
18.0374645833335,7.61588581386604
18.0377979166668,7.60091185475176
18.0381312500002,7.59674518786778
18.0384645833335,7.60208372981288
18.0387979166668,7.60351602155424
18.0391312500002,7.60286497985362
18.0394645833335,7.60130247977213
18.0397979166668,7.61158893864195
18.0401312500002,7.60625039669685
18.0404645833335,7.60520872997586
18.0407979166668,7.60481810495548
18.0411312500002,7.6145837304648
18.0414645833335,7.61302123038331
18.0417979166668,7.59987018803076
18.0421312500002,7.58710977069859
18.0424645833335,7.58385456219548
18.0427979166668,7.59270872932393
18.0431312500002,7.59505247944617
18.0434645833335,7.58424518721586
18.0437979166669,7.57591185344791
18.0441312500002,7.57487018672691
18.0444645833335,7.58424518721586
18.0447979166668,7.58033893701213
18.0451312500002,7.5807295620325
18.0454645833335,7.58098997871275
18.0457979166668,7.58437539555598
18.0461312500002,7.57604206178803
18.0464645833335,7.57174518656393
18.0467979166669,7.57161497822381
18.0471312500002,7.57721393684915
18.0474645833335,7.57122435320343
18.0477979166669,7.5726566449448
18.0481312500002,7.57252643660468
18.0484645833335,7.57343789498555
18.0487979166669,7.56979206146207
18.0491312500002,7.56901081142132
18.0494645833335,7.57252643660468
18.0497979166669,7.56679726963921
18.0501312500002,7.56119831101387
18.0504645833335,7.56184935271449
18.0507979166669,7.56158893603424
18.0511312500002,7.56158893603424
18.0514645833335,7.55494831068791
18.0517979166669,7.56015664429288
18.0521312500002,7.55885456089163
18.0524645833335,7.56015664429288
18.0527979166669,7.55312539392617
18.0531312500002,7.55000039376319
18.0534645833335,7.54752643530082
18.0537979166669,7.55065143546381
18.0541312500002,7.55690143578977
18.0544645833335,7.5565108107694
18.0547979166669,7.56041706097312
18.0551312500002,7.56015664429288
18.0554645833335,7.56002643595275
18.0557979166669,7.5559899774089
18.0561312500002,7.5608076859935
18.0564645833335,7.56966185312194
18.0567979166669,7.56588581125834
18.0571312500002,7.55494831068791
18.0574645833335,7.55377643562679
18.0577979166669,7.55833372753114
18.0581312500002,7.56263060275523
18.0584645833335,7.5522139355453
18.0587979166669,7.55234414388542
18.0591312500002,7.55429726898729
18.0594645833335,7.55885456089163
18.0597979166669,7.5511722688243
18.0601312500002,7.54231810169586
18.0604645833335,7.54166705999523
18.0607979166669,7.54401081011747
18.0611312500002,7.54166705999523
18.0614645833335,7.54270872671623
18.0617979166669,7.54726601862058
18.0621312500002,7.5522139355453
18.0624645833335,7.54127643497486
18.0627979166669,7.53737018477114
18.0631312500002,7.53645872639027
18.0634645833335,7.54023476825387
18.0637979166669,7.53697955975076
18.0641312500002,7.52656289254082
18.0644645833335,7.53164101780567
18.0647979166669,7.53489622630878
18.0651312500002,7.54934935206256
18.0654645833335,7.5479170603212
18.0657979166669,7.54492226849834
18.0661312500002,7.54075560161437
18.0664645833335,7.54205768501561
18.0667979166667,7.54479206015822
18.06713125,7.54908893538232
18.0674645833333,7.53867226817238
18.0677979166667,7.53424518460815
18.06813125,7.52799518428219
18.0684645833333,7.53463580962853
18.0687979166667,7.52903685100319
18.06913125,7.518359767113
18.0694645833333,7.51809935043275
18.0697979166667,7.52682330922107
18.07013125,7.53242226784642
18.0704645833333,7.53151080946555
18.0707979166667,7.52252643399697
18.07113125,7.52187539229635
18.0714645833333,7.51250039180741
18.0717979166667,7.51848997545312
18.07213125,7.52460976743896
18.0724645833333,7.53007851772418
18.0727979166667,7.52408893407846
18.07313125,7.52018268387474
18.0734645833333,7.51914101715374
18.0737979166667,7.51718789205188
18.07413125,7.51223997512716
18.0744645833333,7.5102868500253
18.0747979166667,7.5178389337525
18.07513125,7.51979205885437
18.0754645833333,7.52044310055499
18.0757979166667,7.50872434994381
18.07613125,7.50416705803946
18.0764645833334,7.496354557632
18.0767979166667,7.50104205787648
18.07713125,7.49492226589064
18.0774645833334,7.49817747439374
18.0777979166667,7.49960976613511
18.07813125,7.5145837252494
18.0784645833334,7.52070351723523
18.0787979166667,7.51601601699076
18.07913125,7.50859414160368
18.0794645833334,7.50950559998455
18.0797979166667,7.51328164184815
18.08013125,7.51171914176666
18.0804645833334,7.50260455795797
18.0807979166667,7.49778684937337
18.08113125,7.49804726605362
18.0814645833334,7.50000039115548
18.0817979166667,7.49531289091101
18.08213125,7.49322955746902
18.0824645833334,7.49296914078877
18.0827979166667,7.50364622467896
18.08313125,7.50651080816169
18.0834645833334,7.50585976646107
18.0837979166667,7.49518268257089
18.08413125,7.49192747406778
18.0844645833334,7.49882851609436
18.0847979166667,7.51145872508641
18.08513125,7.51419310022902
18.0854645833334,7.5049483080802
18.0857979166667,7.496354557632
18.08613125,7.49296914078877
18.0864645833334,7.49804726605362
18.0867979166667,7.49843789107399
18.08713125,7.50664101650182
18.0874645833334,7.50104205787648
18.0877979166667,7.49843789107399
18.08813125,7.48697955714306
18.0884645833334,7.48476601536095
18.0887979166667,7.48320351527946
18.08913125,7.48645872378256
18.0894645833334,7.48541705706157
18.0897979166667,7.48593789042207
18.09013125,7.48098997349735
18.0904645833334,7.48763059884368
18.0907979166667,7.4877608071838
18.09113125,7.48710976548318
18.0914645833334,7.48463580702082
18.0917979166667,7.48645872378256
18.09213125,7.49218789074803
18.0924645833334,7.49362018248939
18.0927979166667,7.49544309925113
18.09313125,7.49335976580915
18.0934645833334,7.48385455698008
18.0937979166667,7.4796878900961
18.09413125,7.47981809843623
18.0944645833334,7.48437539034057
18.0947979166667,7.48177122353809
18.09513125,7.47460976483126
18.0954645833334,7.47903684839548
18.0957979166667,7.47942747341585
18.09613125,7.47708372329362
18.0964645833334,7.47122434798803
18.0967979166667,7.47083372296765
18.09713125,7.47799518167449
18.0974645833334,7.48151080685784
18.0977979166667,7.47656288993312
18.09813125,7.47981809843623
18.0984645833334,7.48098997349735
18.0987979166667,7.48750039050356
18.09913125,7.48229205689859
18.0994645833334,7.47070351462753
18.0997979166667,7.46888059786579
18.10013125,7.47187538968865
18.1004645833334,7.47695351495349
18.1007979166667,7.47343788977014
18.10113125,7.47135455632815
18.1014645833334,7.47617226491275
18.1017979166667,7.47890664005536
18.10213125,7.48229205689859
18.1024645833334,7.476432681593
18.1027979166667,7.46862018118554
18.10313125,7.4597660140571
18.1034645833334,7.45989622239722
18.1037979166667,7.47018268126703
18.10413125,7.47669309827325
18.1044645833334,7.48151080685784
18.1047979166667,7.48346393195971
18.1051312500001,7.4807295568171
18.1054645833334,7.47343788977014
18.1057979166667,7.47018268126703
18.1061312500001,7.47421913981089
18.1064645833334,7.47877643171523
18.1067979166667,7.47799518167449
18.1071312500001,7.47083372296765
18.1074645833334,7.46744830612442
18.1077979166667,7.46979205624666
18.1081312500001,7.4710941396479
18.1084645833334,7.47838580669486
18.1087979166667,7.47513059819176
18.1091312500001,7.47799518167449
18.1094645833334,7.47252643138927
18.1097979166667,7.47057330628741
18.1101312500001,7.46562538936269
18.1104645833334,7.47200559802877
18.1107979166667,7.47903684839548
18.1111312500001,7.47812539001461
18.1114645833334,7.47382851479051
18.1117979166667,7.47903684839548
18.1121312500001,7.4839847653202
18.1124645833334,7.48658893212269
18.1127979166667,7.48372434863995
18.1131312500001,7.4877608071838
18.1134645833334,7.48151080685784
18.1137979166667,7.47513059819176
18.1141312500001,7.46888059786579
18.1144645833334,7.47356809811026
18.1147979166667,7.46770872280467
18.1151312500001,7.47070351462753
18.1154645833334,7.46940143122629
18.1157979166667,7.47513059819176
18.1161312500001,7.47239622304915
18.1164645833334,7.4683597645053
18.1167979166667,7.47395872313064
18.1171312500001,7.48059934847697
18.1174645833334,7.48906289058505
18.1177979166667,7.48085976515722
18.1181312500001,7.47981809843623
18.1184645833334,7.47604205657262
18.1187979166667,7.47473997317138
18.1191312500001,7.47304726474977
18.1194645833334,7.47473997317138
18.1197979166667,7.4807295568171
18.1201312500001,7.48046914013685
18.1204645833334,7.47617226491275
18.1207979166667,7.47864622337511
18.1211312500001,7.48424518200045
18.1214645833334,7.48815143220418
18.1217979166667,7.48346393195971
18.1221312500001,7.47278684806952
18.1224645833334,7.47226601470902
18.1227979166667,7.47851601503498
18.1231312500001,7.48177122353809
18.1234645833334,7.47851601503498
18.1237979166667,7.48098997349735
18.1241312500001,7.48971393228567
18.1244645833334,7.49270872410853
18.1247979166667,7.48619830710231
18.1251312500001,7.47955768175598
18.1254645833334,7.48085976515722
18.1257979166667,7.48229205689859
18.1261312500001,7.47838580669486
18.1264645833334,7.47500038985163
18.1267979166667,7.47265663972939
18.1271312500001,7.47734413997387
18.1274645833334,7.4796878900961
18.1277979166667,7.48294309859921
18.1281312500001,7.4802087234566
18.1284645833334,7.48294309859921
18.1287979166667,7.47734413997387
18.1291312500001,7.47578163989238
18.1294645833334,7.47447955649113
18.1297979166667,7.47903684839548
18.1301312500001,7.48098997349735
18.1304645833334,7.47734413997387
18.1307979166667,7.46770872280467
18.1311312500001,7.46666705608368
18.1314645833334,7.47291705640964
18.1317979166668,7.4839847653202
18.1321312500001,7.48138059851772
18.1324645833334,7.47187538968865
18.1327979166668,7.47408893147076
18.1331312500001,7.48007851511648
18.1334645833334,7.47890664005536
18.1337979166668,7.4678389311448
18.1341312500001,7.46145872247871
18.1344645833334,7.47057330628741
18.1347979166668,7.47552122321213
18.1351312500001,7.47734413997387
18.1354645833334,7.46796913948492
18.1357979166668,7.46914101454604
18.1361312500001,7.47682330661337
18.1364645833334,7.48125039017759
18.1367979166668,7.47669309827325
18.1371312500001,7.47278684806952
18.1374645833334,7.47825559835474
18.1377979166668,7.48098997349735
18.1381312500001,7.49114622402704
18.1384645833334,7.49192747406778
18.1387979166668,7.49440143253014
18.1391312500001,7.48489622370107
18.1394645833334,7.48372434863995
18.1397979166668,7.476432681593
18.1401312500001,7.47421913981089
18.1404645833334,7.47317747308989
18.1407979166668,7.48085976515722
18.1411312500001,7.47487018151151
18.1414645833334,7.47838580669486
18.1417979166668,7.47903684839548
18.1421312500001,7.48307330693933
18.1424645833334,7.47174518134853
18.1427979166668,7.47265663972939
18.1431312500001,7.47812539001461
18.1434645833334,7.48307330693933
18.1437979166668,7.47994830677635
18.1441312500001,7.47851601503498
18.1444645833334,7.48320351527946
18.1447979166668,7.48789101552393
18.1451312500001,7.49114622402704
18.1454645833334,7.49023476564616
18.1457979166668,7.49414101584989
18.1461312500001,7.49479205755051
18.1464645833334,7.49895872443449
18.1467979166668,7.49296914078877
18.1471312500001,7.49726601601287
18.1474645833334,7.50078164119623
18.1477979166668,7.50651080816169
18.1481312500001,7.51328164184815
18.1484645833334,7.51380247520865
18.1487979166668,7.51197955844691
18.1491312500001,7.50338580799871
18.1494645833334,7.5011722662166
18.1497979166668,7.50572955812095
18.1501312500001,7.50885455828393
18.1504645833334,7.50703164152219
18.1507979166668,7.50208372459747
18.1511312500001,7.5049483080802
18.1514645833334,7.51471393358952
18.1517979166668,7.52395872573834
18.1521312500001,7.52096393391548
18.1524645833334,7.51536497529014
18.1527979166668,7.51757851707225
18.1531312500001,7.52356810071797
18.1534645833334,7.53268268452666
18.1537979166668,7.53294310120691
18.1541312500001,7.53046914274455
18.1544645833334,7.52916705934331
18.1547979166668,7.52864622598281
18.1551312500001,7.53177122614579
18.1554645833334,7.53411497626803
18.1557979166668,7.54492226849834
18.1561312500001,7.54765664364095
18.1564645833334,7.54348997675697
18.1567979166668,7.53098997610505
18.1571312500001,7.52968789270381
18.1574645833334,7.53489622630878
18.1577979166668,7.54531289351871
18.1581312500001,7.55351601894654
18.1584645833335,7.55351601894654
18.1587979166668,7.5441410184576
18.1591312500001,7.54114622663474
18.1594645833335,7.54557331019896
18.1597979166668,7.55429726898729
18.1601312500001,7.55260456056567
18.1604645833335,7.54882851870207
18.1607979166668,7.55729206081014
18.1611312500001,7.560286852633
18.1614645833335,7.56250039441511
18.1617979166668,7.55494831068791
18.1621312500001,7.560286852633
18.1624645833335,7.56289101943548
18.1627979166668,7.56380247781635
18.1631312500001,7.58294310381462
18.1634645833335,7.5979170629289
18.1637979166668,7.60312539653387
18.1641312500001,7.57760456186952
18.1644645833335,7.5608076859935
18.1647979166668,7.56106810267375
18.1651312500001,7.57096393652319
18.1654645833335,7.57773477020965
18.1657979166668,7.57447956170654
18.1661312500001,7.57174518656393
18.1664645833335,7.57760456186952
18.1667979166668,7.5850264372566
18.1671312500001,7.58489622891648
18.1674645833335,7.5807295620325
18.1677979166668,7.58216185377387
18.1681312500001,7.5941410210653
18.1684645833335,7.60364622989437
18.1687979166668,7.60950560519996
18.1691312500001,7.60911498017958
18.1694645833335,7.60781289677834
18.1697979166668,7.60468789661536
18.1701312500001,7.60950560519996
18.1704645833335,7.61145873030182
18.1707979166668,7.61093789694132
18.1711312500001,7.59882852130977
18.1714645833335,7.59700560454803
18.1717979166668,7.60520872997586
18.1721312500001,7.61666706390679
18.1724645833335,7.61666706390679
18.1727979166668,7.60468789661536
18.1731312500001,7.60677123005735
18.1734645833335,7.61718789726729
18.1737979166668,7.62487018933462
18.1741312500001,7.62031289743027
18.1744645833335,7.61210977200244
18.1747979166668,7.61692748058704
18.1751312500001,7.61796914730803
18.1754645833335,7.62252643921238
18.1757979166668,7.62083373079077
18.1761312500001,7.63281289808219
18.1764645833335,7.64531289873412
18.1767979166668,7.6570316493453
18.1771312500001,7.65820352440642
18.1774645833335,7.64713581549586
18.1777979166668,7.64401081533288
18.1781312500001,7.63737018998654
18.1784645833335,7.63697956496617
18.1787979166668,7.63046914795996
18.1791312500001,7.63398477314331
18.1794645833335,7.64674519047549
18.1797979166668,7.65247435744095
18.1801312500001,7.65468789922306
18.1804645833335,7.65195352408046
18.1807979166668,7.66054727452865
18.1811312500001,7.66093789954903
18.1814645833335,7.66067748286878
18.1817979166668,7.65403685752244
18.1821312500001,7.6618493579299
18.1824645833335,7.66393269137188
18.1827979166668,7.67591185866331
18.1831312500001,7.6747399836022
18.1834645833335,7.67526081696269
18.1837979166668,7.66666706651449
18.1841312500001,7.665104566433
18.1844645833335,7.66953164999723
18.1847979166668,7.68046915056766
18.1851312500002,7.68763060927449
18.1854645833335,7.69661498474306
18.1857979166668,7.69804727648443
18.1861312500001,7.70117227664741
18.1864645833335,7.69804727648443
18.1867979166668,7.70455769349064
18.1871312500002,7.7118493605376
18.1874645833335,7.71341186061909
18.1877979166668,7.7123701938981
18.1881312500002,7.71458373568021
18.1884645833335,7.72265665276791
18.1887979166668,7.72721394467226
18.1891312500002,7.73072956985561
18.1894645833335,7.72864623641362
18.1897979166668,7.72643269463151
18.1901312500002,7.72291706944816
18.1904645833335,7.73320352831797
18.1907979166668,7.7462243623304
18.1911312500002,7.74987019585387
18.1914645833335,7.75065144589462
18.1917979166668,7.75156290427549
18.1921312500002,7.76315144654654
18.1924645833335,7.76653686338978
18.1927979166668,7.76536498832866
18.1931312500002,7.76510457164841
18.1934645833335,7.7714847803145
18.1937979166668,7.77057332193363
18.1941312500002,7.77317748873611
18.1944645833335,7.77695353059971
18.1947979166668,7.79296915643499
18.1951312500002,7.80208374024369
18.1954645833335,7.80026082348195
18.1957979166668,7.79283894809487
18.1961312500002,7.78632853108866
18.1964645833335,7.79205769805412
18.1967979166668,7.79895874008071
18.1971312500002,7.80286499028443
18.1974645833335,7.80520874040667
18.1977979166668,7.80520874040667
18.1981312500002,7.8123701991135
18.1984645833335,7.81145874073263
18.1987979166668,7.81979207450058
18.1991312500002,7.82291707466356
18.1994645833335,7.82994832503027
18.1997979166668,7.82851603328891
18.2001312500002,7.82226603296294
18.2004645833335,7.82630249150679
18.2007979166668,7.83085978341114
18.2011312500002,7.84153686730133
18.2014645833335,7.84309936738282
18.2017979166668,7.83697957539698
18.2021312500002,7.84101603394083
18.2024645833335,7.83776082543773
18.2027979166668,7.84479207580444
18.2031312500002,7.8381514504581
18.2034645833335,7.84062540892046
18.2037979166668,7.84895874268841
18.2041312500002,7.85755249313661
18.2044645833335,7.85924520155823
18.2047979166668,7.85625040973537
18.2051312500002,7.85143270115077
18.2054645833335,7.86028686827922
18.2057979166668,7.86809936868667
18.2061312500002,7.87994832763798
18.2064645833335,7.88216186942009
18.2067979166668,7.88020874431822
18.2071312500002,7.88216186942009
18.2074645833335,7.87903686925711
18.2077979166668,7.87343791063177
18.2081312500002,7.87291707727127
18.2084645833335,7.88372436950158
18.2087979166668,7.8924483282899
18.2091312500002,7.88984416148742
18.2094645833335,7.8805993693386
18.2097979166668,7.89088582820841
18.2101312500002,7.90976603752643
18.2104645833335,7.9225264548586
18.2107979166668,7.91992228805611
18.2111312500002,7.92044312141661
18.2114645833335,7.93177124700742
18.2117979166668,7.94700562280195
18.2121312500002,7.94856812288344
18.2124645833335,7.94987020628469
18.2127979166668,7.94934937292419
18.2131312500002,7.95364624814829
18.2134645833335,7.95390666482854
18.2137979166669,7.9563806232909
18.2141312500002,7.95481812320941
18.2144645833335,7.95794312337239
18.2147979166669,7.96614624880021
18.2151312500002,7.97760458273115
18.2154645833335,7.98671916653984
18.2157979166669,7.99036500006332
18.2161312500002,7.98841187496146
18.2164645833335,7.98737020824046
18.2167979166669,7.98085979123425
18.2171312500002,7.99049520840345
18.2174645833335,8.0020837506745
18.2177979166669,8.0149743763468
18.2181312500002,8.01849000153015
18.2184645833335,8.02291708509438
18.2187979166669,8.03033896048146
18.2191312500002,8.0354170857463
18.2194645833335,8.0268233352981
18.2197979166669,8.02239625173388
18.2201312500002,8.02330771011475
18.2204645833335,8.03710979416792
18.2207979166669,8.03919312760991
18.2211312500002,8.03945354429016
18.2214645833335,8.03997437765065
18.2217979166669,8.05065146154084
18.2221312500002,8.05585979514581
18.2224645833335,8.06015667036991
18.2227979166669,8.0569014618668
18.2231312500002,8.05664104518655
18.2234645833335,8.05221396162233
18.2237979166669,8.0520837532822
18.2241312500002,8.05533896178531
18.2244645833335,8.06380250389339
18.2247979166669,8.07122437928047
18.2251312500002,8.07721396292618
18.2254645833335,8.08020875474904
18.2257979166669,8.0869795884355
18.2261312500002,8.08893271353736
18.2264645833335,8.09088583863923
18.2267979166669,8.0945316721627
18.2271312500002,8.09960979742755
18.2274645833335,8.10286500593065
18.2277979166669,8.11184938139923
18.2281312500002,8.11770875670482
18.2284645833335,8.11835979840544
18.2287979166669,8.11106813135848
18.2291312500002,8.11471396488196
18.2294645833335,8.12799521557463
18.2297979166669,8.13515667428146
18.2301312500002,8.13138063241786
18.2304645833335,8.11992229848693
18.2307979166669,8.11263063143997
18.2311312500002,8.1251306320919
18.2314645833335,8.13919313282531
18.2317979166669,8.14218792464817
18.2321312500002,8.13463584092097
18.2324645833335,8.12981813233637
18.2327979166669,8.14114625792718
18.2331312500002,8.14335979970929
18.2334645833335,8.15091188343649
18.2337979166669,8.15481813364022
18.2341312500002,8.15950563388469
18.2344645833335,8.16067750894581
18.2347979166669,8.1589848005242
18.2351312500002,8.16289105072792
18.2354645833335,8.16471396748966
18.2357979166669,8.16770875931252
18.2361312500002,8.16640667591128
18.2364645833335,8.1665368842514
18.2367979166669,8.17044313445513
18.2371312500002,8.17096396781563
18.2374645833333,8.17434938465886
18.2377979166667,8.17812542652246
18.23813125,8.18906292709289
18.2384645833333,8.19674521916022
18.2387979166667,8.19440146903799
18.23913125,8.18841188539227
18.2394645833333,8.18580771858979
18.2397979166667,8.18450563518854
18.24013125,8.19322959397687
18.2404645833333,8.19453167737811
18.2407979166667,8.20625042798929
18.24113125,8.20377646952693
18.2414645833333,8.2046879279078
18.2417979166667,8.20065146936395
18.24213125,8.20638063632941
18.2424645833333,8.21132855325414
18.2427979166667,8.21458376175724
18.24313125,8.2095056364924
18.2434645833333,8.21497438677761
18.2437979166667,8.21744834523997
18.24413125,8.23138063763327
18.2444645833333,8.22968792921165
18.2447979166667,8.23671917957836
18.24513125,8.23789105463948
18.2454645833333,8.23724001293886
18.2457979166667,8.22708376240917
18.24613125,8.22031292872271
18.2464645833333,8.22526084564743
18.2467979166667,8.23710980459873
18.24713125,8.23997438808147
18.2474645833334,8.22760459576966
18.2477979166667,8.22669313738879
18.24813125,8.2380212629796
18.2484645833333,8.25455772217538
18.2487979166667,8.2514327220124
18.24913125,8.24726605512842
18.2494645833334,8.24479209666606
18.2497979166667,8.25026084695128
18.25013125,8.24479209666606
18.2504645833334,8.24987022193091
18.2507979166667,8.25416709715501
18.25113125,8.2632816809637
18.2514645833334,8.25807334735873
18.2517979166667,8.25169313869265
18.25213125,8.25937543075997
18.2524645833334,8.2756514732755
18.2527979166667,8.28997439068917
18.25313125,8.28411501538358
18.2534645833334,8.27877647343848
18.2537979166667,8.28945355732867
18.25413125,8.29882855781761
18.2544645833334,8.3062504332047
18.2547979166667,8.30612022486457
18.25513125,8.30338584972196
18.2554645833334,8.30156293296022
18.2557979166667,8.29349001587252
18.25613125,8.29908897449786
18.2564645833334,8.3009118912596
18.2567979166667,8.29843793279724
18.25713125,8.29726605773613
18.2574645833334,8.29882855781761
18.2577979166667,8.30794314162631
18.25813125,8.31093793344917
18.2584645833334,8.3105473084288
18.2587979166667,8.31041710008867
18.25913125,8.30716189158557
18.2594645833334,8.30794314162631
18.2597979166667,8.30924522502755
18.26013125,8.31744835045538
18.2604645833334,8.32148480899923
18.2607979166667,8.32382855912147
18.26113125,8.31796918381588
18.2614645833334,8.31510460033314
18.2617979166667,8.3052087664837
18.26213125,8.31041710008867
18.2624645833334,8.31523480867327
18.2627979166667,8.32591189256346
18.26313125,8.3272139759647
18.2634645833334,8.33489626803203
18.2637979166667,8.34622439362284
18.26413125,8.35768272755377
18.2644645833334,8.36263064447849
18.2647979166667,8.35481814407103
18.26513125,8.34960981046606
18.2654645833334,8.34440147686109
18.2657979166667,8.34804731038457
18.26613125,8.34101606001787
18.2664645833334,8.3358077264129
18.2667979166667,8.33619835143327
18.26713125,8.33724001815426
18.2674645833334,8.34036501831725
18.2677979166667,8.34739626868395
18.26813125,8.35585981079203
18.2684645833334,8.35885460261488
18.2687979166667,8.34921918544569
18.26913125,8.35390668569016
18.2694645833334,8.35898481095501
18.2697979166667,8.36210981111799
18.27013125,8.3567712691729
18.2704645833334,8.34739626868395
18.2707979166667,8.34648481030308
18.27113125,8.35442751905066
18.2714645833334,8.36302126949886
18.2717979166667,8.37213585330756
18.27213125,8.36953168650507
18.2724645833334,8.37226606164768
18.2727979166667,8.37317752002855
18.27313125,8.36835981144395
18.2734645833334,8.36953168650507
18.2737979166667,8.36510460294085
18.27413125,8.37981814537488
18.2744645833334,8.38489627063973
18.2747979166667,8.38541710400023
18.27513125,8.38606814570085
18.2754645833334,8.38724002076197
18.2757979166667,8.39023481258482
18.27613125,8.38437543727923
18.2764645833334,8.38828168748296
18.2767979166667,8.40117231315526
18.2771312500001,8.4072921051411
18.2774645833334,8.40013064643427
18.2777979166667,8.38880252084346
18.2781312500001,8.38710981242184
18.2784645833334,8.39296918772743
18.2787979166667,8.40156293817563
18.2791312500001,8.40169314651575
18.2794645833334,8.40364627161762
18.2797979166667,8.39557335452992
18.2801312500001,8.39713585461141
18.2804645833334,8.39270877104718
18.2807979166667,8.40468793833861
18.2811312500001,8.41119835534482
18.2814645833334,8.41731814733066
18.2817979166667,8.41328168878681
18.2821312500001,8.42070356417389
18.2824645833334,8.42760460620048
18.2827979166667,8.43398481486656
18.2831312500001,8.42916710628197
18.2834645833334,8.42474002271774
18.2837979166667,8.42487023105787
18.2841312500001,8.42135460587451
18.2844645833334,8.42044314749364
18.2847979166667,8.42031293915352
18.2851312500001,8.42656293947948
18.2854645833334,8.43854210677091
18.2857979166667,8.43854210677091
18.2861312500001,8.43528689826781
18.2864645833334,8.42942752296222
18.2867979166667,8.43776085673017
18.2871312500001,8.44088585689315
18.2874645833334,8.43763064839004
18.2877979166667,8.42929731462209
18.2881312500001,8.42656293947948
18.2884645833334,8.43046918968321
18.2887979166667,8.43880252345116
18.2891312500001,8.43789106507029
18.2894645833334,8.43059939802333
18.2897979166667,8.42434939769737
18.2901312500001,8.42526085607824
18.2904645833334,8.42552127275849
18.2907979166667,8.41992231413315
18.2911312500001,8.42474002271774
18.2914645833334,8.42591189777886
18.2917979166667,8.423958772677
18.2921312500001,8.4110681470047
18.2924645833334,8.41549523056892
18.2927979166667,8.42148481421464
18.2931312500001,8.43020877300296
18.2934645833334,8.42734418952023
18.2937979166667,8.4358077316283
18.2941312500001,8.43828169009066
18.2944645833334,8.44127648191352
18.2947979166667,8.42747439786035
18.2951312500001,8.42812543956097
18.2954645833334,8.42916710628197
18.2957979166667,8.43059939802333
18.2961312500001,8.41341189712693
18.2964645833334,8.41224002206582
18.2967979166667,8.42200564757513
18.2971312500001,8.4406254402129
18.2974645833334,8.42994835632271
18.2977979166667,8.41940148077265
18.2981312500001,8.41979210579302
18.2984645833334,8.43463585656719
18.2987979166667,8.44362023203576
18.2991312500001,8.43841189843079
18.2994645833334,8.43385460652644
18.2997979166667,8.43763064839004
18.3001312500001,8.44179731527402
18.3004645833334,8.45208377414383
18.3007979166667,8.45013064904197
18.3011312500001,8.44362023203576
18.3014645833334,8.4411462735734
18.3017979166667,8.4481775239401
18.3021312500001,8.46601606653712
18.3024645833334,8.45924523285066
18.3027979166667,8.45039106572222
18.3031312500001,8.44466189875675
18.3034645833334,8.44661502385861
18.3037979166668,8.44570356547774
18.3041312500001,8.44960981568147
18.3044645833334,8.45872439949017
18.3047979166668,8.46367231641489
18.3051312500001,8.45494835762657
18.3054645833334,8.44752648223948
18.3057979166668,8.45013064904197
18.3061312500001,8.4535160658852
18.3064645833334,8.45377648256545
18.3067979166668,8.44544314879749
18.3071312500001,8.44557335713762
18.3074645833334,8.44960981568147
18.3077979166668,8.46054731625191
18.3081312500001,8.46510460815625
18.3084645833334,8.45872439949017
18.3087979166668,8.45182335746358
18.3091312500001,8.4535160658852
18.3094645833334,8.46614627487725
18.3097979166668,8.47083377512172
18.3101312500001,8.46237023301364
18.3104645833334,8.45911502451054
18.3107979166668,8.46523481649638
18.3111312500001,8.46901085835998
18.3114645833334,8.46224002467352
18.3117979166668,8.44505252377712
18.3121312500001,8.44479210709687
18.3124645833334,8.45390669090557
18.3127979166668,8.464844191476
18.3131312500001,8.45963585787104
18.3134645833334,8.45664106604818
18.3137979166668,8.46250044135377
18.3141312500001,8.47786502548843
18.3144645833334,8.48033898395079
18.3147979166668,8.46757856661861
18.3151312500001,8.45533898264694
18.3154645833334,8.45768273276917
18.3157979166668,8.47434940030507
18.3161312500001,8.48645877593663
18.3164645833334,8.48867231771874
18.3167979166668,8.47955773391004
18.3171312500001,8.47695356710756
18.3174645833334,8.47656294208718
18.3177979166668,8.48489627585514
18.3181312500001,8.48398481747427
18.3184645833334,8.4782556505088
18.3187979166668,8.47213585852296
18.3191312500001,8.46757856661861
18.3194645833334,8.47057335844147
18.3197979166668,8.47330773358408
18.3201312500001,8.47474002532545
18.3204645833334,8.47161502516246
18.3207979166668,8.47109419180197
18.3211312500001,8.48294315075327
18.3214645833334,8.49075565116073
18.3217979166668,8.48867231771874
18.3221312500001,8.47408898362482
18.3224645833334,8.47487023366557
18.3227979166668,8.48046919229091
18.3231312500001,8.49140669286135
18.3234645833334,8.47903690054955
18.3237979166668,8.47630252540694
18.3241312500001,8.47265669188346
18.3244645833334,8.47942752556992
18.3247979166668,8.48099002565141
18.3251312500001,8.48424523415452
18.3254645833334,8.48463585917489
18.3257979166668,8.48033898395079
18.3261312500001,8.47890669220942
18.3264645833334,8.48606815091626
18.3267979166668,8.4959639847657
18.3271312500001,8.49674523480644
18.3274645833334,8.49218794290209
18.3277979166668,8.48945356775949
18.3281312500001,8.48190148403228
18.3284645833334,8.47994835893041
18.3287979166668,8.47604210872669
18.3291312500001,8.48112023399153
18.3294645833334,8.48072960897116
18.3297979166668,8.47408898362482
18.3301312500001,8.4734379419242
18.3304645833334,8.47786502548843
18.3307979166668,8.47916710888967
18.3311312500001,8.47278690022358
18.3314645833335,8.46770877495874
18.3317979166668,8.47591190038656
18.3321312500001,8.47929731722979
18.3324645833335,8.48046919229091
18.3327979166668,8.46692752491799
18.3331312500001,8.4615889829729
18.3334645833335,8.45989627455128
18.3337979166668,8.46471398313588
18.3341312500001,8.47031294176122
18.3344645833335,8.47617231706681
18.3347979166668,8.4734379419242
18.3351312500001,8.47174523350259
18.3354645833335,8.46692752491799
18.3357979166668,8.4734379419242
18.3361312500001,8.47434940030507
18.3364645833335,8.46458377479576
18.3367979166668,8.45429731592594
18.3371312500001,8.45416710758582
18.3374645833335,8.45846398280992
18.3377979166668,8.47187544184271
18.3381312500001,8.46510460815625
18.3384645833335,8.45950564953091
18.3387979166668,8.45455773260619
18.3391312500001,8.45885460783029
18.3394645833335,8.45638064936793
18.3397979166668,8.45429731592594
18.3401312500001,8.45533898264694
18.3404645833335,8.46093794127228
18.3407979166668,8.45755252442905
18.3411312500001,8.44934939900122
18.3414645833335,8.45091189908271
18.3417979166668,8.45377648256545
18.3421312500001,8.45924523285066
18.3424645833335,8.46171919131302
18.3427979166668,8.45989627455128
18.3431312500001,8.45638064936793
18.3434645833335,8.45494835762657
18.3437979166668,8.4567712743883
18.3441312500001,8.46263064969389
18.3444645833335,8.46171919131302
18.3447979166668,8.4610681496124
18.3451312500001,8.46822960831923
18.3454645833335,8.47057335844147
18.3457979166668,8.4701827334211
18.3461312500001,8.46367231641489
18.3464645833335,8.45989627455128
18.3467979166668,8.46432335811551
18.3471312500001,8.46380252475501
18.3474645833335,8.46953169172048
18.3477979166668,8.46927127504023
18.3481312500001,8.47851606718905
18.3484645833335,8.47213585852296
18.3487979166668,8.46796919163899
18.3491312500001,8.46601606653712
18.3494645833335,8.47005252508097
18.3497979166668,8.46940148338035
18.3501312500001,8.46276085803402
18.3504645833335,8.46406294143526
18.3507979166668,8.46992231674085
18.3511312500001,8.47330773358408
18.3514645833335,8.47408898362482
18.3517979166668,8.47122440014209
18.3521312500001,8.46341189973464
18.3524645833335,8.46015669123153
18.3527979166668,8.46132856629265
18.3531312500001,8.4664066915575
18.3534645833335,8.46328169139452
18.3537979166668,8.45468794094631
18.3541312500001,8.4492191906611
18.3544645833335,8.44778689891973
18.3547979166668,8.4497400240216
18.3551312500001,8.45260460750433
18.3554645833335,8.44661502385861
18.3557979166668,8.44192752361414
18.3561312500001,8.43554731494805
18.3564645833335,8.43385460652644
18.3567979166668,8.42434939769737
18.3571312500002,8.42265668927575
18.3574645833335,8.4196618974529
18.3577979166668,8.42148481421464
18.3581312500002,8.41354210546706
18.3584645833335,8.40911502190284
18.3587979166668,8.40234418821638
18.3591312500002,8.39544314618979
18.3594645833335,8.38684939574159
18.3597979166668,8.38710981242184
18.3601312500002,8.38841189582308
18.3604645833335,8.39414106278855
18.3607979166668,8.39101606262557
18.3611312500002,8.39257856270706
18.3614645833335,8.39557335452992
18.3617979166668,8.38997439590457
18.3621312500002,8.37604210351128
18.3624645833335,8.36549522796122
18.3627979166668,8.36679731136246
18.3631312500002,8.37513064513041
18.3634645833335,8.37565147849091
18.3637979166668,8.36731814472296
18.3641312500002,8.36406293621985
18.3644645833335,8.35690147751302
18.3647979166668,8.36367231119948
18.3651312500002,8.35546918577165
18.3654645833335,8.35364626900991
18.3657979166668,8.3519535605883
18.3661312500002,8.35846397759451
18.3664645833335,8.35846397759451
18.3667979166668,8.35520876909141
18.3671312500002,8.34687543532346
18.3674645833335,8.35234418560867
18.3677979166668,8.35221397726855
18.3681312500002,8.35612022747227
18.3684645833335,8.34609418528271
18.3687979166668,8.33919314325613
18.3691312500002,8.33398480965116
18.3694645833335,8.33541710139252
18.3697979166668,8.33020876778755
18.3701312500002,8.32500043418258
18.3704645833335,8.32578168422333
18.3707979166668,8.33437543467153
18.3711312500002,8.33815147653513
18.3714645833335,8.33085980948817
18.3717979166668,8.31849001717637
18.3721312500002,8.31406293361215
18.3724645833335,8.31302126689116
18.3727979166668,8.31458376697265
18.3731312500002,8.31979210057762
18.3734645833335,8.318099392156
18.3737979166668,8.3148441836529
18.3741312500002,8.30312543304172
18.3744645833335,8.29257855749165
18.3747979166668,8.28567751546507
18.3751312500002,8.27656293165637
18.3754645833335,8.2686202229088
18.3757979166668,8.2600264724606
18.3761312500002,8.2589848057396
18.3764645833335,8.26471397270507
18.3767979166668,8.27096397303103
18.3771312500002,8.26549522274581
18.3774645833335,8.25442751383526
18.3777979166668,8.24726605512842
18.3781312500002,8.24544313836668
18.3784645833335,8.24700563844817
18.3787979166668,8.24140667982283
18.3791312500002,8.23828167965985
18.3794645833335,8.23632855455799
18.3797979166668,8.23984417974134
18.3801312500002,8.24010459642159
18.3804645833335,8.23437542945612
18.3807979166668,8.22122438710358
18.3811312500002,8.21497438677761
18.3814645833335,8.21354209503625
18.3817979166668,8.20885459479178
18.3821312500002,8.19270876061637
18.3824645833335,8.1875004270114
18.3827979166668,8.19283896895649
18.3831312500002,8.20364626118681
18.3834645833335,8.20651084466954
18.3837979166669,8.19453167737811
18.3841312500002,8.18593792692991
18.3844645833335,8.17604209308047
18.3847979166668,8.18138063502556
18.3851312500002,8.17122438449587
18.3854645833335,8.16367230076867
18.3857979166669,8.14882854999451
18.3861312500002,8.15716188376246
18.3864645833335,8.15690146708221
18.3867979166669,8.15065146675624
18.3871312500002,8.13802125776419
18.3874645833335,8.13294313249935
18.3877979166669,8.14088584124693
18.3881312500002,8.14544313315128
18.3884645833335,8.14974000837537
18.3887979166669,8.14661500821239
18.3891312500002,8.13242229913885
18.3894645833335,8.11992229848693
18.3897979166669,8.11640667330357
18.3901312500002,8.12565146545239
18.3904645833335,8.13099000739749
18.3907979166669,8.1208337568678
18.3911312500002,8.11562542326283
18.3914645833335,8.10664104779426
18.3917979166669,8.10351604763127
18.3921312500002,8.08580771337438
18.3924645833335,8.0789066713478
18.3927979166669,8.08020875474904
18.3931312500002,8.0821618798509
18.3934645833335,8.07604208786506
18.3937979166669,8.07369833774283
18.3941312500002,8.07213583766134
18.3944645833335,8.07161500430084
18.3947979166669,8.06510458729463
18.3951312500002,8.06692750405637
18.3954645833335,8.06471396227425
18.3957979166669,8.05924521198904
18.3961312500002,8.04635458631674
18.3964645833335,8.04466187789513
18.3967979166669,8.04635458631674
18.3971312500002,8.03945354429016
18.3974645833335,8.02825562703947
18.3977979166669,8.02083375165239
18.3981312500002,8.02630250193761
18.3984645833335,8.0187504182104
18.3987979166669,8.002604584035
18.3991312500002,7.99362020856643
18.3994645833335,8.00026083391276
18.3997979166669,8.00429729245662
18.4001312500002,8.00078166727326
18.4004645833335,7.99036500006332
18.4007979166669,7.98098999957438
18.4011312500002,7.9773441660509
18.4014645833335,7.98033895787376
18.4017979166669,7.9821618746355
18.4021312500002,7.98046916621388
18.4024645833335,7.97083374904469
18.4027979166669,7.95846395673289
18.4031312500002,7.94440145599947
18.4034645833335,7.93606812223152
18.4037979166669,7.93632853891177
18.4041312500002,7.93294312206854
18.4044645833335,7.93138062198705
18.4047979166669,7.9230472882191
18.4051312500002,7.91614624619251
18.4054645833335,7.91158895428816
18.4057979166669,7.90755249574431
18.4061312500002,7.90286499549984
18.4064645833335,7.90273478715972
18.4067979166669,7.91119832926779
18.4071312500002,7.92226603817835
18.4074645833335,7.9182295796345
18.4077979166669,7.91158895428816
18.40813125,7.90781291242456
18.4084645833333,7.90729207906406
18.4087979166667,7.89882853695599
18.40913125,7.89309936999052
18.4094645833333,7.88502645290282
18.4097979166667,7.87942749427748
18.41013125,7.86276082674158
18.4104645833333,7.85195353451127
18.4107979166667,7.84856811766804
18.41113125,7.85390665961313
18.4114645833333,7.85638061807549
18.4117979166667,7.85520874301437
18.41213125,7.84036499224021
18.4124645833333,7.8257816581463
18.4127979166667,7.81744832437835
18.41313125,7.8214847829222
18.4134645833333,7.82447957474506
18.4137979166667,7.82265665798332
18.41413125,7.81835978275922
18.4144645833333,7.81510457425611
18.4147979166667,7.8123701991135
18.41513125,7.80416707368568
18.4154645833333,7.79661498995847
18.4157979166667,7.78971394793189
18.41613125,7.78841186453064
18.4164645833333,7.78619832274853
18.4167979166667,7.77773478064046
18.41713125,7.77408894711698
18.4174645833333,7.77109415529412
18.4177979166667,7.76419311326754
18.41813125,7.75130248759524
18.4184645833333,7.73723998686182
18.4187979166667,7.73632852848095
18.41913125,7.73085977819574
18.4194645833334,7.72539102791052
18.4197979166667,7.72057331932592
18.42013125,7.72148477770679
18.4204645833334,7.72031290264567
18.4207979166667,7.70260456838878
18.42113125,7.68632852587325
18.4214645833334,7.66770873323549
18.4217979166667,7.66328164967126
18.42213125,7.6608076912089
18.4224645833334,7.66927123331698
18.4227979166667,7.67239623347996
18.42313125,7.66757852489536
18.4234645833334,7.6618493579299
18.4237979166667,7.65950560780766
18.42413125,7.65338581582182
18.4244645833334,7.64244831525139
18.4247979166667,7.62773477281735
18.42513125,7.62760456447722
18.4254645833334,7.62226602253213
18.4257979166667,7.62239623087226
18.42613125,7.62031289743027
18.4264645833334,7.62005248075002
18.4267979166667,7.61445352212468
18.42713125,7.60429727159499
18.4274645833334,7.60364622989437
18.4277979166667,7.60677123005735
18.42813125,7.60481810495548
18.4284645833334,7.59192747928319
18.4287979166667,7.58802122907946
18.42913125,7.58854206243996
18.4294645833334,7.58958372916095
18.4297979166667,7.57122435320343
18.43013125,7.55794310251076
18.4304645833334,7.55859414421138
18.4307979166667,7.56796914470033
18.43113125,7.5651045612176
18.4314645833334,7.55013060210331
18.4317979166667,7.5355472680094
18.43213125,7.5307295594248
18.4324645833334,7.52786497594207
18.4327979166667,7.52760455926182
18.43313125,7.52864622598281
18.4334645833334,7.52890664266306
18.4337979166667,7.51809935043275
18.43413125,7.51184935010679
18.4344645833334,7.50520872476045
18.4347979166667,7.50572955812095
18.43513125,7.49700559933263
18.4354645833334,7.48112018183747
18.4357979166667,7.47838580669486
18.43613125,7.47356809811026
18.4364645833334,7.47799518167449
18.4367979166667,7.46822955616517
18.43713125,7.45612018053362
18.4374645833334,7.44921913850703
18.4377979166667,7.44739622174529
18.43813125,7.45351601373113
18.4384645833334,7.44765663842554
18.4387979166667,7.43411497105262
18.43913125,7.42421913720318
18.4394645833334,7.42812538740691
18.4397979166667,7.43098997088964
18.44013125,7.43085976254952
18.4404645833334,7.41992226197908
18.4407979166667,7.412500386592
18.44113125,7.4039066361438
18.4414645833334,7.39622434407647
18.4417979166667,7.38737017694803
18.44213125,7.37734413475846
18.4424645833334,7.370573301072
18.4427979166667,7.36966184269113
18.44313125,7.37226600949362
18.4434645833334,7.37122434277262
18.4437979166667,7.36471392576641
18.44413125,7.35716184203921
18.4444645833334,7.36015663386206
18.4447979166667,7.35989621718181
18.44513125,7.35078163337312
18.4454645833334,7.33528684089833
18.4457979166667,7.33190142405511
18.4461312500001,7.33789100770082
18.4464645833334,7.34192746624467
18.4467979166667,7.34127642454405
18.44713125,7.32955767393287
18.4474645833334,7.32395871530753
18.4477979166667,7.3200524651038
18.4481312500001,7.32213579854579
18.4484645833334,7.30976600623399
18.4487979166667,7.30052121408517
18.4491312500001,7.29453163043945
18.4494645833334,7.30104204744566
18.4497979166667,7.30078163076541
18.4501312500001,7.29453163043945
18.4504645833334,7.2910160052561
18.4507979166667,7.28828163011349
18.4511312500001,7.28502642161038
18.4514645833334,7.27604204614181
18.4517979166667,7.26510454557138
18.4521312500001,7.26406287885038
18.4524645833334,7.26328162880964
18.4527979166667,7.26132850370777
18.4531312500001,7.26210975374852
18.4534645833334,7.2619795454084
18.4537979166667,7.25859412856516
18.4541312500001,7.25117225317808
18.4544645833334,7.2442712111515
18.4547979166667,7.24921912807622
18.4551312500001,7.25247433657933
18.4554645833334,7.2480472530151
18.4557979166667,7.23072954377858
18.4561312500001,7.2184899598069
18.4564645833334,7.222786835031
18.4567979166667,7.23411496062181
18.4571312500001,7.23177121049957
18.4574645833334,7.21757850142603
18.4577979166667,7.21328162620193
18.4581312500001,7.21536495964392
18.4584645833334,7.21888058482728
18.4587979166667,7.20820350093709
18.4591312500001,7.19114620838082
18.4594645833334,7.1813805828715
18.4597979166667,7.18606808311597
18.4601312500001,7.19531287526479
18.4604645833334,7.18919308327895
18.4607979166667,7.17200558238255
18.4611312500001,7.16080766513187
18.4614645833334,7.1690107905597
18.4617979166667,7.17343787412392
18.4621312500001,7.17356808246405
18.4624645833334,7.15846391500963
18.4627979166667,7.15377641476516
18.4631312500001,7.1523441230238
18.4634645833334,7.15260453970404
18.4637979166667,7.14153683079349
18.4641312500001,7.13450558042678
18.4644645833334,7.13046912188293
18.4647979166667,7.1270837050397
18.4651312500001,7.11627641280939
18.4654645833334,7.12005245467299
18.4657979166667,7.1303389135428
18.4661312500001,7.13802120561013
18.4664645833334,7.12630245499895
18.4667979166667,7.11653682948963
18.4671312500001,7.11289099596616
18.4674645833334,7.11393266268715
18.4677979166667,7.10442745385808
18.4681312500001,7.09674516179075
18.4684645833334,7.09661495345063
18.4687979166667,7.09635453677038
18.4691312500001,7.09296911992715
18.4694645833334,7.08151078599622
18.4697979166667,7.0846357861592
18.4701312500001,7.08828161968268
18.4704645833334,7.09244828656665
18.4707979166667,7.08346391109808
18.4711312500001,7.07825557749311
18.4714645833334,7.07434932728938
18.4717979166667,7.07643266073137
18.4721312500001,7.07148474380665
18.4724645833334,7.06562536850106
18.4727979166668,7.06171911829733
18.4731312500001,7.06640661854181
18.4734645833334,7.06510453514056
18.4737979166667,7.0593753681751
18.4741312500001,7.04622432582255
18.4744645833334,7.04036495051696
18.4747979166668,7.03867224209535
18.4751312500001,7.03932328379597
18.4754645833334,7.04153682557808
18.4757979166668,7.04205765893858
18.4761312500001,7.03463578355149
18.4764645833334,7.03177120006876
18.4767979166668,7.03072953334777
18.4771312500001,7.03072953334777
18.4774645833334,7.02330765796069
18.4777979166668,7.01067744896864
18.4781312500001,7.00195349018031
18.4784645833334,6.99947953171795
18.4787979166668,7.00091182345932
18.4791312500001,7.00273474022106
18.4794645833334,6.99466182313336
18.4797979166668,6.99309932305187
18.4801312500001,6.99192744799075
18.4804645833334,6.99466182313336
18.4807979166668,6.99179723965062
18.4811312500001,6.98658890604566
18.4814645833334,6.98463578094379
18.4817979166668,6.97812536393758
18.4821312500001,6.97721390555671
18.4824645833334,6.96953161348938
18.4827979166668,6.9658857799659
18.4831312500001,6.96197952976218
18.4834645833334,6.96901078012888
18.4837979166668,6.96835973842826
18.4841312500001,6.96822953008814
18.4844645833334,6.96328161316342
18.4847979166668,6.96054723802081
18.4851312500001,6.96197952976218
18.4854645833334,6.96562536328565
18.4857979166668,6.96510452992516
18.4861312500001,6.95247432093311
18.4864645833334,6.93151077817311
18.4867979166668,6.93085973647249
18.4871312500001,6.9373701534787
18.4874645833334,6.94401077882503
18.4877979166668,6.93046911145211
18.4881312500001,6.92109411096317
18.4884645833334,6.92148473598354
18.4887979166668,6.93177119485335
18.4891312500001,6.9320316115336
18.4894645833334,6.9234378610854
18.4897979166668,6.91940140254155
18.4901312500001,6.91783890246006
18.4904645833334,6.91914098586131
18.4907979166668,6.91328161055572
18.4911312500001,6.90898473533161
18.4914645833334,6.90507848512789
18.4917979166668,6.90091181824391
18.4921312500001,6.89479202625807
18.4924645833334,6.89505244293832
18.4927979166668,6.89348994285683
18.4931312500001,6.89531285961857
18.4934645833334,6.89231806779571
18.4937979166668,6.89101598439447
18.4941312500001,6.89244827613584
18.4944645833334,6.8858076507895
18.4947979166668,6.88802119257161
18.4951312500001,6.88776077589137
18.4954645833334,6.88710973419075
18.4957979166668,6.88359410900739
18.4961312500001,6.87656285864068
18.4964645833334,6.88294306730677
18.4967979166668,6.8820316089259
18.4971312500001,6.87460973353882
18.4974645833334,6.86263056624739
18.4977979166668,6.85846389936342
18.4981312500001,6.86666702479124
18.4984645833334,6.87044306665484
18.4987979166668,6.86901077491348
18.4991312500001,6.86419306632888
18.4994645833334,6.86171910786652
18.4997979166668,6.85976598276466
18.5001312500001,6.84934931555472
18.5004645833334,6.84296910688863
18.5007979166668,6.84583369037136
18.5011312500001,6.8524743157177
18.5014645833335,6.85065139895596
18.5017979166668,6.84335973190901
18.5021312500001,6.83867223166453
18.5024645833335,6.83880244000466
18.5027979166668,6.83763056494354
18.5031312500001,6.83177118963795
18.5034645833334,6.8272138977336
18.5037979166668,6.822396189149
18.5041312500001,6.82877639781509
18.5044645833335,6.83059931457683
18.5047979166668,6.83164098129782
18.5051312500001,6.82187535578851
18.5054645833335,6.82161493910826
18.5057979166668,6.82018264736689
18.5061312500001,6.81796910558478
18.5064645833335,6.80768264671497
18.5067979166668,6.80442743821186
18.5071312500001,6.81145868857857
18.5074645833335,6.8148441054218
18.5077979166668,6.81041702185758
18.5081312500001,6.80247431311
18.5084645833335,6.80130243804888
18.5087979166668,6.80169306306925
18.5091312500001,6.79908889626677
18.5094645833335,6.80416702153161
18.5097979166668,6.80442743821186
18.5101312500001,6.8057295216131
18.5104645833335,6.79687535448466
18.5107979166668,6.79075556249882
18.5111312500001,6.78242222873087
18.5114645833335,6.77851597852714
18.5117979166668,6.78502639553335
18.5121312500001,6.79440139602229
18.5124645833335,6.79518264606304
18.5127979166668,6.78997431245807
18.5131312500001,6.78828160403646
18.5134645833335,6.79192743755994
18.5137979166668,6.78789097901608
18.5141312500001,6.78007847860863
18.5144645833335,6.77343785326229
18.5147979166668,6.7680993113172
18.5151312500001,6.7686201446777
18.5154645833335,6.76419306111348
18.5157979166668,6.77330764492217
18.5161312500001,6.77487014500366
18.5164645833335,6.77487014500366
18.5167979166668,6.76927118637832
18.5171312500001,6.77005243641907
18.5174645833335,6.7675784779567
18.5177979166668,6.75859410248813
18.5181312500001,6.75130243544118
18.5184645833335,6.75559931066528
18.5187979166668,6.76119826929062
18.5191312500001,6.75299514386279
18.5194645833335,6.74362014337385
18.5197979166668,6.74179722661211
18.5201312500001,6.74257847665285
18.5204645833335,6.738542018109
18.5207979166668,6.73242222612316
18.5211312500001,6.73580764296639
18.5214645833335,6.74270868499298
18.5217979166668,6.74166701827198
18.5221312500001,6.73919305980962
18.5224645833335,6.7433597266936
18.5227979166668,6.74739618523745
18.5231312500001,6.74987014369981
18.5234645833335,6.74179722661211
18.5237979166668,6.73802118474851
18.5241312500001,6.73346389284416
18.5244645833335,6.73138055940217
18.5247979166668,6.73125035106204
18.5251312500001,6.72838576757931
18.5254645833335,6.72747430919844
18.5257979166668,6.72877639259969
18.5261312500001,6.73112014272192
18.5264645833335,6.72773472587869
18.5267979166668,6.72018264215149
18.5271312500001,6.71028680830204
18.5274645833335,6.71223993340391
18.5277979166668,6.71184930838354
18.5281312500002,6.71575555858726
18.5284645833335,6.71276076676441
18.5287979166668,6.71302118344465
18.5291312500001,6.71510451688664
18.5294645833335,6.7132816001249
18.5297979166668,6.71354201680515
18.5301312500002,6.70716180813906
18.5304645833335,6.70664097477857
18.5307979166668,6.70312534959521
18.5311312500002,6.69830764101062
18.5314645833335,6.7014326411736
18.5317979166668,6.70286493291496
18.5321312500002,6.7057295163977
18.5324645833335,6.69648472424888
18.5327979166668,6.69322951574577
18.5331312500002,6.7014326411736
18.5334645833335,6.70677118311869
18.5337979166668,6.70833368320018
18.5341312500002,6.69570347420813
18.5344645833335,6.69088576562353
18.5347979166668,6.68671909873956
18.5351312500002,6.69270868238527
18.5354645833335,6.68997430724267
18.5357979166668,6.68541701533832
18.5361312500002,6.67265659800614
18.5364645833335,6.66966180618329
18.5367979166668,6.67526076480863
18.5371312500002,6.68658889039944
18.5374645833335,6.68867222384142
18.5377979166668,6.69166701566428
18.5381312500002,6.69010451558279
18.5384645833335,6.68541701533832
18.5387979166668,6.67669305654999
18.5391312500002,6.67304722302652
18.5394645833335,6.67317743136664
18.5397979166668,6.66992222286353
18.5401312500002,6.66458368091844
18.5404645833335,6.66718784772093
18.5407979166668,6.67487013978826
18.5411312500002,6.68242222351546
18.5414645833335,6.68737014044018
18.5417979166668,6.67903680667223
18.5421312500002,6.6718753479654
18.5424645833335,6.66575555597956
18.5427979166668,6.66744826440117
18.5431312500002,6.66718784772093
18.5434645833335,6.66588576431968
18.5437979166668,6.67070347290428
18.5441312500002,6.67460972310801
18.5444645833335,6.67200555630552
18.5447979166668,6.66067743071471
18.5451312500002,6.65533888876962
18.5454645833335,6.65937534731347
18.5457979166668,6.66237013913633
18.5461312500002,6.65546909710975
18.5464645833335,6.65234409694676
18.5467979166668,6.65638055549061
18.5471312500002,6.65781284723198
18.5474645833335,6.66028680569434
18.5477979166668,6.66015659735422
18.5481312500002,6.6638024308777
18.5484645833335,6.65403680536838
18.5487979166668,6.64700555500167
18.5491312500002,6.64492222155968
18.5494645833335,6.64804722172266
18.5497979166668,6.64453159653931
18.5501312500002,6.64114617969608
18.5504645833335,6.63268263758801
18.5507979166668,6.62903680406453
18.5511312500002,6.62929722074478
18.5514645833335,6.63528680439049
18.5517979166668,6.6412763880362
18.5521312500002,6.63125034584664
18.5524645833335,6.62903680406453
18.5527979166668,6.62630242892192
18.5531312500002,6.63606805443123
18.5534645833335,6.63619826277136
18.5537979166668,6.64362013815844
18.5541312500002,6.6466149299813
18.5544645833335,6.64596388828068
18.5547979166668,6.63411492932937
18.5551312500002,6.62473992884043
18.5554645833335,6.62604201224167
18.5557979166669,6.63033888746577
18.5561312500002,6.63294305426825
18.5564645833335,6.62877638738428
18.5567979166669,6.62213576203794
18.5571312500002,6.62552117888117
18.5574645833335,6.63164097086701
18.5577979166668,6.63971388795471
18.5581312500002,6.63763055451273
18.5584645833335,6.62851597070403
18.5587979166669,6.62630242892192
18.5591312500002,6.62291701207869
18.5594645833335,6.62708367896266
18.5597979166669,6.62369826211943
18.5601312500002,6.62760451232316
18.5604645833335,6.63125034584664
18.5607979166669,6.6289065957244
18.5611312500002,6.62226597037807
18.5614645833335,6.61445346997061
18.5617979166669,6.62096388697683
18.5621312500002,6.62096388697683
18.5624645833335,6.61914097021509
18.5627979166669,6.61614617839223
18.5631312500002,6.62200555369782
18.5634645833335,6.63476597102999
18.5637979166669,6.63437534600962
18.5641312500002,6.63281284592813
18.5644645833335,6.62317742875894
18.5647979166669,6.62604201224167
18.5651312500002,6.62487013718055
18.5654645833335,6.62447951216018
18.5657979166669,6.6132815949095
18.5661312500002,6.61744826179347
18.5664645833335,6.62369826211943
18.5667979166669,6.62955763742502
18.5671312500002,6.62434930382005
18.5674645833335,6.61979201191571
18.5677979166669,6.62395867879968
18.5681312500002,6.62122430365707
18.5684645833335,6.61979201191571
18.5687979166669,6.61210971984838
18.5691312500002,6.60950555304589
18.5694645833335,6.60338576106005
18.5697979166669,6.6041670111008
18.5701312500002,6.60520867782179
18.5704645833335,6.61002638640639
18.5707979166669,6.61497430333111
18.5711312500002,6.61614617839223
18.5714645833335,6.61744826179347
18.5717979166669,6.61445346997061
18.5721312500002,6.61497430333111
18.5724645833335,6.61419305329037
18.5727979166669,6.61250034486875
18.5731312500002,6.62330763709906
18.5734645833335,6.62812534568366
18.5737979166669,6.62916701240465
18.5741312500002,6.61119826146751
18.5744645833335,6.60950555304589
18.5747979166669,6.61106805312738
18.5751312500002,6.62057326195645
18.5754645833335,6.61523472001136
18.5757979166669,6.60703159458353
18.5761312500002,6.60716180292366
18.5764645833335,6.6122399281885
18.5767979166669,6.62343784543919
18.5771312500002,6.62317742875894
18.5774645833335,6.6170576367731
18.5777979166669,6.60625034454279
18.5781312500002,6.6036461777403
18.5784645833335,6.6122399281885
18.5787979166667,6.62148472033732
18.57913125,6.62265659539844
18.5794645833333,6.61250034486875
18.5797979166667,6.60716180292366
18.58013125,6.60911492802552
18.5804645833333,6.61445346997061
18.5807979166667,6.61640659507248
18.58113125,6.61197951150825
18.5814645833333,6.61106805312738
18.5817979166667,6.60572951118229
18.58213125,6.60312534437981
18.5824645833333,6.60169305263844
18.5827979166667,6.60052117757732
18.58313125,6.59921909417608
18.5834645833333,6.59856805247546
18.5837979166667,6.60377638608043
18.58413125,6.6132815949095
18.5844645833333,6.61406284495024
18.5847979166667,6.61106805312738
18.58513125,6.60703159458353
18.5854645833333,6.60937534470577
18.5857979166667,6.61119826146751
18.58613125,6.60703159458353
18.5864645833333,6.59648471903347
18.5867979166667,6.59088576040813
18.58713125,6.59479201061186
18.5874645833334,6.60455763612117
18.5877979166667,6.60924513636564
18.58813125,6.60052117757732
18.5884645833333,6.59635451069335
18.5887979166667,6.59817742745509
18.58913125,6.60273471935943
18.5894645833334,6.59765659409459
18.5897979166667,6.58554721846304
18.59013125,6.58411492672167
18.5904645833334,6.5875003435649
18.5907979166667,6.59414096891123
18.59113125,6.59375034389086
18.5914645833334,6.59492221895198
18.5917979166667,6.59296909385012
18.59213125,6.58710971854453
18.5924645833334,6.58854201028589
18.5927979166667,6.59661492737359
18.59313125,6.60195346931869
18.5934645833334,6.5998701358767
18.5937979166667,6.59570346899272
18.59413125,6.59739617741434
18.5944645833334,6.59635451069335
18.5947979166667,6.59140659376863
18.59513125,6.58737013522477
18.5954645833334,6.58515659344266
18.5957979166667,6.59244826048962
18.59613125,6.60130242761807
18.5964645833334,6.61015659474651
18.5967979166667,6.60585971952242
18.59713125,6.60000034421682
18.5974645833334,6.59908888583595
18.5977979166667,6.6041670111008
18.59813125,6.60169305263844
18.5984645833334,6.59348992721061
18.5987979166667,6.58658888518403
18.59913125,6.59375034389086
18.5994645833334,6.5955732606526
18.5997979166667,6.60260451101931
18.60013125,6.60156284429831
18.6004645833334,6.59453159393161
18.6007979166667,6.58828159360564
18.60113125,6.59335971887049
18.6014645833334,6.60703159458353
18.6017979166667,6.60507846948167
18.60213125,6.59375034389086
18.6024645833334,6.590755552068
18.6027979166667,6.59440138559148
18.60313125,6.591797218789
18.6034645833334,6.58515659344266
18.6037979166667,6.5837243017013
18.60413125,6.58515659344266
18.6044645833334,6.58515659344266
18.6047979166667,6.58007846817782
18.60513125,6.57252638445061
18.6054645833334,6.57330763449136
18.6057979166667,6.58164096825931
18.60613125,6.59661492737359
18.6064645833334,6.60169305263844
18.6067979166667,6.59960971919645
18.60713125,6.59791701077484
18.6074645833334,6.59479201061186
18.6077979166667,6.59218784380937
18.60813125,6.59010451036738
18.6084645833334,6.58528680178279
18.6087979166667,6.58880242696614
18.60913125,6.58489617676241
18.6094645833334,6.58789096858527
18.6097979166667,6.58450555174204
18.61013125,6.58854201028589
18.6104645833334,6.59101596874825
18.6107979166667,6.59270867716987
18.61113125,6.59466180227173
18.6114645833334,6.59518263563223
18.6117979166667,6.59830763579521
18.61213125,6.58919305198651
18.6124645833334,6.57721388469509
18.6127979166667,6.57330763449136
18.61313125,6.58333367668092
18.6134645833334,6.59674513571372
18.6137979166667,6.60065138591745
18.61413125,6.59518263563223
18.6144645833334,6.58906284364639
18.6147979166667,6.59062534372788
18.61513125,6.59322951053036
18.6154645833334,6.59752638575446
18.6157979166667,6.58828159360564
18.6161312500001,6.58398471838154
18.6164645833334,6.57929721813707
18.6167979166667,6.58333367668092
18.6171312500001,6.58723992688465
18.6174645833334,6.58294305166055
18.6177979166667,6.57916700979695
18.6181312500001,6.58020867651794
18.6184645833334,6.58997430202726
18.6187979166667,6.59622430235322
18.6191312500001,6.59596388567297
18.6194645833334,6.59440138559148
18.6197979166667,6.58958367700689
18.6201312500001,6.58541701012291
18.6204645833334,6.58489617676241
18.6207979166667,6.58671909352415
18.6211312500001,6.59296909385012
18.6214645833334,6.59036492704763
18.6217979166667,6.59010451036738
18.6221312500001,6.58880242696614
18.6224645833334,6.590755552068
18.6227979166667,6.58619826016366
18.6231312500001,6.57851596809633
18.6234645833334,6.57747430137533
18.6237979166667,6.5826826349803
18.6241312500001,6.58541701012291
18.6244645833334,6.58580763514328
18.6247979166667,6.58528680178279
18.6251312500001,6.58580763514328
18.6254645833334,6.58020867651794
18.6257979166667,6.57682325967471
18.6261312500001,6.57565138461359
18.6264645833334,6.57851596809633
18.6267979166667,6.57968784315745
18.6271312500001,6.57968784315745
18.6274645833334,6.58828159360564
18.6277979166667,6.59049513538776
18.6281312500001,6.58867221862602
18.6284645833334,6.57799513473583
18.6287979166667,6.5746097178926
18.6291312500001,6.57968784315745
18.6294645833334,6.5826826349803
18.6297979166667,6.58398471838154
18.6301312500001,6.58528680178279
18.6304645833334,6.58411492672167
18.6307979166667,6.58658888518403
18.6311312500001,6.57929721813707
18.6314645833334,6.58072950987844
18.6317979166667,6.57734409303521
18.6321312500001,6.58307326000068
18.6324645833334,6.57760450971546
18.6327979166667,6.57643263465434
18.6331312500001,6.58229200995993
18.6334645833334,6.58645867684391
18.6337979166667,6.5875003435649
18.6341312500001,6.57708367635496
18.6344645833334,6.58138055157906
18.6347979166667,6.58255242664018
18.6351312500001,6.58294305166055
18.6354645833334,6.5783857597562
18.6357979166667,6.57226596777036
18.6361312500001,6.57174513440987
18.6364645833334,6.56848992590676
18.6367979166667,6.56432325902279
18.6371312500001,6.55937534209807
18.6374645833334,6.56888055092713
18.6377979166667,6.57981805149757
18.6381312500001,6.58072950987844
18.6384645833334,6.56914096760738
18.6387979166667,6.56406284234254
18.6391312500001,6.57122430104937
18.6394645833334,6.57526075959322
18.6397979166667,6.57252638445061
18.6401312500001,6.55612013359496
18.6404645833334,6.55442742517335
18.6407979166667,6.55937534209807
18.6411312500001,6.57929721813707
18.6414645833334,6.5826826349803
18.6417979166667,6.57604200963397
18.6421312500001,6.56510450906353
18.6424645833334,6.56145867554005
18.6427979166668,6.57135450938949
18.6431312500001,6.58020867651794
18.6434645833334,6.58072950987844
18.6437979166667,6.56575555076415
18.6441312500001,6.5611982588598
18.6444645833334,6.56106805051968
18.6447979166668,6.56953159262776
18.6451312500001,6.56250034226105
18.6454645833334,6.56080763383943
18.6457979166668,6.56341180064192
18.6461312500001,6.56731805084564
18.6464645833334,6.56158888388018
18.6467979166668,6.55377638347272
18.6471312500001,6.55104200833012
18.6474645833334,6.55677117529558
18.6477979166668,6.55664096695546
18.6481312500001,6.55911492541782
18.6484645833334,6.55729200865608
18.6487979166668,6.5579430503567
18.6491312500001,6.55143263335049
18.6494645833334,6.5493492999085
18.6497979166668,6.55052117496962
18.6501312500001,6.56158888388018
18.6504645833334,6.5665368008049
18.6507979166668,6.56237013392092
18.6511312500001,6.55507846687397
18.6514645833334,6.55625034193508
18.6517979166668,6.56328159230179
18.6521312500001,6.56145867554005
18.6524645833334,6.55729200865608
18.6527979166668,6.55898471707769
18.6531312500001,6.56263055060117
18.6534645833334,6.56015659213881
18.6537979166668,6.55013054994924
18.6541312500001,6.54713575812639
18.6544645833334,6.54726596646651
18.6547979166668,6.55507846687397
18.6551312500001,6.55338575845235
18.6554645833334,6.55221388339123
18.6557979166668,6.54947950824862
18.6561312500001,6.55221388339123
18.6564645833334,6.5536461751326
18.6567979166668,6.55052117496962
18.6571312500001,6.54791700816713
18.6574645833334,6.54296909124241
18.6577979166668,6.54062534112018
18.6581312500001,6.54114617448067
18.6584645833334,6.54596388306527
18.6587979166668,6.5450524246844
18.6591312500001,6.54166700784117
18.6594645833334,6.53723992427695
18.6597979166668,6.54362013294303
18.6601312500001,6.54309929958254
18.6604645833334,6.54427117464365
18.6607979166668,6.54166700784117
18.6611312500001,6.53854200767819
18.6614645833334,6.53658888257633
18.6617979166668,6.53359409075347
18.6621312500001,6.54140659116092
18.6624645833334,6.5412763828208
18.6627979166668,6.54309929958254
18.6631312500001,6.5412763828208
18.6634645833334,6.54270867456216
18.6637979166668,6.54283888290229
18.6641312500001,6.54335971626279
18.6644645833334,6.54088575780043
18.6647979166668,6.53854200767819
18.6651312500001,6.53059929893061
18.6654645833334,6.52643263204664
18.6657979166668,6.52421909026452
18.6661312500001,6.53059929893061
18.6664645833334,6.53906284103869
18.6667979166668,6.54153679950105
18.6671312500001,6.53932325771893
18.6674645833334,6.53359409075347
18.6677979166668,6.52174513180216
18.6681312500001,6.51575554815645
18.6684645833334,6.51940138167993
18.6687979166668,6.52864617382875
18.6691312500001,6.52682325706701
18.6694645833335,6.51822950661881
18.6697979166668,6.51940138167993
18.6701312500001,6.53033888225036
18.6704645833334,6.53528679917508
18.6707979166668,6.53541700751521
18.6711312500001,6.52617221536639
18.6714645833335,6.5283857571485
18.6717979166668,6.52708367374726
18.6721312500001,6.527864923788
18.6724645833335,6.52539096532564
18.6727979166668,6.51888054831943
18.6731312500001,6.51640658985707
18.6734645833335,6.52005242338055
18.6737979166668,6.52955763220962
18.6741312500001,6.53632846589608
18.6744645833335,6.53072950727074
18.6747979166668,6.52070346508117
18.6751312500001,6.5203128400608
18.6754645833335,6.52135450678179
18.6757979166668,6.52695346540713
18.6761312500001,6.52252638184291
18.6764645833335,6.51835971495893
18.6767979166668,6.51393263139471
18.6771312500001,6.51393263139471
18.6774645833335,6.51367221471446
18.6777979166668,6.51848992329906
18.6781312500001,6.51614617317682
18.6784645833335,6.52265659018303
18.6787979166668,6.52565138200589
18.6791312500001,6.53541700751521
18.6794645833335,6.53046909059049
18.6797979166668,6.52096388176142
18.6801312500001,6.51718783989782
18.6804645833335,6.51901075665955
18.6807979166668,6.52317742354353
18.6811312500001,6.51718783989782
18.6814645833335,6.51809929827869
18.6817979166668,6.52070346508117
18.6821312500001,6.52473992362502
18.6824645833335,6.52148471512191
18.6827979166668,6.52369825690403
18.6831312500001,6.52148471512191
18.6834645833335,6.51679721487744
18.6837979166668,6.51158888127247
18.6841312500001,6.51197950629285
18.6844645833335,6.52213575682254
18.6847979166668,6.52252638184291
18.6851312500001,6.52500034030527
18.6854645833335,6.5192711733398
18.6857979166668,6.51614617317682
18.6861312500001,6.5165367981972
18.6864645833335,6.51588575649657
18.6867979166668,6.51145867293235
18.6871312500001,6.50755242272862
18.6874645833335,6.50898471446999
18.6877979166668,6.51445346475521
18.6881312500001,6.51197950629285
18.6884645833335,6.50937533949036
18.6887979166668,6.51080763123173
18.6891312500001,6.51744825657806
18.6894645833335,6.51862013163918
18.6897979166668,6.51445346475521
18.6901312500001,6.50481804758601
18.6904645833335,6.50546908928664
18.6907979166668,6.50651075600763
18.6911312500001,6.50820346442924
18.6914645833335,6.50872429778974
18.6917979166668,6.50768263106875
18.6921312500001,6.50091179738229
18.6924645833335,6.49205763025384
18.6927979166668,6.48997429681185
18.6931312500001,6.49869825560018
18.6934645833335,6.50247429746378
18.6937979166668,6.50507846426626
18.6941312500001,6.49895867228042
18.6944645833335,6.48841179673036
18.6947979166668,6.48138054636365
18.6951312500001,6.48255242142477
18.6954645833335,6.48945346345136
18.6957979166668,6.49088575519272
18.6961312500001,6.49114617187297
18.6964645833335,6.49596388045757
18.6967979166668,6.49843783891993
18.6971312500001,6.49895867228042
18.6974645833335,6.4945315887162
18.6977979166668,6.49362013033533
18.6981312500001,6.50013054734154
18.6984645833335,6.50664096434775
18.6987979166668,6.50898471446999
18.6991312500002,6.49947950564092
18.6994645833335,6.49947950564092
18.6997979166668,6.5031253391644
18.7001312500002,6.49921908896067
18.7004645833335,6.49479200539645
18.7007979166668,6.4897138801316
18.7011312500002,6.49153679689334
18.7014645833335,6.49283888029458
18.7017979166668,6.50130242240266
18.7021312500002,6.50989617285086
18.7024645833335,6.50937533949036
18.7027979166668,6.49713575551869
18.7031312500002,6.48997429681185
18.7034645833335,6.48919304677111
18.7037979166668,6.49244825527421
18.7041312500002,6.49010450515198
18.7044645833335,6.49544304709707
18.7047979166668,6.4993492973008
18.7051312500002,6.50625033932738
18.7054645833335,6.50065138070204
18.7057979166668,6.49492221373657
18.7061312500002,6.49765658887918
18.7064645833335,6.49817742223968
18.7067979166668,6.49856804726005
18.7071312500002,6.49270867195446
18.7074645833335,6.49153679689334
18.7077979166668,6.49388054701558
18.7081312500002,6.49335971365508
18.7084645833335,6.48945346345136
18.7087979166668,6.48867221341061
18.7091312500002,6.49192742191372
18.7094645833335,6.49088575519272
18.7097979166668,6.48658887996862
18.7101312500002,6.4811201296834
18.7104645833335,6.48307325478527
18.7107979166668,6.48372429648589
18.7111312500002,6.4897138801316
18.7114645833335,6.48906283843098
18.7117979166668,6.48737013000937
18.7121312500002,6.48203158806428
18.7124645833335,6.47916700458154
18.7127979166668,6.48502637988713
18.7131312500002,6.48789096336987
18.7134645833335,6.49257846361434
18.7137979166668,6.48632846328837
18.7141312500002,6.48723992166924
18.7144645833335,6.4854170049075
18.7147979166668,6.48854200507049
18.7151312500002,6.48723992166924
18.7154645833335,6.48385450482601
18.7157979166668,6.48463575486676
18.7161312500002,6.48528679656738
18.7164645833335,6.49440138037608
18.7167979166668,6.49101596353285
18.7171312500002,6.48424512984639
18.7174645833335,6.48046908798278
18.7177979166668,6.48007846296241
18.7181312500002,6.47721387947968
18.7184645833335,6.46888054571173
18.7187979166668,6.46263054538577
18.7191312500002,6.4697920040926
18.7194645833335,6.47747429615993
18.7197979166668,6.48789096336987
18.7201312500002,6.48528679656738
18.7204645833335,6.47890658790129
18.7207979166668,6.47708367113955
18.7211312500002,6.47708367113955
18.7214645833335,6.47643262943893
18.7217979166668,6.4730472125957
18.7221312500002,6.4730472125957
18.7224645833335,6.47487012935744
18.7227979166668,6.46731804563024
18.7231312500002,6.46393262878701
18.7234645833335,6.46588575388887
18.7237979166668,6.4778649211803
18.7241312500002,6.48476596320688
18.7244645833335,6.48411492150626
18.7247979166668,6.46992221243272
18.7251312500002,6.46575554554875
18.7254645833335,6.46328158708639
18.7257979166669,6.4692711707321
18.7261312500002,6.46783887899073
18.7264645833335,6.46914096239198
18.7267979166669,6.47200554587471
18.7271312500002,6.47174512919446
18.7274645833335,6.46796908733086
18.7277979166669,6.46041700360365
18.7281312500002,6.45390658659744
18.7284645833335,6.4569013784203
18.7287979166669,6.46718783729011
18.7291312500002,6.47187533753459
18.7294645833335,6.47057325413334
18.7297979166669,6.46237012870552
18.7301312500002,6.45885450352216
18.7304645833335,6.46093783696415
18.7307979166669,6.46484408716788
18.7311312500002,6.46718783729011
18.7314645833335,6.46640658724937
18.7317979166669,6.46679721226974
18.7321312500002,6.46523471218825
18.7324645833335,6.45898471186229
18.7327979166669,6.46132846198452
18.7331312500002,6.47213575421483
18.7334645833335,6.4854170049075
18.7337979166669,6.48606804660813
18.7341312500002,6.47877637956117
18.7344645833335,6.47825554620067
18.7347979166669,6.47890658790129
18.7351312500002,6.48385450482601
18.7354645833335,6.47617221275868
18.7357979166669,6.47161492085434
18.7361312500002,6.46914096239198
18.7364645833335,6.47161492085434
18.7367979166669,6.47044304579322
18.7371312500002,6.46484408716788
18.7374645833335,6.46757846231048
18.7377979166669,6.47760450450005
18.7381312500002,6.4912763802131
18.7384645833335,6.49140658855322
18.7387979166669,6.48945346345136
18.7391312500002,6.48203158806428
18.7394645833335,6.47903679624142
18.7397979166669,6.47864617122104
18.7401312500002,6.48020867130254
18.7404645833335,6.48658887996862
18.7407979166669,6.48437533818651
18.7411312500002,6.48424512984639
18.7414645833335,6.47851596288092
18.7417979166669,6.48320346312539
18.7421312500002,6.48515658822726
18.7424645833335,6.47994825462229
18.7427979166669,6.46992221243272
18.7431312500002,6.47226596255496
18.7434645833335,6.48515658822726
18.7437979166669,6.49140658855322
18.7441312500002,6.47929721292167
18.7444645833335,6.47057325413334
18.7447979166669,6.4697920040926
18.7451312500002,6.4778649211803
18.7454645833335,6.48125033802353
18.7457979166669,6.47916700458154
18.7461312500002,6.4778649211803
18.7464645833335,6.47877637956117
18.7467979166669,6.48229200474452
18.7471312500002,6.48580762992788
18.7474645833335,6.48294304644514
18.7477979166669,6.48177117138403
18.7481312500002,6.48320346312539
18.7484645833335,6.48619825494825
18.7487979166669,6.48229200474452
18.7491312500002,6.47656283777906
18.7494645833333,6.47695346279943
18.7497979166667,6.48372429648589
18.75013125,6.48229200474452
18.7504645833333,6.47916700458154
18.7507979166667,6.47382846263645
18.75113125,6.4773440878198
18.7514645833333,6.47656283777906
18.7517979166667,6.47903679624142
18.75213125,6.48450554652663
18.7524645833333,6.48997429681185
18.7527979166667,6.49049513017235
18.75313125,6.48424512984639
18.7534645833333,6.48502637988713
18.7537979166667,6.48867221341061
18.75413125,6.4993492973008
18.7544645833333,6.50143263074278
18.7547979166667,6.49921908896067
18.75513125,6.49257846361434
18.7554645833333,6.48463575486676
18.7557979166667,6.48919304677111
18.75613125,6.49270867195446
18.7564645833333,6.49375033867546
18.7567979166667,6.4854170049075
18.75713125,6.48945346345136
18.7574645833333,6.50377638086502
18.7577979166667,6.51145867293235
18.75813125,6.50403679754527
18.7584645833333,6.50052117236192
18.7587979166667,6.50221388078353
18.75913125,6.50638054766751
18.7594645833333,6.50716179770825
18.7597979166667,6.51210971463297
18.76013125,6.51627638151695
18.7604645833334,6.51757846491819
18.7607979166667,6.51054721455148
18.76113125,6.507943047749
18.7614645833334,6.50963575617061
18.7617979166667,6.51809929827869
18.76213125,6.51901075665955
18.7624645833334,6.51666700653732
18.7627979166667,6.50846388110949
18.76313125,6.51132846459223
18.7634645833334,6.51393263139471
18.7637979166667,6.52109409010154
18.76413125,6.51914096499968
18.7644645833334,6.52226596516266
18.7647979166667,6.51992221504043
18.76513125,6.52278679852316
18.7654645833334,6.51809929827869
18.7657979166667,6.51523471479595
18.76613125,6.50911492281011
18.7664645833334,6.51575554815645
18.7667979166667,6.52916700718925
18.76713125,6.53450554913434
18.7674645833334,6.52434929860465
18.7677979166667,6.51523471479595
18.76813125,6.51862013163918
18.7684645833334,6.52473992362502
18.7687979166667,6.52513054864539
18.76913125,6.52708367374726
18.7694645833334,6.5240888819244
18.7697979166667,6.53203159067198
18.77013125,6.53476596581459
18.7704645833334,6.54101596614055
18.7707979166667,6.54010450775968
18.77113125,6.53346388241334
18.7714645833334,6.53554721585533
18.7717979166667,6.52994825722999
18.77213125,6.53619825755595
18.7724645833334,6.53671909091645
18.7727979166667,6.53776075763744
18.77313125,6.53463575747446
18.7734645833334,6.53164096565161
18.7737979166667,6.53541700751521
18.77413125,6.54088575780043
18.7744645833334,6.53984409107943
18.7747979166667,6.53515659083496
18.77513125,6.53190138233185
18.7754645833334,6.54062534112018
18.7757979166667,6.54713575812639
18.77613125,6.54544304970477
18.7764645833334,6.54401075796341
18.7767979166667,6.54700554978626
18.77713125,6.55169305003074
18.7774645833334,6.55286492509185
18.7777979166667,6.55221388339123
18.77813125,6.55026075828937
18.7784645833334,6.54856804986776
18.7787979166667,6.54947950824862
18.77913125,6.55885450873757
18.7794645833334,6.570833676029
18.7797979166667,6.57239617611049
18.78013125,6.56406284234254
18.7804645833334,6.56054721715918
18.7807979166667,6.5654951340839
18.78113125,6.57304721781111
18.7814645833334,6.56940138428763
18.7817979166667,6.5703128426685
18.78213125,6.57161492606974
18.7824645833334,6.57291700947098
18.7827979166667,6.57200555109012
18.78313125,6.57070346768887
18.7834645833334,6.57500034291297
18.7837979166667,6.57500034291297
18.78413125,6.57356805117161
18.7844645833334,6.57734409303521
18.7847979166667,6.57812534307595
18.78513125,6.58242221830005
18.7854645833334,6.58463576008217
18.7857979166667,6.5869795102044
18.78613125,6.58424513506179
18.7864645833334,6.5789065931167
18.7867979166667,6.58476596842229
18.78713125,6.59218784380937
18.7874645833334,6.58906284364639
18.7877979166667,6.58437534340192
18.78813125,6.58359409336117
18.7884645833334,6.5912763854285
18.7887979166667,6.59765659409459
18.7891312500001,6.59440138559148
18.7894645833334,6.58398471838154
18.7897979166667,6.57786492639571
18.7901312500001,6.58893263530627
18.7904645833334,6.60442742778105
18.7907979166667,6.60299513603968
18.7911312500001,6.59388055223099
18.7914645833334,6.59335971887049
18.7917979166667,6.59544305231248
18.7921312500001,6.59635451069335
18.7924645833334,6.59049513538776
18.7927979166667,6.5912763854285
18.7931312500001,6.59531284397235
18.7934645833334,6.60455763612117
18.7937979166667,6.61067742810701
18.7941312500001,6.60377638608043
18.7944645833334,6.59440138559148
18.7947979166667,6.59218784380937
18.7951312500001,6.59518263563223
18.7954645833334,6.59049513538776
18.7957979166667,6.58567742680316
18.7961312500001,6.58294305166055
18.7964645833334,6.59062534372788
18.7967979166667,6.59492221895198
18.7971312500001,6.59440138559148
18.7974645833334,6.59192742712912
18.7977979166667,6.58554721846304
18.7981312500001,6.59375034389086
18.7984645833334,6.59752638575446
18.7987979166667,6.59622430235322
18.7991312500001,6.59010451036738
18.7994645833334,6.58841180194577
18.7997979166667,6.60052117757732
18.8001312500001,6.60000034421682
18.8004645833334,6.60169305263844
18.8007979166667,6.6036461777403
18.8011312500001,6.61054721976689
18.8014645833334,6.61588576171198
18.8017979166667,6.61028680308664
18.8021312500001,6.60377638608043
18.8024645833334,6.59648471903347
18.8027979166667,6.59140659376863
18.8031312500001,6.590755552068
18.8034645833334,6.58203159327968
18.8037979166667,6.58919305198651
18.8041312500001,6.59401076057111
18.8044645833334,6.59700555239397
18.8047979166667,6.60013055255695
18.8051312500001,6.6122399281885
18.8054645833334,6.62473992884043
18.8057979166667,6.62005242859596
18.8061312500001,6.60325555271993
18.8064645833334,6.59947951085633
18.8067979166667,6.60559930284217
18.8071312500001,6.61614617839223
18.8074645833334,6.61666701175272
18.8077979166667,6.60885451134527
18.8081312500001,6.60625034454279
18.8084645833334,6.61054721976689
18.8087979166667,6.61692742843297
18.8091312500001,6.61484409499099
18.8094645833334,6.60651076122304
18.8097979166667,6.60559930284217
18.8101312500001,6.61171909482801
18.8104645833334,6.61901076187496
18.8107979166667,6.61862013685459
18.8111312500001,6.60872430300515
18.8114645833334,6.60260451101931
18.8117979166667,6.60169305263844
18.8121312500001,6.60104201093782
18.8124645833334,6.5950524272921
18.8127979166667,6.59414096891123
18.8131312500001,6.60078159425757
18.8134645833334,6.61054721976689
18.8137979166667,6.61445346997061
18.8141312500001,6.61380242826999
18.8144645833334,6.60872430300515
18.8147979166668,6.60208367765881
18.8151312500001,6.60182326097856
18.8154645833334,6.60585971952242
18.8157979166668,6.60859409466502
18.8161312500001,6.60286492769956
18.8164645833334,6.60312534437981
18.8167979166668,6.61054721976689
18.8171312500001,6.6132815949095
18.8174645833334,6.61028680308664
18.8177979166668,6.59882846915571
18.8181312500001,6.59973992753658
18.8184645833334,6.60299513603968
18.8187979166668,6.6079430529644
18.8191312500001,6.61054721976689
18.8194645833334,6.60507846948167
18.8197979166668,6.60377638608043
18.8201312500001,6.60195346931869
18.8204645833334,6.60820346964465
18.8207979166668,6.61419305329037
18.8211312500001,6.61796909515397
18.8214645833334,6.61080763644713
18.8217979166668,6.60885451134527
18.8221312500001,6.6079430529644
18.8224645833334,6.61888055353484
18.8227979166668,6.61835972017434
18.8231312500001,6.61718784511322
18.8234645833334,6.61927117855521
18.8237979166668,6.62317742875894
18.8241312500001,6.62838576236391
18.8244645833334,6.62539097054105
18.8247979166668,6.61536492835148
18.8251312500001,6.60677117790328
18.8254645833334,6.60755242794403
18.8257979166668,6.61692742843297
18.8261312500001,6.61835972017434
18.8264645833334,6.61015659474651
18.8267979166668,6.60390659442055
18.8271312500001,6.61132846980763
18.8274645833334,6.61575555337186
18.8277979166668,6.61028680308664
18.8281312500001,6.60690138624341
18.8284645833334,6.60625034454279
18.8287979166668,6.60950555304589
18.8291312500001,6.6041670111008
18.8294645833334,6.60338576106005
18.8297979166668,6.6041670111008
18.8301312500001,6.60182326097856
18.8304645833334,6.59322951053036
18.8307979166668,6.59388055223099
18.8311312500001,6.59674513571372
18.8314645833334,6.60260451101931
18.8317979166668,6.59218784380937
18.8321312500001,6.58333367668092
18.8324645833334,6.58007846817782
18.8327979166668,6.58971388534701
18.8331312500001,6.59596388567297
18.8334645833334,6.59440138559148
18.8337979166668,6.58606805182353
18.8341312500001,6.59114617708838
18.8344645833334,6.59765659409459
18.8347979166668,6.6003909692372
18.8351312500001,6.59440138559148
18.8354645833334,6.58385451004142
18.8357979166668,6.57916700979695
18.8361312500001,6.58255242664018
18.8364645833334,6.59283888550999
18.8367979166668,6.59296909385012
18.8371312500001,6.58385451004142
18.8374645833334,6.57864617643645
18.8377979166668,6.5832034683408
18.8381312500001,6.58606805182353
18.8384645833334,6.58489617676241
18.8387979166668,6.58164096825931
18.8391312500001,6.57265659279074
18.8394645833334,6.56080763383943
18.8397979166668,6.56158888388018
18.8401312500001,6.57473992623272
18.8404645833334,6.58489617676241
18.8407979166668,6.58177117659943
18.8411312500001,6.57239617611049
18.8414645833335,6.56940138428763
18.8417979166668,6.57382846785186
18.8421312500001,6.57617221797409
18.8424645833335,6.5751305512531
18.8427979166668,6.56575555076415
18.8431312500001,6.56692742582527
18.8434645833335,6.57096388436912
18.8437979166668,6.57916700979695
18.8441312500001,6.5832034683408
18.8444645833335,6.58138055157906
18.8447979166668,6.58164096825931
18.8451312500001,6.57682325967471
18.8454645833335,6.57994825983769
18.8457979166668,6.58125034323894
18.8461312500001,6.57656284299446
18.8464645833335,6.56380242566229
18.8467979166668,6.55533888355421
18.8471312500001,6.56406284234254
18.8474645833335,6.58046909319819
18.8477979166668,6.58398471838154
18.8481312500001,6.57070346768887
18.8484645833335,6.55963575877831
18.8487979166668,6.56197950890055
18.8491312500001,6.56809930088639
18.8494645833335,6.56783888420614
18.8497979166668,6.55963575877831
18.8501312500001,6.5627607589413
18.8504645833335,6.56966180096788
18.8507979166668,6.57539096793335
18.8511312500001,6.56380242566229
18.8514645833335,6.55651075861533
18.8517979166668,6.56080763383943
18.8521312500001,6.57317742615123
18.8524645833335,6.57044305100862
18.8527979166668,6.55768263367645
18.8531312500001,6.55247430007148
18.8534645833335,6.56354200898204
18.8537979166668,6.57434930121235
18.8541312500001,6.57070346768887
18.8544645833335,6.56041700881906
18.8547979166668,6.55924513375794
18.8551312500001,6.56614617578453
18.8554645833335,6.56757846752589
18.8557979166668,6.56002638379869
18.8561312500001,6.5574222169962
18.8564645833335,6.56627638412465
18.8567979166668,6.57578159295372
18.8571312500001,6.57265659279074
18.8574645833335,6.56523471740366
18.8577979166668,6.56640659246477
18.8581312500001,6.57682325967471
18.8584645833335,6.5832034683408
18.8587979166668,6.57656284299446
18.8591312500001,6.56263055060117
18.8594645833335,6.5584638837172
18.8597979166668,6.56041700881906
18.8601312500001,6.56809930088639
18.8604645833335,6.569792009308
18.8607979166668,6.56718784250552
18.8611312500001,6.5665368008049
18.8614645833335,6.56458367570303
18.8617979166668,6.56497430072341
18.8621312500001,6.56289096728142
18.8624645833335,6.56080763383943
18.8627979166668,6.55807325869682
18.8631312500001,6.56145867554005
18.8634645833335,6.56393263400241
18.8637979166668,6.57317742615123
18.8641312500001,6.56875034258701
18.8644645833335,6.57278680113086
18.8647979166668,6.57226596777036
18.8651312500001,6.58164096825931
18.8654645833335,6.57916700979695
18.8657979166668,6.57057325934875
18.8661312500001,6.55976596711844
18.8664645833335,6.55598992525484
18.8667979166668,6.56054721715918
18.8671312500001,6.57369825951173
18.8674645833335,6.57994825983769
18.8677979166668,6.58359409336117
18.8681312500002,6.57239617611049
18.8684645833335,6.56757846752589
18.8687979166668,6.57122430104937
18.8691312500001,6.57955763481732
18.8694645833335,6.57994825983769
18.8697979166668,6.56640659246477
18.8701312500002,6.56458367570303
18.8704645833335,6.57018263432838
18.8707979166668,6.58151075991918
18.8711312500002,6.57487013457285
18.8714645833335,6.56328159230179
18.8717979166668,6.56002638379869
18.8721312500002,6.56953159262776
18.8724645833335,6.57851596809633
18.8727979166668,6.58190138493956
18.8731312500002,6.58255242664018
18.8734645833335,6.57825555141608
18.8737979166668,6.5783857597562
18.8741312500002,6.57877638477657
18.8744645833335,6.58489617676241
18.8747979166668,6.58776076024515
18.8751312500002,6.58020867651794
18.8754645833335,6.5821618016198
18.8757979166668,6.58059930153831
18.8761312500002,6.57916700979695
18.8764645833335,6.57526075959322
18.8767979166668,6.56757846752589
18.8771312500002,6.56888055092713
18.8774645833335,6.57187534274999
18.8777979166668,6.57604200963397
18.8781312500002,6.58033888485807
18.8784645833335,6.57343784283148
18.8787979166668,6.57630242631421
18.8791312500002,6.57812534307595
18.8794645833335,6.58190138493956
18.8797979166668,6.5783857597562
18.8801312500002,6.56992221764813
18.8804645833335,6.5703128426685
18.8807979166668,6.57630242631421
18.8811312500002,6.58463576008217
18.8814645833335,6.58984409368713
18.8817979166668,6.58437534340192
18.8821312500002,6.58059930153831
18.8824645833335,6.58164096825931
18.8827979166668,6.58632846850378
18.8831312500002,6.58919305198651
18.8834645833335,6.58502638510254
18.8837979166668,6.58502638510254
18.8841312500002,6.58437534340192
18.8844645833335,6.58776076024515
18.8847979166668,6.58671909352415
18.8851312500002,6.58541701012291
18.8854645833335,6.57903680145682
18.8857979166668,6.57643263465434
18.8861312500002,6.58098992655869
18.8864645833335,6.58567742680316
18.8867979166668,6.58085971821856
18.8871312500002,6.57343784283148
18.8874645833335,6.56901075926726
18.8877979166668,6.57487013457285
18.8881312500002,6.57877638477657
18.8884645833335,6.58450555174204
18.8887979166668,6.59166701044887
18.8891312500002,6.59427117725136
18.8894645833335,6.58828159360564
18.8897979166668,6.58450555174204
18.8901312500002,6.58815138526552
18.8904645833335,6.59257846882974
18.8907979166668,6.59335971887049
18.8911312500002,6.59492221895198
18.8914645833335,6.6003909692372
18.8917979166668,6.59466180227173
18.8921312500002,6.58554721846304
18.8924645833335,6.57630242631421
18.8927979166668,6.57786492639571
18.8931312500002,6.58255242664018
18.8934645833335,6.5826826349803
18.8937979166668,6.5789065931167
18.8941312500002,6.57929721813707
18.8944645833335,6.5826826349803
18.8947979166669,6.58593784348341
18.8951312500002,6.58424513506179
18.8954645833335,6.58385451004142
18.8957979166668,6.58945346866676
18.8961312500002,6.59492221895198
18.8964645833335,6.59596388567297
18.8967979166669,6.59544305231248
18.8971312500002,6.58984409368713
18.8974645833335,6.59309930219024
18.8977979166669,6.59726596907422
18.8981312500002,6.60651076122304
18.8984645833335,6.59947951085633
18.8987979166669,6.59322951053036
18.8991312500002,6.58906284364639
18.8994645833335,6.59700555239397
18.8997979166669,6.59791701077484
18.9001312500002,6.59362013555074
18.9004645833335,6.58528680178279
18.9007979166669,6.58203159327968
18.9011312500002,6.58190138493956
18.9014645833335,6.58138055157906
18.9017979166669,6.58828159360564
18.9021312500002,6.59544305231248
18.9024645833335,6.60182326097856
18.9027979166669,6.5869795102044
18.9031312500002,6.57812534307595
18.9034645833335,6.58020867651794
18.9037979166669,6.59895867749583
18.9041312500002,6.60117221927794
18.9044645833335,6.58906284364639
18.9047979166669,6.58723992688465
18.9051312500002,6.60182326097856
18.9054645833335,6.61875034519471
18.9057979166669,6.61406284495024
18.9061312500002,6.59466180227173
18.9064645833335,6.58684930186428
18.9067979166669,6.59114617708838
18.9071312500002,6.60013055255695
18.9074645833335,6.59401076057111
18.9077979166669,6.58593784348341
18.9081312500002,6.58906284364639
18.9084645833335,6.59947951085633
18.9087979166669,6.60234409433906
18.9091312500002,6.60195346931869
18.9094645833335,6.60052117757732
18.9097979166669,6.59778680243471
18.9101312500002,6.58906284364639
18.9104645833335,6.59101596874825
18.9107979166669,6.60377638608043
18.9111312500002,6.61041701142676
18.9114645833335,6.61158888648788
18.9117979166669,6.6084638863249
18.9121312500002,6.612760761549
18.9124645833335,6.61406284495024
18.9127979166669,6.61002638640639
18.9131312500002,6.60455763612117
18.9134645833335,6.60572951118229
18.9137979166669,6.61210971984838
18.9141312500002,6.61588576171198
18.9144645833335,6.60755242794403
18.9147979166669,6.60143263595819
18.9151312500002,6.60494826114154
18.9154645833335,6.61419305329037
18.9157979166669,6.61406284495024
18.9161312500002,6.61132846980763
18.9164645833335,6.60442742778105
18.9167979166669,6.60559930284217
18.9171312500002,6.5993493025162
18.9174645833335,6.60690138624341
18.9177979166669,6.61549513669161
18.9181312500002,6.62252638705832
18.9184645833335,6.61848992851446
18.9187979166669,6.60820346964465
18.9191312500002,6.60768263628415
18.9194645833335,6.6132815949095
18.9197979166669,6.62122430365707
18.92013125,6.62421909547993
18.9204645833333,6.62812534568366
18.9207979166667,6.63658888779173
18.92113125,6.63919305459422
18.9214645833333,6.62747430398304
18.9217979166667,6.61263055320887
18.92213125,6.60690138624341
18.9224645833333,6.61002638640639
18.9227979166667,6.61549513669161
18.92313125,6.61848992851446
18.9234645833333,6.61770867847372
18.9237979166667,6.62200555369782
18.92413125,6.62526076220092
18.9244645833333,6.63437534600962
18.9247979166667,6.63046909580589
18.92513125,6.62929722074478
18.9254645833333,6.63229201256763
18.9257979166667,6.63515659605037
18.92613125,6.63619826277136
18.9264645833333,6.62786492900341
18.9267979166667,6.62682326228242
18.92713125,6.62643263726204
18.9274645833333,6.62812534568366
18.9277979166667,6.62617222058179
18.92813125,6.62773472066328
18.9284645833333,6.63229201256763
18.9287979166667,6.63476597102999
18.92913125,6.63580763775099
18.9294645833333,6.63841180455347
18.9297979166667,6.64244826309732
18.93013125,6.64023472131521
18.9304645833334,6.63554722107074
18.9307979166667,6.63177117920714
18.93113125,6.62552117888117
18.9314645833333,6.62343784543919
18.9317979166667,6.62682326228242
18.93213125,6.63385451264912
18.9324645833334,6.63359409596887
18.9327979166667,6.63567742941086
18.93313125,6.63945347127446
18.9334645833334,6.64348992981832
18.9337979166667,6.63554722107074
18.93413125,6.63359409596887
18.9344645833334,6.63281284592813
18.9347979166667,6.63658888779173
18.93513125,6.63723992949235
18.9354645833334,6.63945347127446
18.9357979166667,6.6466149299813
18.93613125,6.64700555500167
18.9364645833334,6.64713576334179
18.9367979166667,6.64726597168192
18.93713125,6.65286493030726
18.9374645833334,6.65403680536838
18.9377979166667,6.64973993014428
18.93813125,6.64843784674304
18.9384645833334,6.65117222188565
18.9387979166667,6.65169305524614
18.93913125,6.65078159686527
18.9394645833334,6.65221388860664
18.9397979166667,6.65872430561285
18.94013125,6.65859409727273
18.9404645833334,6.66250034747645
18.9407979166667,6.66080763905484
18.94113125,6.66432326423819
18.9414645833334,6.66132847241534
18.9417979166667,6.66406284755794
18.94213125,6.66393263921782
18.9424645833334,6.65963576399372
18.9427979166667,6.654687847069
18.94313125,6.65260451362701
18.9434645833334,6.66041701403447
18.9437979166667,6.66666701436043
18.94413125,6.66432326423819
18.9444645833334,6.66119826407521
18.9447979166667,6.65559930544987
18.94513125,6.65000034682453
18.9454645833334,6.64687534666155
18.9457979166667,6.64817743006279
18.94613125,6.654687847069
18.9464645833334,6.65507847208937
18.9467979166667,6.64869826342329
18.94713125,6.64921909678378
18.9474645833334,6.64765659670229
18.9477979166667,6.65312534698751
18.94813125,6.65377638868813
18.9484645833334,6.64739618002204
18.9487979166667,6.65026076350478
18.94913125,6.65429722204863
18.9494645833334,6.66106805573509
18.9497979166667,6.65833368059248
18.95013125,6.65781284723198
18.9504645833334,6.66445347257832
18.9507979166667,6.67122430626478
18.95113125,6.66627638934006
18.9514645833334,6.66302118083695
18.9517979166667,6.66041701403447
18.95213125,6.66536493095919
18.9524645833334,6.66341180585732
18.9527979166667,6.65768263889186
18.95313125,6.65442743038875
18.9534645833334,6.65169305524614
18.9537979166667,6.64908888844366
18.95413125,6.65338576366776
18.9544645833334,6.65690138885111
18.9547979166667,6.66367222253757
18.95513125,6.66119826407521
18.9554645833334,6.66093784739496
18.9557979166667,6.65781284723198
18.95613125,6.65716180553136
18.9564645833334,6.66093784739496
18.9567979166667,6.66523472261906
18.95713125,6.6632815975172
18.9574645833334,6.65585972213012
18.9577979166667,6.65507847208937
18.95813125,6.65885451395297
18.9584645833334,6.66367222253757
18.9587979166667,6.66549513929931
18.9591312500001,6.6589847222931
18.9594645833334,6.65820347225235
18.9597979166667,6.65625034715049
18.9601312500001,6.66171909743571
18.9604645833334,6.66145868075546
18.9607979166667,6.66341180585732
18.9611312500001,6.66106805573509
18.9614645833334,6.66197951411596
18.9617979166667,6.66302118083695
18.9621312500001,6.66523472261906
18.9624645833334,6.66562534763944
18.9627979166667,6.66041701403447
18.9631312500001,6.65677118051099
18.9634645833334,6.65690138885111
18.9637979166667,6.66237013913633
18.9641312500001,6.66848993112217
18.9644645833334,6.66848993112217
18.9647979166667,6.6595055556536
18.9651312500001,6.65312534698751
18.9654645833334,6.65364618034801
18.9657979166667,6.65976597233385
18.9661312500001,6.65976597233385
18.9664645833334,6.65937534731347
18.9667979166667,6.65755243055173
18.9671312500001,6.66367222253757
18.9674645833334,6.67109409792465
18.9677979166667,6.67604201484937
18.9681312500001,6.67916701501235
18.9684645833334,6.67630243152962
18.9687979166667,6.67656284820987
18.9691312500001,6.67734409825062
18.9694645833334,6.6675784727413
18.9697979166667,6.66184930577583
18.9701312500001,6.65781284723198
18.9704645833334,6.65937534731347
18.9707979166667,6.66145868075546
18.9711312500001,6.66354201419745
18.9714645833334,6.66770868108142
18.9717979166667,6.67473993144813
18.9721312500001,6.67812534829136
18.9724645833334,6.67734409825062
18.9727979166667,6.66484409759869
18.9731312500001,6.6627607641567
18.9734645833334,6.66875034780242
18.9737979166667,6.67799513995124
18.9741312500001,6.67356805638701
18.9744645833334,6.66809930610179
18.9747979166667,6.67291701468639
18.9751312500001,6.67851597331173
18.9754645833334,6.68645868205931
18.9757979166667,6.67734409825062
18.9761312500001,6.6718753479654
18.9764645833334,6.66927118116291
18.9767979166667,6.675651389829
18.9771312500001,6.6751305564685
18.9774645833334,6.66927118116291
18.9777979166667,6.66979201452341
18.9781312500001,6.67890659833211
18.9784645833334,6.67981805671298
18.9787979166667,6.67877638999198
18.9791312500001,6.67695347323024
18.9794645833334,6.68255243185558
18.9797979166667,6.68554722367844
18.9801312500001,6.6917972240044
18.9804645833334,6.68945347388217
18.9807979166667,6.68437534861732
18.9811312500001,6.67552118148888
18.9814645833334,6.67955764003273
18.9817979166667,6.69023472392291
18.9821312500001,6.69257847404515
18.9824645833334,6.69062534894329
18.9827979166667,6.6842451402772
18.9831312500001,6.68710972375993
18.9834645833334,6.68776076546055
18.9837979166667,6.68841180716118
18.9841312500001,6.67760451493086
18.9844645833334,6.67916701501235
18.9847979166667,6.67708368157037
18.9851312500001,6.6837243069167
18.9854645833334,6.68216180683521
18.9857979166668,6.6794274316926
18.9861312500001,6.68268264019571
18.9864645833334,6.68164097347471
18.9867979166668,6.69140659898403
18.9871312500001,6.69257847404515
18.9874645833334,6.69244826570503
18.9877979166668,6.6880211821408
18.9881312500001,6.68932326554204
18.9884645833334,6.69687534926925
18.9887979166668,6.70625034975819
18.9891312500001,6.70872430822055
18.9894645833334,6.70403680797608
18.9897979166668,6.69075555728341
18.9901312500001,6.68763055712043
18.9904645833334,6.69505243250751
18.9907979166668,6.70117222449335
18.9911312500001,6.69869826603099
18.9914645833334,6.69739618262975
18.9917979166668,6.70169305785385
18.9921312500001,6.70585972473782
18.9924645833334,6.69622430756863
18.9927979166668,6.696614932589
18.9931312500001,6.70065139113285
18.9934645833334,6.70820347486006
18.9937979166668,6.70299514125509
18.9941312500001,6.70065139113285
18.9944645833334,6.7046878496767
18.9947979166668,6.7057295163977
18.9951312500001,6.70325555793534
18.9954645833334,6.69726597428962
18.9957979166668,6.70390659963596
18.9961312500001,6.71158889170329
18.9964645833334,6.71419305850577
18.9967979166668,6.70989618328167
18.9971312500001,6.71054722498229
18.9974645833334,6.71783889202925
18.9977979166668,6.72421910069534
18.9981312500001,6.72200555891322
18.9984645833334,6.7132816001249
18.9987979166668,6.70612014141807
18.9991312500001,6.7095055582613
18.9994645833334,6.71523472522677
18.9997979166668,6.71666701696813
19.0001312500001,6.71132847502304
19.0004645833334,6.71106805834279
19.0007979166668,6.71145868336316
19.0011312500001,6.71315139178478
19.0014645833334,6.71484410020639
19.0017979166668,6.71367222514527
19.0021312500001,6.71302118344465
19.0024645833334,6.71796910036937
19.0027979166668,6.72838576757931
19.0031312500001,6.73242222612316
19.0034645833334,6.72578160077683
19.0037979166668,6.71145868336316
19.0041312500001,6.70494826635695
19.0044645833334,6.70794305817981
19.0047979166668,6.71184930838354
19.0051312500001,6.71354201680515
19.0054645833334,6.71953160045086
19.0057979166668,6.72721389251819
19.0061312500001,6.72057326717186
19.0064645833334,6.71041701664217
19.0067979166668,6.71354201680515
19.0071312500001,6.72916701762006
19.0074645833334,6.73658889300714
19.0077979166668,6.73385451786453
19.0081312500001,6.7304691010213
19.0084645833334,6.73033889268118
19.0087979166668,6.73020868434105
19.0091312500001,6.73112014272192
19.0094645833334,6.72747430919844
19.0097979166668,6.72942743430031
19.0101312500001,6.73841180976888
19.0104645833334,6.74882847697882
19.0107979166668,6.75065139374055
19.0111312500001,6.74218785163248
19.0114645833334,6.73763055972813
19.0117979166668,6.73255243446329
19.0121312500001,6.73281285114354
19.0124645833335,6.73606805964664
19.0127979166668,6.74401076839422
19.0131312500001,6.74960972701956
19.0134645833335,6.74479201843496
19.0137979166668,6.73789097640838
19.0141312500001,6.73945347648987
19.0144645833335,6.74309931001335
19.0147979166668,6.74570347681583
19.0151312500001,6.73437535122503
19.0154645833335,6.72487014239596
19.0157979166668,6.73085972604167
19.0161312500001,6.73723993470776
19.0164645833335,6.74401076839422
19.0167979166668,6.73723993470776
19.0171312500001,6.72981805932068
19.0174645833335,6.73346389284416
19.0177979166668,6.74049514321087
19.0181312500001,6.75078160208068
19.0184645833335,6.75000035203993
19.0187979166668,6.75247431050229
19.0191312500001,6.75742222742702
19.0194645833335,6.75403681058378
19.0197979166668,6.74414097673434
19.0201312500001,6.74583368515596
19.0204645833335,6.75429722726403
19.0207979166668,6.76979201973882
19.0211312500001,6.76393264443323
19.0214645833335,6.75325556054304
19.0217979166668,6.74205764329236
19.0221312500001,6.74296910167323
19.0224645833335,6.7476566019177
19.0227979166668,6.74791701859795
19.0231312500001,6.74401076839422
19.0234645833335,6.74687535187695
19.0237979166668,6.75182326880167
19.0241312500001,6.7514326437813
19.0244645833335,6.75026076872018
19.0247979166668,6.74674514353683
19.0251312500001,6.74908889365906
19.0254645833335,6.75312535220292
19.0257979166668,6.75481806062453
19.0261312500001,6.76158889431099
19.0264645833335,6.76041701924987
19.0267979166668,6.76588576953509
19.0271312500001,6.76315139439248
19.0274645833335,6.76406285277335
19.0277979166668,6.75546910232515
19.0281312500001,6.75208368548192
19.0284645833335,6.7509118104208
19.0287979166668,6.75416701892391
19.0291312500001,6.7562503523659
19.0294645833335,6.75755243576714
19.0297979166668,6.75924514418875
19.0301312500001,6.75390660224366
19.0304645833335,6.75117222710105
19.0307979166668,6.7514326437813
19.0311312500001,6.76250035269186
19.0314645833335,6.76132847763074
19.0317979166668,6.75989618588937
19.0321312500001,6.75937535252888
19.0324645833335,6.76588576953509
19.0327979166668,6.76393264443323
19.0331312500001,6.75924514418875
19.0334645833335,6.76054722759
19.0337979166668,6.76679722791596
19.0341312500001,6.76406285277335
19.0344645833335,6.7552086856449
19.0347979166668,6.7509118104208
19.0351312500001,6.75429722726403
19.0354645833335,6.75807326912764
19.0357979166668,6.75533889398503
19.0361312500001,6.75364618556341
19.0364645833335,6.75481806062453
19.0367979166668,6.75442743560416
19.0371312500001,6.74960972701956
19.0374645833335,6.74557326847571
19.0377979166668,6.74322951835347
19.0381312500001,6.74140660159174
19.0384645833335,6.74505243511521
19.0387979166668,6.75403681058378
19.0391312500001,6.75755243576714
19.0394645833335,6.75117222710105
19.0397979166668,6.74921910199919
19.0401312500001,6.74934931033931
19.0404645833335,6.74843785195844
19.0407979166668,6.73932326814975
19.0411312500002,6.74700556021708
19.0414645833335,6.75976597754925
19.0417979166668,6.76992222807894
19.0421312500002,6.76158889431099
19.0424645833335,6.75208368548192
19.0427979166668,6.75117222710105
19.0431312500002,6.75364618556341
19.0434645833335,6.75585972734552
19.0437979166668,6.75221389382205
19.0441312500002,6.74700556021708
19.0444645833335,6.74531285179546
19.0447979166668,6.7509118104208
19.0451312500002,6.76015660256962
19.0454645833335,6.75911493584863
19.0457979166668,6.75299514386279
19.0461312500002,6.7509118104208
19.0464645833335,6.75221389382205
19.0467979166668,6.75039097706031
19.0471312500002,6.74414097673434
19.0474645833335,6.74466181009484
19.0477979166668,6.74609410183621
19.0481312500002,6.74987014369981
19.0484645833335,6.74557326847571
19.0487979166668,6.74973993535969
19.0491312500002,6.75429722726403
19.0494645833335,6.75429722726403
19.0497979166668,6.74869826863869
19.0501312500002,6.73841180976888
19.0504645833335,6.74192743495223
19.0507979166668,6.74479201843496
19.0511312500002,6.74934931033931
19.0514645833335,6.74348993503372
19.0517979166668,6.74088576823124
19.0521312500002,6.74427118507447
19.0524645833335,6.74752639357757
19.0527979166668,6.74440139341459
19.0531312500002,6.74166701827198
19.0534645833335,6.73984410151024
19.0537979166668,6.74114618491149
19.0541312500002,6.74296910167323
19.0544645833335,6.75052118540043
19.0547979166668,6.75260451884242
19.0551312500002,6.74856806029857
19.0554645833335,6.74700556021708
19.0557979166668,6.74921910199919
19.0561312500002,6.74674514353683
19.0564645833335,6.74296910167323
19.0567979166668,6.74296910167323
19.0571312500002,6.74960972701956
19.0574645833335,6.74921910199919
19.0577979166668,6.74921910199919
19.0581312500002,6.74856806029857
19.0584645833335,6.75156285212143
19.0587979166668,6.74596389349608
19.0591312500002,6.73450555956515
19.0594645833335,6.73085972604167
19.0597979166668,6.73450555956515
19.0601312500002,6.74479201843496
19.0604645833335,6.74492222677509
19.0607979166668,6.74362014337385
19.0611312500002,6.7390628514695
19.0614645833335,6.73997430985037
19.0617979166668,6.74622431017633
19.0621312500002,6.75260451884242
19.0624645833335,6.74947951867944
19.0627979166668,6.73945347648987
19.0631312500002,6.73776076806826
19.0634645833335,6.74856806029857
19.0637979166668,6.75169306046155
19.0641312500002,6.7471357685572
19.0644645833335,6.74505243511521
19.0647979166668,6.74804722693807
19.0651312500002,6.75000035203993
19.0654645833335,6.7390628514695
19.0657979166668,6.73580764296639
19.0661312500002,6.738542018109
19.0664645833335,6.7428388933331
19.0667979166668,6.74531285179546
19.0671312500002,6.74166701827198
19.0674645833335,6.74075555989111
19.0677979166669,6.73437535122503
19.0681312500002,6.73919305980962
19.0684645833335,6.7476566019177
19.0687979166669,6.75455764394428
19.0691312500002,6.7471357685572
19.0694645833335,6.74687535187695
19.0697979166669,6.74882847697882
19.0701312500002,6.74830764361832
19.0704645833335,6.74049514321087
19.0707979166669,6.73580764296639
19.0711312500002,6.74153680993186
19.0714645833335,6.7390628514695
19.0717979166669,6.73020868434105
19.0721312500002,6.72226597559347
19.0724645833335,6.72460972571571
19.0727979166669,6.73619826798677
19.0731312500002,6.73880243478925
19.0734645833335,6.73072951770155
19.0737979166669,6.72031285049161
19.0741312500002,6.71666701696813
19.0744645833335,6.72838576757931
19.0747979166669,6.73398472620465
19.0751312500002,6.73333368450403
19.0754645833335,6.72356805899472
19.0757979166669,6.72317743397434
19.0761312500002,6.7229170172941
19.0764645833335,6.71640660028788
19.0767979166669,6.71028680830204
19.0771312500002,6.71289097510453
19.0774645833335,6.71770868368913
19.0777979166669,6.71862014207
19.0781312500002,6.71666701696813
19.0784645833335,6.71966180879099
19.0787979166669,6.72226597559347
19.0791312500002,6.72643264247745
19.0794645833335,6.73007847600093
19.0797979166669,6.73580764296639
19.0801312500002,6.72877639259969
19.0804645833335,6.71263055842428
19.0807979166669,6.70273472457484
19.0811312500002,6.70598993307795
19.0814645833335,6.71718785032863
19.0817979166669,6.7138024334854
19.0821312500002,6.7003909744526
19.0824645833335,6.69700555760937
19.0827979166669,6.70234409955447
19.0831312500002,6.71393264182552
19.0834645833335,6.70820347486006
19.0837979166669,6.69921909939148
19.0841312500002,6.70130243283347
19.0844645833335,6.71406285016565
19.0847979166669,6.7218753505731
19.0851312500002,6.71536493356689
19.0854645833335,6.70885451656068
19.0857979166669,6.70859409988043
19.0861312500002,6.71223993340391
19.0864645833335,6.70833368320018
19.0867979166669,6.70013055777236
19.0871312500002,6.6971357659495
19.0874645833335,6.69700555760937
19.0877979166669,6.71015659996192
19.0881312500002,6.71575555858726
19.0884645833335,6.71783889202925
19.0887979166669,6.70625034975819
19.0891312500002,6.69544305752788
19.0894645833335,6.69427118246677
19.0897979166669,6.70260451623471
19.0901312500002,6.70742222481931
19.0904645833335,6.70130243283347
19.0907979166667,6.68971389056242
19.09113125,6.68815139048093
19.0914645833333,6.70338576627546
19.0917979166667,6.7143232668459
19.09213125,6.70924514158105
19.0924645833333,6.6928388907254
19.0927979166667,6.68567743201857
19.09313125,6.69192743234453
19.0934645833333,6.6960940992285
19.0937979166667,6.69257847404515
19.09413125,6.68893264052167
19.0944645833333,6.68997430724267
19.0947979166667,6.68710972375993
19.09513125,6.68658889039944
19.0954645833333,6.68632847371919
19.0957979166667,6.69244826570503
19.09613125,6.69140659898403
19.0964645833333,6.68515659865807
19.0967979166667,6.68085972343397
19.09713125,6.68164097347471
19.0974645833333,6.68671909873956
19.0977979166667,6.69362014076614
19.09813125,6.69700555760937
19.0984645833333,6.69453159914701
19.0987979166667,6.68632847371919
19.09913125,6.67916701501235
19.0994645833333,6.67552118148888
19.0997979166667,6.67721388991049
19.10013125,6.68098993177409
19.1004645833333,6.68190139015496
19.1007979166667,6.68411493193708
19.10113125,6.67890659833211
19.1014645833333,6.67447951476788
19.1017979166667,6.66406284755794
19.10213125,6.66080763905484
19.1024645833333,6.66184930577583
19.1027979166667,6.66914097282279
19.10313125,6.67473993144813
19.1034645833334,6.68033889007347
19.1037979166667,6.67721388991049
19.10413125,6.67747430659074
19.1044645833334,6.67721388991049
19.1047979166667,6.67721388991049
19.10513125,6.66666701436043
19.1054645833334,6.66315138917707
19.1057979166667,6.66875034780242
19.10613125,6.67825555663149
19.1064645833334,6.67916701501235
19.1067979166667,6.67369826472714
19.10713125,6.66888055614254
19.1074645833334,6.66536493095919
19.1077979166667,6.67096388958453
19.10813125,6.67369826472714
19.1084645833334,6.6718753479654
19.1087979166667,6.66015659735422
19.10913125,6.66145868075546
19.1094645833334,6.66627638934006
19.1097979166667,6.675651389829
19.11013125,6.67161493128515
19.1104645833334,6.66367222253757
19.1107979166667,6.66171909743571
19.11113125,6.66471388925856
19.1114645833334,6.67174513962527
19.1117979166667,6.66302118083695
19.11213125,6.66015659735422
19.1124645833334,6.66289097249683
19.1127979166667,6.66588576431968
19.11313125,6.66614618099993
19.1134645833334,6.65768263889186
19.1137979166667,6.66263055581658
19.11413125,6.66210972245608
19.1144645833334,6.66562534763944
19.1147979166667,6.66744826440117
19.11513125,6.66536493095919
19.1154645833334,6.65976597233385
19.1157979166667,6.65260451362701
19.11613125,6.65559930544987
19.1164645833334,6.65937534731347
19.1167979166667,6.65403680536838
19.11713125,6.64335972147819
19.1174645833334,6.64153680471645
19.1177979166667,6.64375034649857
19.11813125,6.64049513799546
19.1184645833334,6.63567742941086
19.1187979166667,6.63958367961459
19.11913125,6.65338576366776
19.1194645833334,6.65651076383074
19.1197979166667,6.65169305524614
19.12013125,6.64518263823993
19.1204645833334,6.6460940966208
19.1207979166667,6.65169305524614
19.12113125,6.6503909718449
19.1214645833334,6.64583367994055
19.1217979166667,6.64062534633558
19.12213125,6.64309930479794
19.1224645833334,6.64453159653931
19.1227979166667,6.63984409629484
19.12313125,6.63541701273061
19.1234645833334,6.63450555434974
19.1237979166667,6.63997430463496
19.12413125,6.64101597135596
19.1244645833334,6.64166701305658
19.1247979166667,6.63984409629484
19.12513125,6.63697951281211
19.1254645833334,6.63710972115223
19.1257979166667,6.63398472098925
19.12613125,6.62877638738428
19.1264645833334,6.62526076220092
19.1267979166667,6.62278680373856
19.12713125,6.6289065957244
19.1274645833334,6.63580763775099
19.1277979166667,6.64153680471645
19.12813125,6.64596388828068
19.1284645833334,6.64322951313807
19.1287979166667,6.63880242957384
19.12913125,6.63593784609111
19.1294645833334,6.62955763742502
19.1297979166667,6.63138055418676
19.13013125,6.63359409596887
19.1304645833334,6.63684930447198
19.1307979166667,6.63763055451273
19.1311312500001,6.63307326260838
19.1314645833334,6.63151076252689
19.1317979166667,6.6289065957244
19.1321312500001,6.62760451232316
19.1324645833334,6.62903680406453
19.1327979166667,6.62812534568366
19.1331312500001,6.62617222058179
19.1334645833334,6.62278680373856
19.1337979166667,6.61432326163049
19.1341312500001,6.61484409499099
19.1344645833334,6.61731805345335
19.1347979166667,6.62617222058179
19.1351312500001,6.62252638705832
19.1354645833334,6.61875034519471
19.1357979166667,6.61888055353484
19.1361312500001,6.62278680373856
19.1364645833334,6.62343784543919
19.1367979166667,6.62382847045956
19.1371312500001,6.62773472066328
19.1374645833334,6.6246097205003
19.1377979166667,6.6170576367731
19.1381312500001,6.61914097021509
19.1384645833334,6.62799513734353
19.1387979166667,6.63151076252689
19.1391312500001,6.61367221992987
19.1394645833334,6.60247430267919
19.1397979166667,6.60690138624341
19.1401312500001,6.62252638705832
19.1404645833334,6.62408888713981
19.1407979166667,6.61796909515397
19.1411312500001,6.60703159458353
19.1414645833334,6.60299513603968
19.1417979166667,6.59973992753658
19.1421312500001,6.60507846948167
19.1424645833334,6.61406284495024
19.1427979166667,6.61575555337186
19.1431312500001,6.60781284462428
19.1434645833334,6.60677117790328
19.1437979166667,6.61067742810701
19.1441312500001,6.61770867847372
19.1444645833334,6.6132815949095
19.1447979166667,6.60651076122304
19.1451312500001,6.60273471935943
19.1454645833334,6.60598992786254
19.1457979166667,6.61067742810701
19.1461312500001,6.60638055288291
19.1464645833334,6.60651076122304
19.1467979166667,6.61419305329037
19.1471312500001,6.62330763709906
19.1474645833334,6.61979201191571
19.1477979166667,6.61028680308664
19.1481312500001,6.60325555271993
19.1484645833334,6.60299513603968
19.1487979166667,6.60221388599894
19.1491312500001,6.60989617806627
19.1494645833334,6.61210971984838
19.1497979166667,6.61718784511322
19.1501312500001,6.61106805312738
19.1504645833334,6.6079430529644
19.1507979166667,6.59648471903347
19.1511312500001,6.59244826048962
19.1514645833334,6.58932326032664
19.1517979166667,6.59570346899272
19.1521312500001,6.60091180259769
19.1524645833334,6.60963576138602
19.1527979166667,6.6132815949095
19.1531312500001,6.60989617806627
19.1534645833334,6.60156284429831
19.1537979166667,6.60299513603968
19.1541312500001,6.61054721976689
19.1544645833334,6.61549513669161
19.1547979166667,6.60625034454279
19.1551312500001,6.60182326097856
19.1554645833334,6.60390659442055
19.1557979166667,6.61119826146751
19.1561312500001,6.60585971952242
19.1564645833334,6.59739617741434
19.1567979166667,6.59296909385012
19.1571312500001,6.60234409433906
19.1574645833334,6.61028680308664
19.1577979166668,6.60755242794403
19.1581312500001,6.59713576073409
19.1584645833334,6.58906284364639
19.1587979166668,6.59687534405384
19.1591312500001,6.60612013620266
19.1594645833334,6.61263055320887
19.1597979166668,6.60950555304589
19.1601312500001,6.6041670111008
19.1604645833334,6.59869826081558
19.1607979166668,6.5993493025162
19.1611312500001,6.60377638608043
19.1614645833334,6.60950555304589
19.1617979166668,6.59765659409459
19.1621312500001,6.59388055223099
19.1624645833334,6.59453159393161
19.1627979166668,6.60520867782179
19.1631312500001,6.60195346931869
19.1634645833334,6.59192742712912
19.1637979166668,6.58671909352415
19.1641312500001,6.5955732606526
19.1644645833334,6.60429721944092
19.1647979166668,6.60546909450204
19.1651312500001,6.58997430202726
19.1654645833334,6.59088576040813
19.1657979166668,6.59895867749583
19.1661312500001,6.61250034486875
19.1664645833334,6.6079430529644
19.1667979166668,6.60078159425757
19.1671312500001,6.59375034389086
19.1674645833334,6.59010451036738
19.1677979166668,6.58932326032664
19.1681312500001,6.59453159393161
19.1684645833334,6.60091180259769
19.1687979166668,6.60013055255695
19.1691312500001,6.59778680243471
19.1694645833334,6.59804721911496
19.1697979166668,6.59765659409459
19.1701312500001,6.5950524272921
19.1704645833334,6.59101596874825
19.1707979166668,6.59492221895198
19.1711312500001,6.60169305263844
19.1714645833334,6.6089847196854
19.1717979166668,6.61341180324962
19.1721312500001,6.61237013652863
19.1724645833334,6.60338576106005
19.1727979166668,6.59947951085633
19.1731312500001,6.59791701077484
19.1734645833334,6.60208367765881
19.1737979166668,6.60065138591745
19.1741312500001,6.59362013555074
19.1744645833334,6.59049513538776
19.1747979166668,6.59257846882974
19.1751312500001,6.59843784413533
19.1754645833334,6.60195346931869
19.1757979166668,6.59765659409459
19.1761312500001,6.59830763579521
19.1764645833334,6.59960971919645
19.1767979166668,6.60520867782179
19.1771312500001,6.59817742745509
19.1774645833334,6.5950524272921
19.1777979166668,6.59257846882974
19.1781312500001,6.59947951085633
19.1784645833334,6.60195346931869
19.1787979166668,6.60221388599894
19.1791312500001,6.59895867749583
19.1794645833334,6.58854201028589
19.1797979166668,6.58828159360564
19.1801312500001,6.59479201061186
19.1804645833334,6.60507846948167
19.1807979166668,6.60104201093782
19.1811312500001,6.59687534405384
19.1814645833334,6.59322951053036
19.1817979166668,6.59830763579521
19.1821312500001,6.60351596940018
19.1824645833334,6.60625034454279
19.1827979166668,6.60091180259769
19.1831312500001,6.59778680243471
19.1834645833334,6.60195346931869
19.1837979166668,6.60664096956316
19.1841312500001,6.60065138591745
19.1844645833334,6.59244826048962
19.1847979166668,6.58945346866676
19.1851312500001,6.59492221895198
19.1854645833335,6.59804721911496
19.1857979166668,6.60247430267919
19.1861312500001,6.59830763579521
19.1864645833335,6.59960971919645
19.1867979166668,6.59153680210875
19.1871312500001,6.591797218789
19.1874645833335,6.58932326032664
19.1877979166668,6.58463576008217
19.1881312500001,6.57656284299446
19.1884645833335,6.58151075991918
19.1887979166668,6.5912763854285
19.1891312500001,6.59921909417608
19.1894645833335,6.59244826048962
19.1897979166668,6.58932326032664
19.1901312500001,6.59205763546925
19.1904645833335,6.60026076089707
19.1907979166668,6.61002638640639
19.1911312500001,6.60690138624341
19.1914645833335,6.59895867749583
19.1917979166668,6.591797218789
19.1921312500001,6.58919305198651
19.1924645833335,6.58632846850378
19.1927979166668,6.57760450971546
19.1931312500001,6.58138055157906
19.1934645833335,6.58359409336117
19.1937979166668,6.58710971854453
19.1941312500001,6.58945346866676
19.1944645833335,6.59440138559148
19.1947979166668,6.59739617741434
19.1951312500001,6.58776076024515
19.1954645833335,6.5875003435649
19.1957979166668,6.59153680210875
19.1961312500001,6.59843784413533
19.1964645833335,6.59192742712912
19.1967979166668,6.59114617708838
19.1971312500001,6.59531284397235
19.1974645833335,6.60403680276068
19.1977979166668,6.60703159458353
19.1981312500001,6.60273471935943
19.1984645833335,6.59466180227173
19.1987979166668,6.59466180227173
19.1991312500001,6.59596388567297
19.1994645833335,6.60117221927794
19.1997979166668,6.59205763546925
19.2001312500001,6.59309930219024
19.2004645833335,6.59427117725136
19.2007979166668,6.60156284429831
19.2011312500001,6.59817742745509
19.2014645833335,6.59296909385012
19.2017979166668,6.59309930219024
19.2021312500001,6.59817742745509
19.2024645833335,6.59908888583595
19.2027979166668,6.59244826048962
19.2031312500001,6.59088576040813
19.2034645833335,6.59544305231248
19.2037979166668,6.59869826081558
19.2041312500001,6.60559930284217
19.2044645833335,6.60546909450204
19.2047979166668,6.60351596940018
19.2051312500001,6.59101596874825
19.2054645833335,6.58580763514328
19.2057979166668,6.59049513538776
19.2061312500001,6.59791701077484
19.2064645833335,6.60169305263844
19.2067979166668,6.59726596907422
19.2071312500001,6.590755552068
19.2074645833335,6.58906284364639
19.2077979166668,6.58815138526552
19.2081312500001,6.5880211769254
19.2084645833335,6.58737013522477
19.2087979166668,6.5832034683408
19.2091312500001,6.58919305198651
19.2094645833335,6.5950524272921
19.2097979166668,6.59648471903347
19.2101312500001,6.58632846850378
19.2104645833335,6.5746097178926
19.2107979166668,6.5826826349803
19.2111312500002,6.58880242696614
19.2114645833335,6.591797218789
19.2117979166668,6.58515659344266
19.2121312500001,6.57591180129384
19.2124645833335,6.57851596809633
19.2127979166668,6.58125034323894
19.2131312500002,6.58580763514328
19.2134645833335,6.5783857597562
19.2137979166668,6.56927117594751
19.2141312500002,6.57200555109012
19.2144645833335,6.57539096793335
19.2147979166668,6.57994825983769
19.2151312500002,6.57786492639571
19.2154645833335,6.57994825983769
19.2157979166668,6.58684930186428
19.2161312500002,6.58789096858527
19.2164645833335,6.58971388534701
19.2167979166668,6.58580763514328
19.2171312500002,6.58763055190502
19.2174645833335,6.58580763514328
19.2177979166668,6.5880211769254
19.2181312500002,6.59114617708838
19.2184645833335,6.59375034389086
19.2187979166668,6.59466180227173
19.2191312500002,6.59010451036738
19.2194645833335,6.58880242696614
19.2197979166668,6.59062534372788
19.2201312500002,6.59348992721061
19.2204645833335,6.59218784380937
19.2207979166668,6.58528680178279
19.2211312500002,6.58476596842229
19.2214645833335,6.58776076024515
19.2217979166668,6.58554721846304
19.2221312500002,6.58424513506179
19.2224645833335,6.58333367668092
19.2227979166668,6.59153680210875
19.2231312500002,6.58997430202726
19.2234645833335,6.58424513506179
19.2237979166668,6.5794274264772
19.2241312500002,6.5794274264772
19.2244645833335,6.57903680145682
19.2247979166668,6.57617221797409
19.2251312500002,6.57760450971546
19.2254645833335,6.57994825983769
19.2257979166668,6.58489617676241
19.2261312500002,6.58554721846304
19.2264645833335,6.58606805182353
19.2267979166668,6.58619826016366
19.2271312500002,6.58177117659943
19.2274645833335,6.58255242664018
19.2277979166668,6.58125034323894
19.2281312500002,6.58554721846304
19.2284645833335,6.58489617676241
19.2287979166668,6.58489617676241
19.2291312500002,6.58515659344266
19.2294645833335,6.58658888518403
19.2297979166668,6.57747430137533
19.2301312500002,6.56627638412465
19.2304645833335,6.56536492574378
19.2307979166668,6.57369825951173
19.2311312500002,6.58164096825931
19.2314645833335,6.58203159327968
19.2317979166668,6.57500034291297
19.2321312500002,6.57005242598825
19.2324645833335,6.56562534242403
19.2327979166668,6.56679721748515
19.2331312500002,6.56875034258701
19.2334645833335,6.56718784250552
19.2337979166668,6.56992221764813
19.2341312500002,6.57291700947098
19.2344645833335,6.57500034291297
19.2347979166668,6.57070346768887
19.2351312500002,6.57213575943024
19.2354645833335,6.58294305166055
19.2357979166668,6.5875003435649
19.2361312500002,6.58033888485807
19.2364645833335,6.57018263432838
19.2367979166668,6.57473992623272
19.2371312500002,6.57825555141608
19.2374645833335,6.57252638445061
19.2377979166668,6.56666700914502
19.2381312500002,6.5660159674444
19.2384645833335,6.57057325934875
19.2387979166668,6.56237013392092
19.2391312500002,6.55911492541782
19.2394645833335,6.55989617545856
19.2397979166669,6.56862013424689
19.2401312500002,6.57239617611049
19.2404645833335,6.56250034226105
19.2407979166669,6.55729200865608
19.2411312500002,6.55442742517335
19.2414645833335,6.5611982588598
19.2417979166669,6.56445346736291
19.2421312500002,6.55859409205732
19.2424645833335,6.55247430007148
19.2427979166669,6.54921909156838
19.2431312500002,6.55078159164987
19.2434645833335,6.55000034160912
19.2437979166669,6.54947950824862
19.2441312500002,6.55924513375794
19.2444645833335,6.57213575943024
19.2447979166669,6.57278680113086
19.2451312500002,6.56237013392092
19.2454645833335,6.55559930023446
19.2457979166669,6.55989617545856
19.2461312500002,6.57044305100862
19.2464645833335,6.57421909287223
19.2467979166669,6.57148471772962
19.2471312500002,6.55898471707769
19.2474645833335,6.55520867521409
19.2477979166669,6.55559930023446
19.2481312500002,6.5584638837172
19.2484645833335,6.54791700816713
19.2487979166669,6.53971388273931
19.2491312500002,6.54283888290229
19.2494645833335,6.55390659181285
19.2497979166669,6.55494825853384
19.2501312500002,6.54544304970477
19.2504645833335,6.53723992427695
19.2507979166669,6.54322950792266
19.2511312500002,6.55130242501036
19.2514645833335,6.55559930023446
19.2517979166669,6.55117221667024
19.2521312500002,6.54830763318751
19.2524645833335,6.55026075828937
19.2527979166669,6.55091179998999
19.2531312500002,6.55117221667024
19.2534645833335,6.54700554978626
19.2537979166669,6.54713575812639
19.2541312500002,6.54661492476589
19.2544645833335,6.54570346638502
19.2547979166669,6.54348992460291
19.2551312500002,6.5402347160998
19.2554645833335,6.53880242435844
19.2557979166669,6.53932325771893
19.2561312500002,6.54544304970477
19.2564645833335,6.54856804986776
19.2567979166669,6.53737013261707
19.2571312500002,6.52734409042751
19.2574645833335,6.52656284038676
19.2577979166669,6.54101596614055
19.2581312500002,6.5455732580449
19.2584645833335,6.53580763253558
19.2587979166669,6.52929721552937
19.2591312500002,6.53177117399173
19.2594645833335,6.53802117431769
19.2597979166669,6.53710971593682
19.2601312500002,6.53046909059049
19.2604645833335,6.52578159034602
19.2607979166669,6.51796908993856
19.2611312500002,6.51809929827869
19.2614645833333,6.52239617350279
19.2617979166667,6.53098992395098
19.26213125,6.53098992395098
19.2624645833333,6.52734409042751
19.2627979166667,6.52851596548862
19.26313125,6.53528679917508
19.2634645833333,6.53776075763744
19.2637979166667,6.53059929893061
19.26413125,6.51809929827869
19.2644645833333,6.52070346508117
19.2647979166667,6.527864923788
19.26513125,6.53203159067198
19.2654645833333,6.51953159002005
19.2657979166667,6.51028679787123
19.26613125,6.5074222143885
19.2664645833333,6.50729200604837
19.2667979166667,6.50195346410328
19.26713125,6.49622429713781
19.2674645833333,6.49518263041682
19.2677979166667,6.50013054734154
19.26813125,6.51158888127247
19.2684645833333,6.5192711733398
19.2687979166667,6.51862013163918
19.26913125,6.50976596451073
19.2694645833333,6.50338575584465
19.2697979166667,6.50716179770825
19.27013125,6.50638054766751
19.2704645833333,6.50846388110949
19.2707979166667,6.49687533883844
19.27113125,6.48997429681185
19.2714645833333,6.48567742158775
19.2717979166667,6.49192742191372
19.27213125,6.49908888062055
19.2724645833334,6.50065138070204
19.2727979166667,6.49296908863471
19.27313125,6.49114617187297
19.2734645833334,6.49687533883844
19.2737979166667,6.50286492248415
19.27413125,6.49544304709707
19.2744645833334,6.48502637988713
19.2747979166667,6.48828158839024
19.27513125,6.48906283843098
19.2754645833334,6.48867221341061
19.2757979166667,6.48255242142477
19.27613125,6.48737013000937
19.2764645833334,6.49492221373657
19.2767979166667,6.49947950564092
19.27713125,6.49908888062055
19.2774645833334,6.48984408847173
19.2777979166667,6.48125033802353
19.27813125,6.47825554620067
19.2784645833334,6.48059929632291
19.2787979166667,6.48177117138403
19.27913125,6.47864617122104
19.2794645833334,6.47200554587471
19.2797979166667,6.47539096271794
19.28013125,6.48281283810502
19.2804645833334,6.48893263009086
19.2807979166667,6.48528679656738
19.28113125,6.47851596288092
19.2814645833334,6.48125033802353
19.2817979166667,6.48203158806428
19.28213125,6.48020867130254
19.2824645833334,6.47213575421483
19.2827979166667,6.46940137907222
19.28313125,6.47643262943893
19.2834645833334,6.4811201296834
19.2837979166667,6.47942742126179
19.28413125,6.4816409630439
19.2844645833334,6.4826826297649
19.2847979166667,6.48098992134328
19.28513125,6.47200554587471
19.2854645833334,6.46354200376663
19.2857979166667,6.46627637890924
19.28613125,6.46458367048763
19.2864645833334,6.46210971202527
19.2867979166667,6.45898471186229
19.28713125,6.45898471186229
19.2874645833334,6.46184929534502
19.2877979166667,6.45651075339993
19.28813125,6.44895866967272
19.2884645833334,6.45078158643446
19.2887979166667,6.45247429485607
19.28913125,6.45755242012092
19.2894645833334,6.45429721161781
19.2897979166667,6.4563805450598
19.29013125,6.45507846165856
19.2904645833334,6.45781283680117
19.2907979166667,6.46158887866477
19.29113125,6.46380242044688
19.2914645833334,6.46341179542651
19.2917979166667,6.46171908700489
19.29213125,6.46002637858328
19.2924645833334,6.45911492020241
19.2927979166667,6.45729200344067
19.29313125,6.45872429518204
19.2934645833334,6.45768262846104
19.2937979166667,6.45234408651595
19.29413125,6.44674512789061
19.2944645833334,6.44739616959123
19.2947979166667,6.45013054473384
19.29513125,6.45455762829806
19.2954645833334,6.44843783631222
19.2957979166667,6.44713575291098
19.29613125,6.44674512789061
19.2964645833334,6.45156283647521
19.2967979166667,6.44765658627148
19.29713125,6.44648471121036
19.2974645833334,6.44635450287024
19.2977979166667,6.44804721129185
19.2981312500001,6.43802116910229
19.2984645833334,6.4311201270757
19.2987979166667,6.4354170022998
19.2991312500001,6.44544304448937
19.2994645833334,6.44114616926527
19.2997979166667,6.42890658529359
19.3001312500001,6.42799512691272
19.3004645833334,6.43867221080291
19.3007979166667,6.44648471121036
19.3011312500001,6.44166700262576
19.3014645833334,6.44179721096589
19.3017979166667,6.444010752748
19.3021312500001,6.44127637760539
19.3024645833334,6.43502637727943
19.3027979166667,6.42994825201458
19.3031312500001,6.43346387719794
19.3034645833334,6.42994825201458
19.3037979166667,6.42135450156638
19.3041312500001,6.42135450156638
19.3044645833334,6.42890658529359
19.3047979166667,6.44362012772763
19.3051312500001,6.44101596092514
19.3054645833334,6.43450554391893
19.3057979166667,6.42656283517135
19.3061312500001,6.43033887703496
19.3064645833334,6.43059929371521
19.3067979166667,6.43294304383744
19.3071312500001,6.42604200181086
19.3074645833334,6.42460971006949
19.3077979166667,6.42057325152564
19.3081312500001,6.42330762666825
19.3084645833334,6.42473991840962
19.3087979166667,6.42070345986576
19.3091312500001,6.41901075144415
19.3094645833334,6.41966179314477
19.3097979166667,6.42148470990651
19.3101312500001,6.42408887670899
19.3104645833334,6.42200554326701
19.3107979166667,6.4273440852121
19.3111312500001,6.42460971006949
19.3114645833334,6.41953158480465
19.3117979166667,6.41510450124042
19.3121312500001,6.4111982510367
19.3124645833334,6.42083366820589
19.3127979166667,6.42643262683123
19.3131312500001,6.4268232518516
19.3134645833334,6.41601595962129
19.3137979166667,6.40598991743173
19.3141312500001,6.41145866771694
19.3144645833334,6.41627637630154
19.3147979166667,6.41757845970278
19.3151312500001,6.40468783403048
19.3154645833334,6.39518262520141
19.3157979166667,6.39648470860266
19.3161312500001,6.40286491726874
19.3164645833334,6.40729200083297
19.3167979166667,6.4058597090916
19.3171312500001,6.40807325087371
19.3174645833334,6.40429720901011
19.3177979166667,6.40117220884713
19.3181312500001,6.402083667228
19.3184645833334,6.40729200083297
19.3187979166667,6.40468783403048
19.3191312500001,6.40598991743173
19.3194645833334,6.40729200083297
19.3197979166667,6.41458366787993
19.3201312500001,6.40742220917309
19.3204645833334,6.40234408390825
19.3207979166667,6.39257845839893
19.3211312500001,6.39283887507918
19.3214645833334,6.40143262552738
19.3217979166667,6.41263054277806
19.3221312500001,6.40729200083297
19.3224645833334,6.39518262520141
19.3227979166667,6.38450554131123
19.3231312500001,6.38880241653533
19.3234645833334,6.38945345823595
19.3237979166667,6.38789095815446
19.3241312500001,6.38776074981433
19.3244645833334,6.39544304188166
19.3247979166667,6.39869825038477
19.3251312500001,6.39635450026253
19.3254645833334,6.39127637499769
19.3257979166668,6.39049512495694
19.3261312500001,6.38476595799148
19.3264645833334,6.37825554098527
19.3267979166668,6.3816409578285
19.3271312500001,6.38723991645384
19.3274645833334,6.3940107501403
19.3277979166668,6.3886722081952
19.3281312500001,6.38177116616862
19.3284645833334,6.37773470762477
19.3287979166668,6.3763024158834
19.3291312500001,6.37747429094452
19.3294645833334,6.37291699904017
19.3297979166668,6.36783887377533
19.3301312500001,6.36979199887719
19.3304645833334,6.37265658235992
19.3307979166668,6.37747429094452
19.3311312500001,6.37239616567967
19.3314645833334,6.37044304057781
19.3317979166668,6.37526074916241
19.3321312500001,6.37955762438651
19.3324645833334,6.37799512430502
19.3327979166668,6.37447949912166
19.3331312500001,6.37135449895868
19.3334645833334,6.37161491563893
19.3337979166668,6.36940137385682
19.3341312500001,6.36289095685061
19.3344645833334,6.36432324859197
19.3347979166668,6.36158887344936
19.3351312500001,6.36914095717657
19.3354645833334,6.37096387393831
19.3357979166668,6.37278679070005
19.3361312500001,6.3763024158834
19.3364645833334,6.37825554098527
19.3367979166668,6.37838574932539
19.3371312500001,6.37083366559819
19.3374645833334,6.36497429029259
19.3377979166668,6.36692741539446
19.3381312500001,6.36627637369384
19.3384645833334,6.36302116519073
19.3387979166668,6.35872428996663
19.3391312500001,6.36653679037408
19.3394645833334,6.36953158219694
19.3397979166668,6.36458366527222
19.3401312500001,6.35455762308266
19.3404645833334,6.34765658105607
19.3407979166668,6.35169303959992
19.3411312500001,6.36237012349011
19.3414645833334,6.36979199887719
19.3417979166668,6.36731804041483
19.3421312500001,6.36041699838825
19.3424645833334,6.36119824842899
19.3427979166668,6.36497429029259
19.3431312500001,6.36523470697284
19.3434645833334,6.35403678972216
19.3437979166668,6.35169303959992
19.3441312500001,6.35247428964067
19.3444645833334,6.35885449830676
19.3447979166668,6.35598991482402
19.3451312500001,6.35143262291968
19.3454645833334,6.35351595636166
19.3457979166668,6.35429720640241
19.3461312500001,6.35520866478328
19.3464645833334,6.35507845644315
19.3467979166668,6.35651074818452
19.3471312500001,6.36145866510924
19.3474645833334,6.35416699806228
19.3477979166668,6.35130241457955
19.3481312500001,6.34479199757334
19.3484645833334,6.34882845611719
19.3487979166668,6.35520866478328
19.3491312500001,6.35976595668763
19.3494645833334,6.3563805398444
19.3497979166668,6.34934928947769
19.3501312500001,6.3424482474511
19.3504645833334,6.34283887247148
19.3507979166668,6.34101595570974
19.3511312500001,6.34010449732887
19.3514645833334,6.33776074720663
19.3517979166668,6.33710970550601
19.3521312500001,6.34531283093384
19.3524645833335,6.35052116453881
19.3527979166668,6.35182324794005
19.3531312500001,6.34505241425359
19.3534645833334,6.34492220591346
19.3537979166668,6.34648470599495
19.3541312500001,6.34765658105607
19.3544645833335,6.34414095587272
19.3547979166668,6.34531283093384
19.3551312500001,6.34218783077086
19.3554645833335,6.33281283028191
19.3557979166668,6.32591178825533
19.3561312500001,6.33085970518005
19.3564645833335,6.339193038948
19.3567979166668,6.33593783044489
19.3571312500001,6.32968783011893
19.3574645833335,6.32317741311272
19.3577979166668,6.32929720509856
19.3581312500001,6.34049512234924
19.3584645833335,6.35507845644315
19.3587979166668,6.3520836646203
19.3591312500001,6.33580762210477
19.3594645833335,6.32382845481334
19.3597979166668,6.32903678841831
19.3601312500001,6.33619824712514
19.3604645833335,6.33750033052638
19.3607979166668,6.33255241360166
19.3611312500001,6.33046908015967
19.3614645833335,6.33450553870353
19.3617979166668,6.33789095554675
19.3621312500001,6.33671908048564
19.3624645833335,6.33632845546526
19.3627979166668,6.33085970518005
19.3631312500001,6.32487012153433
19.3634645833335,6.3134117876034
19.3637979166668,6.31210970420216
19.3641312500001,6.32057324631023
19.3644645833335,6.33177116356092
19.3647979166668,6.33750033052638
19.3651312500001,6.33164095522079
19.3654645833335,6.32838574671769
19.3657979166668,6.32604199659545
19.3661312500001,6.32552116323495
19.3664645833335,6.31848991286824
19.3667979166668,6.30950553739967
19.3671312500001,6.30807324565831
19.3674645833335,6.31328157926328
19.3677979166668,6.32239616307197
19.3681312500001,6.32721387165657
19.3684645833335,6.3225263714121
19.3687979166668,6.32018262128986
19.3691312500001,6.31992220460961
19.3694645833335,6.32473991319421
19.3697979166668,6.32825553837756
19.3701312500001,6.32617220493557
19.3704645833335,6.32760449667694
19.3707979166668,6.3263024132757
19.3711312500001,6.3263024132757
19.3714645833335,6.31940137124912
19.3717979166668,6.31471387100464
19.3721312500001,6.31445345432439
19.3724645833335,6.31601595440589
19.3727979166668,6.31158887084166
19.3731312500001,6.30208366201259
19.3734645833335,6.30221387035272
19.3737979166668,6.30377637043421
19.3741312500001,6.30507845383545
19.3744645833335,6.30455762047495
19.3747979166668,6.31080762080092
19.3751312500001,6.31875032954849
19.3754645833335,6.3177086628275
19.3757979166668,6.30625032889657
19.3761312500001,6.29375032824464
19.3764645833335,6.2924482448434
19.3767979166668,6.30130241197185
19.3771312500001,6.30781282897806
19.3774645833335,6.30455762047495
19.3777979166668,6.30195345367247
19.3781312500001,6.30234407869284
19.3784645833335,6.30442741213483
19.3787979166668,6.29544303666626
19.3791312500001,6.29609407836688
19.3794645833335,6.29700553674775
19.3797979166668,6.29518261998601
19.3801312500001,6.29101595310203
19.3804645833335,6.29557324500638
19.3807979166668,6.30716178727744
19.3811312500002,6.3091149123793
19.3814645833335,6.30117220363172
19.3817979166668,6.29817741180887
19.3821312500002,6.30351595375396
19.3824645833335,6.30677116225706
19.3827979166668,6.30286491205334
19.3831312500002,6.29687532840762
19.3834645833335,6.2929690782039
19.3837979166668,6.29362011990452
19.3841312500002,6.29388053658477
19.3844645833335,6.29466178662551
19.3847979166668,6.29492220330576
19.3851312500002,6.28906282800017
19.3854645833335,6.28971386970079
19.3857979166668,6.28919303634029
19.3861312500002,6.29466178662551
19.3864645833335,6.29309928654402
19.3867979166668,6.29257845318352
19.3871312500002,6.29414095326502
19.3874645833335,6.30130241197185
19.3877979166668,6.30898470403918
19.3881312500002,6.30924512071942
19.3884645833335,6.30091178695147
19.3887979166668,6.29791699512862
19.3891312500002,6.29440136994526
19.3894645833335,6.29492220330576
19.3897979166668,6.28541699447669
19.3901312500002,6.28268261933408
19.3904645833335,6.28997428638104
19.3907979166668,6.29947949521011
19.3911312500002,6.30260449537309
19.3914645833335,6.29479199496564
19.3917979166668,6.2881513696193
19.3921312500002,6.28671907787793
19.3924645833335,6.28684928621806
19.3927979166668,6.28737011957856
19.3931312500002,6.29010449472116
19.3934645833335,6.28710970289831
19.3937979166668,6.28737011957856
19.3941312500002,6.28554720281682
19.3944645833335,6.28945345302054
19.3947979166668,6.28958366136067
19.3951312500002,6.28750032791868
19.3954645833335,6.28841178629955
19.3957979166668,6.28906282800017
19.3961312500002,6.29088574476191
19.3964645833335,6.29414095326502
19.3967979166668,6.29309928654402
19.3971312500002,6.29427116160514
19.3974645833335,6.28893261966005
19.3977979166668,6.28880241131992
19.3981312500002,6.29401074492489
19.3984645833335,6.29869824516936
19.3987979166668,6.29596387002675
19.3991312500002,6.29153678646253
19.3994645833335,6.2924482448434
19.3997979166668,6.29427116160514
19.4001312500002,6.28841178629955
19.4004645833335,6.27942741083098
19.4007979166668,6.27812532742973
19.4011312500002,6.28138053593284
19.4014645833335,6.28372428605508
19.4017979166668,6.29166699480265
19.4021312500002,6.2924482448434
19.4024645833335,6.29648470338725
19.4027979166668,6.28997428638104
19.4031312500002,6.28567741115694
19.4034645833335,6.2833336610347
19.4037979166668,6.28320345269458
19.4041312500002,6.28411491107545
19.4044645833335,6.28151074427297
19.4047979166668,6.29023470306129
19.4051312500002,6.29713574508787
19.4054645833335,6.29869824516936
19.4057979166668,6.28593782783719
19.4061312500002,6.27877636913036
19.4064645833335,6.28580761949706
19.4067979166668,6.29270866152365
19.4071312500002,6.29322949488415
19.4074645833335,6.28476595277607
19.4077979166669,6.28671907787793
19.4081312500002,6.29583366168663
19.4084645833335,6.30065137027123
19.4087979166669,6.29960970355023
19.4091312500002,6.29205761982303
19.4094645833335,6.2876305362588
19.4097979166669,6.28723991123843
19.4101312500002,6.29882845350949
19.4104645833335,6.31223991254228
19.4107979166669,6.3128909542429
19.4111312500002,6.29987012023048
19.4114645833335,6.29335970322427
19.4117979166669,6.29752637010824
19.4121312500002,6.30429720379471
19.4124645833335,6.29908887018974
19.4127979166669,6.29049511974154
19.4131312500002,6.28945345302054
19.4134645833335,6.29505241164588
19.4137979166669,6.29231803650328
19.4141312500002,6.28997428638104
19.4144645833335,6.29231803650328
19.4147979166669,6.29856803682924
19.4151312500002,6.29987012023048
19.4154645833335,6.2919274114829
19.4157979166669,6.29127636978228
19.4161312500002,6.29752637010824
19.4164645833335,6.29908887018974
19.4167979166669,6.30065137027123
19.4171312500002,6.2967451200675
19.4174645833335,6.30143262031197
19.4177979166669,6.30468782881508
19.4181312500002,6.30273470371321
19.4184645833335,6.3015628286521
19.4187979166669,6.3053388705157
19.4191312500002,6.30520866217557
19.4194645833335,6.30299512039346
19.4197979166669,6.29830762014899
19.4201312500002,6.30247428703297
19.4204645833335,6.30755241229781
19.4207979166669,6.30716178727744
19.4211312500002,6.30000032857061
19.4214645833335,6.29375032824464
19.4217979166669,6.29739616176812
19.4221312500002,6.3048180371552
19.4224645833335,6.30781282897806
19.4227979166669,6.29596387002675
19.4231312500002,6.28958366136067
19.4234645833335,6.29466178662551
19.4237979166669,6.30612012055644
19.4241312500002,6.31197949586203
19.4244645833335,6.30234407869284
19.4247979166669,6.30117220363172
19.4251312500002,6.30403678711446
19.4254645833335,6.30572949553607
19.4257979166669,6.30039095359098
19.4261312500002,6.29531282832613
19.4264645833335,6.29778678678849
19.4267979166669,6.30520866217557
19.4271312500002,6.3134117876034
19.4274645833335,6.31901074622874
19.4277979166669,6.31705762112688
19.4281312500002,6.31158887084166
19.4284645833335,6.31041699578054
19.4287979166669,6.31731803780713
19.4291312500002,6.31940137124912
19.4294645833335,6.31966178792936
19.4297979166669,6.31210970420216
19.4301312500002,6.31328157926328
19.4304645833335,6.31523470436514
19.4307979166669,6.32005241294974
19.4311312500002,6.32213574639172
19.4314645833335,6.32434928817384
19.4317979166669,6.32330762145284
19.43213125,6.3300784551393
19.4324645833333,6.33658887214551
19.4327979166667,6.34140658073011
19.43313125,6.33776074720663
19.4334645833333,6.32903678841831
19.4337979166667,6.33203158024116
19.43413125,6.34023470566899
19.4344645833333,6.34869824777707
19.4347979166667,6.3477867893962
19.43513125,6.34205762243073
19.4354645833333,6.34127637238998
19.4357979166667,6.34127637238998
19.43613125,6.34010449732887
19.4364645833333,6.34153678907023
19.4367979166667,6.34114616404986
19.43713125,6.34192741409061
19.4374645833333,6.33958366396837
19.4377979166667,6.35052116453881
19.43813125,6.36028679004812
19.4384645833333,6.36979199887719
19.4387979166667,6.35729199822527
19.43913125,6.35286491466104
19.4394645833333,6.35169303959992
19.4397979166667,6.36041699838825
19.44013125,6.36054720672837
19.4404645833333,6.35273470632092
19.4407979166667,6.3434899141721
19.44113125,6.34075553902949
19.4414645833333,6.34544303927396
19.4417979166667,6.34934928947769
19.44213125,6.35039095619868
19.4424645833333,6.34843783109682
19.4427979166667,6.35312533134129
19.44313125,6.35273470632092
19.4434645833334,6.35338574802154
19.4437979166667,6.35742220656539
19.44413125,6.36354199855123
19.4444645833334,6.37369824908092
19.4447979166667,6.37109408227843
19.44513125,6.37148470729881
19.4454645833334,6.37265658235992
19.4457979166667,6.37356804074079
19.44613125,6.36744824875496
19.4464645833334,6.35807324826601
19.4467979166667,6.36627637369384
19.44713125,6.37838574932539
19.4474645833334,6.38424512463098
19.4477979166667,6.37526074916241
19.44813125,6.36588574867346
19.4484645833334,6.36731804041483
19.4487979166667,6.37239616567967
19.44913125,6.37552116584266
19.4494645833334,6.36992220721731
19.4497979166667,6.36471387361235
19.45013125,6.37122429061856
19.4504645833334,6.37812533264514
19.4507979166667,6.38398470795073
19.45113125,6.37773470762477
19.4514645833334,6.38007845774701
19.4517979166667,6.38606804139272
19.45213125,6.39335970843968
19.4524645833334,6.40078158382676
19.4527979166667,6.40507845905086
19.45313125,6.40651075079222
19.4534645833334,6.39817741702427
19.4537979166667,6.39335970843968
19.45413125,6.40000033378601
19.4544645833334,6.40859408423421
19.4547979166667,6.4096357509552
19.45513125,6.40546908407123
19.4554645833334,6.40677116747247
19.4557979166667,6.41692741800216
19.45613125,6.41848991808365
19.4564645833334,6.40911491759471
19.4567979166667,6.40520866739098
19.45713125,6.41731804302253
19.4574645833334,6.43320346051769
19.4577979166667,6.43697950238129
19.45813125,6.42838575193309
19.4584645833334,6.42148470990651
19.4587979166667,6.42135450156638
19.45913125,6.42500033508986
19.4594645833334,6.4268232518516
19.4597979166667,6.42617221015098
19.46013125,6.42382846002874
19.4604645833334,6.42812533525285
19.4607979166667,6.42695346019173
19.46113125,6.43411491889856
19.4614645833334,6.43776075242204
19.4617979166667,6.43841179412266
19.46213125,6.4316409604362
19.4624645833334,6.42812533525285
19.4627979166667,6.43307325217756
19.46313125,6.43385450221831
19.4634645833334,6.4316409604362
19.4637979166667,6.42487012674974
19.46413125,6.42890658529359
19.4644645833334,6.43841179412266
19.4647979166667,6.44739616959123
19.46513125,6.4526045031962
19.4654645833334,6.44908887801285
19.4657979166667,6.44375033606775
19.46613125,6.43932325250353
19.4664645833334,6.44257846100663
19.4667979166667,6.45091179477458
19.46713125,6.45598992003943
19.4674645833334,6.45494825331844
19.4677979166667,6.45000033639371
19.46813125,6.44960971137334
19.4684645833334,6.444010752748
19.4687979166667,6.44362012772763
19.46913125,6.43515658561955
19.4694645833334,6.44283887768688
19.4697979166667,6.44921908635297
19.4701312500001,6.45494825331844
19.4704645833334,6.44622429453011
19.4707979166667,6.43710971072142
19.4711312500001,6.44101596092514
19.4714645833334,6.44531283614924
19.4717979166667,6.44687533623073
19.4721312500001,6.44557325282949
19.4724645833334,6.44908887801285
19.4727979166667,6.45559929501906
19.4731312500001,6.45143262813508
19.4734645833334,6.44843783631222
19.4737979166667,6.44661491955048
19.4741312500001,6.45338575323695
19.4744645833334,6.45598992003943
19.4747979166667,6.45807325348142
19.4751312500001,6.45416700327769
19.4754645833334,6.45833367016166
19.4757979166667,6.4606774202839
19.4761312500001,6.46393262878701
19.4764645833334,6.45911492020241
19.4767979166667,6.46080762862403
19.4771312500001,6.46471387882775
19.4774645833334,6.46471387882775
19.4777979166667,6.45768262846104
19.4781312500001,6.45520866999868
19.4784645833334,6.46471387882775
19.4787979166667,6.47500033769757
19.4791312500001,6.47252637923521
19.4794645833334,6.46666700392962
19.4797979166667,6.46341179542651
19.4801312500001,6.47096387915372
19.4804645833334,6.47877637956117
19.4807979166667,6.4783857545408
19.4811312500001,6.47395867097657
19.4814645833334,6.46809929567098
19.4817979166667,6.46940137907222
19.4821312500001,6.46757846231048
19.4824645833334,6.46054721194378
19.4827979166667,6.45416700327769
19.4831312500001,6.45677117008017
19.4834645833334,6.46510450384813
19.4837979166667,6.4687503373716
19.4841312500001,6.466015962229
19.4844645833334,6.46210971202527
19.4847979166667,6.46757846231048
19.4851312500001,6.47500033769757
19.4854645833334,6.48190137972415
19.4857979166667,6.47929721292167
19.4861312500001,6.47487012935744
19.4864645833334,6.46914096239198
19.4867979166667,6.45989617024316
19.4871312500001,6.45664096174005
19.4874645833334,6.46028679526353
19.4877979166667,6.46966179575247
19.4881312500001,6.47096387915372
19.4884645833334,6.4611982536444
19.4887979166667,6.46080762862403
19.4891312500001,6.46419304546726
19.4894645833334,6.47005242077285
19.4897979166667,6.45781283680117
19.4901312500001,6.45651075339993
19.4904645833334,6.45950554522278
19.4907979166667,6.46888054571173
19.4911312500001,6.45976596190303
19.4914645833334,6.44817741963198
19.4917979166667,6.44505241946899
19.4921312500001,6.45481804497831
19.4924645833334,6.46132846198452
19.4927979166667,6.45768262846104
19.4931312500001,6.44492221112887
19.4934645833334,6.44635450287024
19.4937979166667,6.45351596157707
19.4941312500001,6.4611982536444
19.4944645833334,6.45273471153632
19.4947979166667,6.4445315861085
19.4951312500001,6.44427116942825
19.4954645833334,6.45221387817583
19.4957979166667,6.45755242012092
19.4961312500001,6.44973991971347
19.4964645833334,6.43880241914303
19.4967979166668,6.43346387719794
19.4971312500001,6.43723991906154
19.4974645833334,6.44127637760539
19.4977979166667,6.43828158578253
19.4981312500001,6.43697950238129
19.4984645833334,6.43841179412266
19.4987979166668,6.43385450221831
19.4991312500001,6.43020866869483
19.4994645833334,6.423047209988
19.4997979166668,6.42552116845036
19.5001312500001,6.42421908504912
19.5004645833334,6.42591179347073
19.5007979166668,6.42578158513061
19.5011312500001,6.42382846002874
19.5014645833334,6.42630241849111
19.5017979166668,6.4273440852121
19.5021312500001,6.43098991873558
19.5024645833334,6.42695346019173
19.5027979166668,6.43020866869483
19.5031312500001,6.43020866869483
19.5034645833334,6.42968783533433
19.5037979166668,6.41979200148489
19.5041312500001,6.41614616796142
19.5044645833334,6.41666700132191
19.5047979166668,6.41796908472315
19.5051312500001,6.41315137613856
19.5054645833334,6.40572950075148
19.5057979166668,6.40416700066999
19.5061312500001,6.40794304253359
19.5064645833334,6.41002637597558
19.5067979166668,6.40677116747247
19.5071312500001,6.4015628338675
19.5074645833334,6.401042000507
19.5077979166668,6.40117220884713
19.5081312500001,6.40755241751322
19.5084645833334,6.40416700066999
19.5087979166668,6.40195345888788
19.5091312500001,6.39153679167794
19.5094645833334,6.39596387524216
19.5097979166668,6.39635450026253
19.5101312500001,6.39674512528291
19.5104645833334,6.39010449993657
19.5107979166668,6.38828158317483
19.5111312500001,6.3929690834193
19.5114645833334,6.39440137516067
19.5117979166668,6.39283887507918
19.5121312500001,6.38580762471247
19.5124645833334,6.38255241620937
19.5127979166668,6.38320345790999
19.5131312500001,6.37864616600564
19.5134645833334,6.37148470729881
19.5137979166668,6.36744824875496
19.5141312500001,6.36809929045558
19.5144645833334,6.37226595733955
19.5147979166668,6.37044304057781
19.5151312500001,6.37552116584266
19.5154645833334,6.38151074948837
19.5157979166668,6.38619824973284
19.5161312500001,6.37968783272663
19.5164645833334,6.36835970713582
19.5167979166668,6.3634117902111
19.5171312500001,6.36419304025185
19.5174645833334,6.36718783207471
19.5177979166668,6.36888054049632
19.5181312500001,6.3644534569321
19.5184645833334,6.3596357483475
19.5187979166668,6.35833366494626
19.5191312500001,6.3596357483475
19.5194645833334,6.35872428996663
19.5197979166668,6.35520866478328
19.5201312500001,6.35924512332713
19.5204645833334,6.36276074851048
19.5207979166668,6.36197949846974
19.5211312500001,6.35651074818452
19.5214645833334,6.35651074818452
19.5217979166668,6.36002637336787
19.5221312500001,6.35859408162651
19.5224645833334,6.34765658105607
19.5227979166668,6.33971387230849
19.5231312500001,6.34973991449806
19.5234645833334,6.360156581708
19.5237979166668,6.35612012316415
19.5241312500001,6.34127637238998
19.5244645833334,6.33450553870353
19.5247979166668,6.34010449732887
19.5251312500001,6.34049512234924
19.5254645833335,6.33880241392763
19.5257979166668,6.33619824712514
19.5261312500001,6.33580762210477
19.5264645833335,6.33528678874427
19.5267979166668,6.33463574704365
19.5271312500001,6.33033887181955
19.5274645833335,6.33359408032266
19.5277979166668,6.33502637206402
19.5281312500001,6.34049512234924
19.5284645833335,6.33098991352017
19.5287979166668,6.32395866315346
19.5291312500001,6.32070345465036
19.5294645833335,6.33255241360166
19.5297979166668,6.33619824712514
19.5301312500001,6.3348961637239
19.5304645833335,6.33281283028191
19.5307979166668,6.3348961637239
19.5311312500001,6.33268262194179
19.5314645833335,6.33046908015967
19.5317979166668,6.33125033020042
19.5321312500001,6.33580762210477
19.5324645833335,6.3338544970029
19.5327979166668,6.3257815799152
19.5331312500001,6.32434928817384
19.5334645833335,6.32734407999669
19.5337979166668,6.32812533003744
19.5341312500001,6.32265657975222
19.5344645833335,6.31575553772564
19.5347979166668,6.31731803780713
19.5351312500001,6.32304720477259
19.5354645833335,6.31862012120837
19.5357979166668,6.31432324598427
19.5361312500001,6.30429720379471
19.5364645833335,6.30507845383545
19.5367979166668,6.31276074590278
19.5371312500001,6.32747428833682
19.5374645833335,6.33541699708439
19.5377979166668,6.32929720509856
19.5381312500001,6.318229496188
19.5384645833335,6.31783887116762
19.5387979166668,6.32005241294974
19.5391312500001,6.32018262128986
19.5394645833335,6.31184928752191
19.5397979166668,6.3091149123793
19.5401312500001,6.30572949553607
19.5404645833335,6.30976595407992
19.5407979166668,6.30807324565831
19.5411312500001,6.31184928752191
19.5414645833335,6.29908887018974
19.5417979166668,6.29466178662551
19.5421312500001,6.29427116160514
19.5424645833335,6.31002637076017
19.5427979166668,6.31953157958924
19.5431312500001,6.32018262128986
19.5434645833335,6.30924512071942
19.5437979166668,6.30559928719595
19.5441312500001,6.30403678711446
19.5444645833335,6.30976595407992
19.5447979166668,6.30612012055644
19.5451312500001,6.3010419952916
19.5454645833335,6.30013053691073
19.5457979166668,6.30299512039346
19.5461312500001,6.30833366233856
19.5464645833335,6.30703157893731
19.5467979166668,6.29856803682924
19.5471312500001,6.29127636978228
19.5474645833335,6.29635449504713
19.5477979166668,6.30872428735893
19.5481312500001,6.31237012088241
19.5484645833335,6.30026074525085
19.5487979166668,6.29531282832613
19.5491312500001,6.30442741213483
19.5494645833335,6.31666699610651
19.5497979166668,6.31223991254228
19.5501312500001,6.30325553707371
19.5504645833335,6.30260449537309
19.5507979166668,6.3096357457398
19.5511312500001,6.31067741246079
19.5514645833335,6.30755241229781
19.5517979166668,6.31067741246079
19.5521312500001,6.31028678744042
19.5524645833335,6.3058597038762
19.5527979166668,6.2967451200675
19.5531312500002,6.29492220330576
19.5534645833335,6.29544303666626
19.5537979166668,6.29947949521011
19.5541312500002,6.29830762014899
19.5544645833335,6.29713574508787
19.5547979166668,6.29309928654402
19.5551312500002,6.2924482448434
19.5554645833335,6.29518261998601
19.5557979166668,6.29648470338725
19.5561312500002,6.29947949521011
19.5564645833335,6.3010419952916
19.5567979166668,6.30247428703297
19.5571312500002,6.30664095391694
19.5574645833335,6.30234407869284
19.5577979166668,6.30026074525085
19.5581312500002,6.29583366168663
19.5584645833335,6.29947949521011
19.5587979166668,6.29635449504713
19.5591312500002,6.29088574476191
19.5594645833335,6.27890657747048
19.5597979166668,6.28684928621806
19.5601312500002,6.29648470338725
19.5604645833335,6.30039095359098
19.5607979166668,6.29635449504713
19.5611312500002,6.29544303666626
19.5614645833335,6.30872428735893
19.5617979166668,6.31614616274601
19.5621312500002,6.31054720412067
19.5624645833335,6.30091178695147
19.5627979166668,6.28958366136067
19.5631312500002,6.29127636978228
19.5634645833335,6.29335970322427
19.5637979166668,6.29140657812241
19.5641312500002,6.29101595310203
19.5644645833335,6.29375032824464
19.5647979166668,6.30325553707371
19.5651312500002,6.30234407869284
19.5654645833335,6.30065137027123
19.5657979166668,6.29817741180887
19.5661312500002,6.29817741180887
19.5664645833335,6.29322949488415
19.5667979166668,6.29362011990452
19.5671312500002,6.29804720346874
19.5674645833335,6.29960970355023
19.5677979166668,6.29218782816315
19.5681312500002,6.28671907787793
19.5684645833335,6.28945345302054
19.5687979166668,6.30039095359098
19.5691312500002,6.30312532873359
19.5694645833335,6.30013053691073
19.5697979166668,6.29505241164588
19.5701312500002,6.29635449504713
19.5704645833335,6.30312532873359
19.5707979166668,6.30442741213483
19.5711312500002,6.29661491172738
19.5714645833335,6.2919274114829
19.5717979166668,6.29778678678849
19.5721312500002,6.31002637076017
19.5724645833335,6.31471387100464
19.5727979166668,6.30781282897806
19.5731312500002,6.30065137027123
19.5734645833335,6.29596387002675
19.5737979166668,6.29635449504713
19.5741312500002,6.29856803682924
19.5744645833335,6.29778678678849
19.5747979166668,6.2967451200675
19.5751312500002,6.30234407869284
19.5754645833335,6.30989616242005
19.5757979166668,6.31210970420216
19.5761312500002,6.30507845383545
19.5764645833335,6.30065137027123
19.5767979166668,6.29778678678849
19.5771312500002,6.30091178695147
19.5774645833335,6.29987012023048
19.5777979166668,6.30351595375396
19.5781312500002,6.29843782848911
19.5784645833335,6.29973991189036
19.5787979166668,6.29700553674775
19.5791312500002,6.30364616209408
19.5794645833335,6.30559928719595
19.5797979166669,6.30885449569905
19.5801312500002,6.30885449569905
19.5804645833335,6.31171907918179
19.5807979166669,6.31171907918179
19.5811312500002,6.31328157926328
19.5814645833335,6.30572949553607
19.5817979166669,6.30703157893731
19.5821312500002,6.30364616209408
19.5824645833335,6.3096357457398
19.5827979166669,6.31080762080092
19.5831312500002,6.31106803748116
19.5834645833335,6.31223991254228
19.5837979166669,6.31158887084166
19.5841312500002,6.317187829467
19.5844645833335,6.31796907950775
19.5847979166669,6.31380241262377
19.5851312500002,6.30612012055644
19.5854645833335,6.29934928686998
19.5857979166669,6.30677116225706
19.5861312500002,6.31197949586203
19.5864645833335,6.31497428768489
19.5867979166669,6.31158887084166
19.5871312500002,6.31445345432439
19.5874645833335,6.32174512137135
19.5877979166669,6.32487012153433
19.5881312500002,6.32109407967073
19.5884645833335,6.31263053756265
19.5887979166669,6.3134117876034
19.5891312500002,6.31875032954849
19.5894645833335,6.32356803813309
19.5897979166669,6.32109407967073
19.5901312500002,6.31953157958924
19.5904645833335,6.31888053788862
19.5907979166669,6.31992220460961
19.5911312500002,6.31601595440589
19.5914645833335,6.31796907950775
19.5917979166669,6.31471387100464
19.5921312500002,6.31002637076017
19.5924645833335,6.30625032889657
19.5927979166669,6.30703157893731
19.5931312500002,6.31666699610651
19.5934645833335,6.31875032954849
19.5937979166669,6.31809928784787
19.5941312500002,6.31536491270526
19.5944645833335,6.31184928752191
19.5947979166669,6.31276074590278
19.5951312500002,6.31497428768489
19.5954645833335,6.31888053788862
19.5957979166669,6.31210970420216
19.5961312500002,6.30794303731818
19.5964645833335,6.31132845416141
19.5967979166669,6.31796907950775
19.5971312500002,6.3101565791003
19.5974645833335,6.29869824516936
19.5977979166669,6.29843782848911
19.5981312500002,6.30768262063793
19.5984645833335,6.31302116258303
19.5987979166669,6.31276074590278
19.5991312500002,6.31562532938551
19.5994645833335,6.31940137124912
19.5997979166669,6.31796907950775
19.6001312500002,6.31223991254228
19.6004645833335,6.31380241262377
19.6007979166669,6.32161491303123
19.6011312500002,6.32473991319421
19.6014645833335,6.31484407934477
19.6017979166669,6.31145866250154
19.6021312500002,6.30625032889657
19.6024645833335,6.30768262063793
19.6027979166667,6.30273470371321
19.60313125,6.29973991189036
19.6034645833333,6.30885449569905
19.6037979166667,6.31666699610651
19.60413125,6.32382845481334
19.6044645833333,6.31197949586203
19.6047979166667,6.3053388705157
19.60513125,6.30429720379471
19.6054645833333,6.31119824582129
19.6057979166667,6.30507845383545
19.60613125,6.29934928686998
19.6064645833333,6.29895866184961
19.6067979166667,6.31028678744042
19.60713125,6.31614616274601
19.6074645833333,6.31250032922253
19.6077979166667,6.31093782914104
19.60813125,6.31302116258303
19.6084645833333,6.318229496188
19.6087979166667,6.31901074622874
19.60913125,6.318229496188
19.6094645833333,6.31432324598427
19.6097979166667,6.31054720412067
19.61013125,6.3101565791003
19.6104645833333,6.31419303764415
19.6107979166667,6.31080762080092
19.61113125,6.30885449569905
19.6114645833333,6.30442741213483
19.6117979166667,6.30403678711446
19.61213125,6.29947949521011
19.6124645833333,6.30260449537309
19.6127979166667,6.31067741246079
19.61313125,6.31875032954849
19.6134645833333,6.31653678776638
19.6137979166667,6.31223991254228
19.61413125,6.31536491270526
19.6144645833333,6.32500032987446
19.6147979166667,6.32851595505781
19.61513125,6.32057324631023
19.6154645833334,6.31158887084166
19.6157979166667,6.31093782914104
19.61613125,6.32005241294974
19.6164645833334,6.32604199659545
19.6167979166667,6.32109407967073
19.61713125,6.31223991254228
19.6174645833334,6.30468782881508
19.6177979166667,6.30794303731818
19.61813125,6.31263053756265
19.6184645833334,6.31705762112688
19.6187979166667,6.31835970452812
19.61913125,6.32239616307197
19.6194645833334,6.32760449667694
19.6197979166667,6.33502637206402
19.62013125,6.32656282995595
19.6204645833334,6.31210970420216
19.6207979166667,6.29804720346874
19.62113125,6.30312532873359
19.6214645833334,6.31458366266452
19.6217979166667,6.32187532971148
19.62213125,6.31315137092315
19.6224645833334,6.30546907885582
19.6227979166667,6.30677116225706
19.62313125,6.31953157958924
19.6234645833334,6.32330762145284
19.6237979166667,6.32057324631023
19.62413125,6.31132845416141
19.6244645833334,6.30976595407992
19.6247979166667,6.30794303731818
19.62513125,6.3134117876034
19.6254645833334,6.31132845416141
19.6257979166667,6.3048180371552
19.62613125,6.28671907787793
19.6264645833334,6.29049511974154
19.6267979166667,6.2929690782039
19.62713125,6.30208366201259
19.6274645833334,6.29713574508787
19.6277979166667,6.29713574508787
19.62813125,6.30403678711446
19.6284645833334,6.31171907918179
19.6287979166667,6.30950553739967
19.62913125,6.30494824549533
19.6294645833334,6.29804720346874
19.6297979166667,6.3048180371552
19.63013125,6.30507845383545
19.6304645833334,6.30572949553607
19.6307979166667,6.30442741213483
19.63113125,6.30794303731818
19.6314645833334,6.31067741246079
19.6317979166667,6.31250032922253
19.63213125,6.30729199561756
19.6324645833334,6.30351595375396
19.6327979166667,6.30026074525085
19.63313125,6.29921907852986
19.6334645833334,6.3010419952916
19.6337979166667,6.29440136994526
19.63413125,6.30039095359098
19.6344645833334,6.30690137059719
19.6347979166667,6.318229496188
19.63513125,6.32057324631023
19.6354645833334,6.31588574606576
19.6357979166667,6.31054720412067
19.63613125,6.30690137059719
19.6364645833334,6.30989616242005
19.6367979166667,6.31927116290899
19.63713125,6.32044303797011
19.6374645833334,6.31328157926328
19.6377979166667,6.30299512039346
19.63813125,6.30234407869284
19.6384645833334,6.30820345399843
19.6387979166667,6.30755241229781
19.63913125,6.30768262063793
19.6394645833334,6.31067741246079
19.6397979166667,6.31106803748116
19.64013125,6.30403678711446
19.6404645833334,6.297265953428
19.6407979166667,6.29987012023048
19.64113125,6.30807324565831
19.6414645833334,6.30520866217557
19.6417979166667,6.30820345399843
19.64213125,6.30677116225706
19.6424645833334,6.31315137092315
19.6427979166667,6.30885449569905
19.6431312500001,6.30455762047495
19.6434645833334,6.30208366201259
19.6437979166667,6.30559928719595
19.6441312500001,6.31080762080092
19.6444645833334,6.31380241262377
19.6447979166667,6.31523470436514
19.6451312500001,6.31315137092315
19.6454645833334,6.30664095391694
19.6457979166667,6.30638053723669
19.6461312500001,6.30872428735893
19.6464645833334,6.31080762080092
19.6467979166667,6.30325553707371
19.6471312500001,6.30247428703297
19.6474645833334,6.3091149123793
19.6477979166667,6.31419303764415
19.6481312500001,6.31067741246079
19.6484645833334,6.30572949553607
19.6487979166667,6.3096357457398
19.6491312500001,6.30976595407992
19.6494645833334,6.31367220428365
19.6497979166667,6.3139326209639
19.6501312500001,6.31093782914104
19.6504645833334,6.30846387067868
19.6507979166667,6.30950553739967
19.6511312500001,6.31888053788862
19.6514645833334,6.32174512137135
19.6517979166667,6.31835970452812
19.6521312500001,6.31848991286824
19.6524645833334,6.31653678776638
19.6527979166667,6.31197949586203
19.6531312500001,6.31237012088241
19.6534645833334,6.31614616274601
19.6537979166667,6.32343782979297
19.6541312500001,6.32044303797011
19.6544645833334,6.31888053788862
19.6547979166667,6.31627637108613
19.6551312500001,6.30924512071942
19.6554645833334,6.30742220395769
19.6557979166667,6.31445345432439
19.6561312500001,6.32369824647321
19.6564645833334,6.32109407967073
19.6567979166667,6.31692741278676
19.6571312500001,6.31158887084166
19.6574645833334,6.31106803748116
19.6577979166667,6.30846387067868
19.6581312500001,6.31328157926328
19.6584645833334,6.31757845448738
19.6587979166667,6.31380241262377
19.6591312500001,6.30976595407992
19.6594645833334,6.30455762047495
19.6597979166667,6.3096357457398
19.6601312500001,6.30807324565831
19.6604645833334,6.3096357457398
19.6607979166667,6.30494824549533
19.6611312500001,6.30442741213483
19.6614645833334,6.30000032857061
19.6617979166667,6.30221387035272
19.6621312500001,6.30546907885582
19.6624645833334,6.30989616242005
19.6627979166667,6.30807324565831
19.6631312500001,6.30273470371321
19.6634645833334,6.30065137027123
19.6637979166667,6.3005211619311
19.6641312500001,6.30494824549533
19.6644645833334,6.3053388705157
19.6647979166667,6.30716178727744
19.6651312500001,6.30572949553607
19.6654645833334,6.30546907885582
19.6657979166667,6.30703157893731
19.6661312500001,6.3139326209639
19.6664645833334,6.31862012120837
19.6667979166667,6.31953157958924
19.6671312500001,6.31028678744042
19.6674645833334,6.30351595375396
19.6677979166667,6.29791699512862
19.6681312500001,6.30351595375396
19.6684645833334,6.31354199594353
19.6687979166668,6.31484407934477
19.6691312500001,6.318229496188
19.6694645833334,6.31562532938551
19.6697979166668,6.31510449602501
19.6701312500001,6.30768262063793
19.6704645833334,6.30546907885582
19.6707979166668,6.30664095391694
19.6711312500001,6.30364616209408
19.6714645833334,6.3058597038762
19.6717979166668,6.30950553739967
19.6721312500001,6.31549512104539
19.6724645833334,6.31315137092315
19.6727979166668,6.31354199594353
19.6731312500001,6.32187532971148
19.6734645833334,6.33098991352017
19.6737979166668,6.32812533003744
19.6741312500001,6.32083366299048
19.6744645833334,6.31588574606576
19.6747979166668,6.32239616307197
19.6751312500001,6.32786491335719
19.6754645833334,6.32604199659545
19.6757979166668,6.32044303797011
19.6761312500001,6.31705762112688
19.6764645833334,6.31757845448738
19.6767979166668,6.31575553772564
19.6771312500001,6.31041699578054
19.6774645833334,6.30781282897806
19.6777979166668,6.30794303731818
19.6781312500001,6.31484407934477
19.6784645833334,6.32213574639172
19.6787979166668,6.32213574639172
19.6791312500001,6.32005241294974
19.6794645833334,6.31692741278676
19.6797979166668,6.31692741278676
19.6801312500001,6.30885449569905
19.6804645833334,6.30039095359098
19.6807979166668,6.29635449504713
19.6811312500001,6.30143262031197
19.6814645833334,6.30546907885582
19.6817979166668,6.30885449569905
19.6821312500001,6.31171907918179
19.6824645833334,6.31093782914104
19.6827979166668,6.31041699578054
19.6831312500001,6.30846387067868
19.6834645833334,6.30742220395769
19.6837979166668,6.31106803748116
19.6841312500001,6.30872428735893
19.6844645833334,6.30638053723669
19.6847979166668,6.30312532873359
19.6851312500001,6.31197949586203
19.6854645833334,6.32369824647321
19.6857979166668,6.32669303829607
19.6861312500001,6.31536491270526
19.6864645833334,6.31432324598427
19.6867979166668,6.32018262128986
19.6871312500001,6.32994824679918
19.6874645833334,6.32343782979297
19.6877979166668,6.32500032987446
19.6881312500001,6.32526074655471
19.6884645833334,6.32773470501707
19.6887979166668,6.31406282930402
19.6891312500001,6.3096357457398
19.6894645833334,6.31028678744042
19.6897979166668,6.3214847046911
19.6901312500001,6.31692741278676
19.6904645833334,6.3085940790188
19.6907979166668,6.30286491205334
19.6911312500001,6.31054720412067
19.6914645833334,6.31601595440589
19.6917979166668,6.31067741246079
19.6921312500001,6.30846387067868
19.6924645833334,6.31536491270526
19.6927979166668,6.32174512137135
19.6931312500001,6.31783887116762
19.6934645833334,6.31093782914104
19.6937979166668,6.31237012088241
19.6941312500001,6.31653678776638
19.6944645833334,6.31835970452812
19.6947979166668,6.31197949586203
19.6951312500001,6.30846387067868
19.6954645833335,6.31158887084166
19.6957979166668,6.31940137124912
19.6961312500001,6.31953157958924
19.6964645833334,6.31354199594353
19.6967979166668,6.30872428735893
19.6971312500001,6.30807324565831
19.6974645833335,6.31237012088241
19.6977979166668,6.31419303764415
19.6981312500001,6.31432324598427
19.6984645833335,6.30598991221632
19.6987979166668,6.30664095391694
19.6991312500001,6.30781282897806
19.6994645833335,6.31380241262377
19.6997979166668,6.31328157926328
19.7001312500001,6.31093782914104
19.7004645833335,6.31106803748116
19.7007979166668,6.30833366233856
19.7011312500001,6.30559928719595
19.7014645833335,6.30755241229781
19.7017979166668,6.3085940790188
19.7021312500001,6.31197949586203
19.7024645833335,6.30937532905955
19.7027979166668,6.30729199561756
19.7031312500001,6.31041699578054
19.7034645833335,6.30885449569905
19.7037979166668,6.30520866217557
19.7041312500001,6.30325553707371
19.7044645833335,6.30742220395769
19.7047979166668,6.31432324598427
19.7051312500001,6.3096357457398
19.7054645833335,6.30312532873359
19.7057979166668,6.29648470338725
19.7061312500001,6.30286491205334
19.7064645833335,6.30937532905955
19.7067979166668,6.30976595407992
19.7071312500001,6.30000032857061
19.7074645833335,6.29648470338725
19.7077979166668,6.3010419952916
19.7081312500001,6.30559928719595
19.7084645833335,6.29934928686998
19.7087979166668,6.29791699512862
19.7091312500001,6.2967451200675
19.7094645833335,6.3005211619311
19.7097979166668,6.29869824516936
19.7101312500001,6.30651074557682
19.7104645833335,6.30898470403918
19.7107979166668,6.30638053723669
19.7111312500001,6.30195345367247
19.7114645833335,6.29830762014899
19.7117979166668,6.3010419952916
19.7121312500001,6.30442741213483
19.7124645833335,6.30247428703297
19.7127979166668,6.29973991189036
19.7131312500001,6.29401074492489
19.7134645833335,6.29778678678849
19.7137979166668,6.30273470371321
19.7141312500001,6.30403678711446
19.7144645833335,6.30026074525085
19.7147979166668,6.29908887018974
19.7151312500001,6.30468782881508
19.7154645833335,6.31223991254228
19.7157979166668,6.30364616209408
19.7161312500001,6.29114616144216
19.7164645833335,6.28802116127918
19.7167979166668,6.29934928686998
19.7171312500001,6.30520866217557
19.7174645833335,6.30494824549533
19.7177979166668,6.30182324533234
19.7181312500001,6.30546907885582
19.7184645833335,6.30690137059719
19.7187979166668,6.3058597038762
19.7191312500001,6.30546907885582
19.7194645833335,6.30195345367247
19.7197979166668,6.30768262063793
19.7201312500001,6.30742220395769
19.7204645833335,6.30390657877433
19.7207979166668,6.29557324500638
19.7211312500001,6.29335970322427
19.7214645833335,6.29687532840762
19.7217979166668,6.29518261998601
19.7221312500001,6.28932324468042
19.7224645833335,6.28854199463967
19.7227979166668,6.2876305362588
19.7231312500001,6.2924482448434
19.7234645833335,6.2929690782039
19.7237979166668,6.29856803682924
19.7241312500002,6.29440136994526
19.7244645833335,6.29036491140141
19.7247979166668,6.29010449472116
19.7251312500001,6.29947949521011
19.7254645833335,6.30234407869284
19.7257979166668,6.3005211619311
19.7261312500002,6.29648470338725
19.7264645833335,6.30273470371321
19.7267979166668,6.3053388705157
19.7271312500002,6.30846387067868
19.7274645833335,6.30638053723669
19.7277979166668,6.30299512039346
19.7281312500002,6.29427116160514
19.7284645833335,6.28997428638104
19.7287979166668,6.28932324468042
19.7291312500002,6.29557324500638
19.7294645833335,6.29479199496564
19.7297979166668,6.29817741180887
19.7301312500002,6.29648470338725
19.7304645833335,6.29427116160514
19.7307979166668,6.29739616176812
19.7311312500002,6.29127636978228
19.7314645833335,6.2848961611162
19.7317979166668,6.2795576191711
19.7321312500002,6.2881513696193
19.7324645833335,6.30130241197185
19.7327979166668,6.30195345367247
19.7331312500002,6.29713574508787
19.7334645833335,6.28854199463967
19.7337979166668,6.28411491107545
19.7341312500002,6.28307324435446
19.7344645833335,6.28919303634029
19.7347979166668,6.29362011990452
19.7351312500002,6.29544303666626
19.7354645833335,6.29531282832613
19.7357979166668,6.29882845350949
19.7361312500002,6.30091178695147
19.7364645833335,6.29101595310203
19.7367979166668,6.27838574410998
19.7371312500002,6.27786491074949
19.7374645833335,6.29544303666626
19.7377979166668,6.31093782914104
19.7381312500002,6.31080762080092
19.7384645833335,6.29947949521011
19.7387979166668,6.29570345334651
19.7391312500002,6.29583366168663
19.7394645833335,6.29739616176812
19.7397979166668,6.29205761982303
19.7401312500002,6.28789095293905
19.7404645833335,6.28841178629955
19.7407979166668,6.28958366136067
19.7411312500002,6.29895866184961
19.7414645833335,6.30664095391694
19.7417979166668,6.30677116225706
19.7421312500002,6.30013053691073
19.7424645833335,6.29765657844837
19.7427979166668,6.30651074557682
19.7431312500002,6.30872428735893
19.7434645833335,6.29973991189036
19.7437979166668,6.29127636978228
19.7441312500002,6.29075553642179
19.7444645833335,6.30013053691073
19.7447979166668,6.30273470371321
19.7451312500002,6.30065137027123
19.7454645833335,6.29987012023048
19.7457979166668,6.30182324533234
19.7461312500002,6.30377637043421
19.7464645833335,6.29596387002675
19.7467979166668,6.28138053593284
19.7471312500002,6.27500032726675
19.7474645833335,6.27669303568837
19.7477979166668,6.29062532808166
19.7481312500002,6.29518261998601
19.7484645833335,6.29856803682924
19.7487979166669,6.29752637010824
19.7491312500002,6.29739616176812
19.7494645833335,6.29648470338725
19.7497979166668,6.30026074525085
19.7501312500002,6.30520866217557
19.7504645833335,6.3053388705157
19.7507979166669,6.29427116160514
19.7511312500002,6.2848961611162
19.7514645833335,6.28971386970079
19.7517979166669,6.29713574508787
19.7521312500002,6.30312532873359
19.7524645833335,6.29179720314278
19.7527979166669,6.2886722029798
19.7531312500002,6.29257845318352
19.7534645833335,6.30299512039346
19.7537979166669,6.30247428703297
19.7541312500002,6.29960970355023
19.7544645833335,6.30169303699222
19.7547979166669,6.31380241262377
19.7551312500002,6.31328157926328
19.7554645833335,6.30742220395769
19.7557979166669,6.30130241197185
19.7561312500002,6.30455762047495
19.7564645833335,6.31002637076017
19.7567979166669,6.30950553739967
19.7571312500002,6.30820345399843
19.7574645833335,6.30794303731818
19.7577979166669,6.30416699545458
19.7581312500002,6.3048180371552
19.7584645833335,6.31002637076017
19.7587979166669,6.32044303797011
19.7591312500002,6.32487012153433
19.7594645833335,6.31992220460961
19.7597979166669,6.31666699610651
19.7601312500002,6.3139326209639
19.7604645833335,6.30820345399843
19.7607979166669,6.30598991221632
19.7611312500002,6.3048180371552
19.7614645833335,6.30742220395769
19.7617979166669,6.30416699545458
19.7621312500002,6.29635449504713
19.7624645833335,6.29869824516936
19.7627979166669,6.3010419952916
19.7631312500002,6.30612012055644
19.7634645833335,6.29882845350949
19.7637979166669,6.30260449537309
19.7641312500002,6.31184928752191
19.7644645833335,6.32278678809235
19.7647979166669,6.31862012120837
19.7651312500002,6.31210970420216
19.7654645833335,6.31158887084166
19.7657979166669,6.31523470436514
19.7661312500002,6.31875032954849
19.7664645833335,6.31445345432439
19.7667979166669,6.30872428735893
19.7671312500002,6.30677116225706
19.7674645833335,6.3053388705157
19.7677979166669,6.30494824549533
19.7681312500002,6.29817741180887
19.7684645833335,6.29895866184961
19.7687979166669,6.29713574508787
19.7691312500002,6.30091178695147
19.7694645833335,6.30039095359098
19.7697979166669,6.29804720346874
19.7701312500002,6.30338574541383
19.7704645833335,6.31054720412067
19.7707979166669,6.31848991286824
19.7711312500002,6.31862012120837
19.7714645833335,6.31888053788862
19.7717979166669,6.31835970452812
19.7721312500002,6.31197949586203
19.7724645833335,6.30507845383545
19.7727979166669,6.30833366233856
19.7731312500002,6.31276074590278
19.7734645833333,6.31523470436514
19.7737979166667,6.31041699578054
19.77413125,6.30364616209408
19.7744645833333,6.30716178727744
19.7747979166667,6.3134117876034
19.77513125,6.31979199626949
19.7754645833333,6.31901074622874
19.7757979166667,6.3101565791003
19.77613125,6.31171907918179
19.7764645833333,6.3128909542429
19.7767979166667,6.32161491303123
19.77713125,6.31666699610651
19.7774645833333,6.31223991254228
19.7777979166667,6.31158887084166
19.77813125,6.31705762112688
19.7784645833333,6.31419303764415
19.7787979166667,6.31419303764415
19.77913125,6.31380241262377
19.7794645833333,6.31562532938551
19.7797979166667,6.31263053756265
19.78013125,6.31184928752191
19.7804645833333,6.31484407934477
19.7807979166667,6.31510449602501
19.78113125,6.31276074590278
19.7814645833333,6.3091149123793
19.7817979166667,6.3058597038762
19.78213125,6.30598991221632
19.7824645833333,6.31367220428365
19.7827979166667,6.3225263714121
19.78313125,6.32460970485408
19.7834645833334,6.32500032987446
19.7837979166667,6.32135449635098
19.78413125,6.32513053821458
19.7844645833334,6.32031282962998
19.7847979166667,6.31783887116762
19.78513125,6.31432324598427
19.7854645833334,6.31184928752191
19.7857979166667,6.31627637108613
19.78613125,6.31809928784787
19.7864645833334,6.31979199626949
19.7867979166667,6.31432324598427
19.78713125,6.30755241229781
19.7874645833334,6.31119824582129
19.7877979166667,6.32057324631023
19.78813125,6.3263024132757
19.7884645833334,6.32174512137135
19.7887979166667,6.31445345432439
19.78913125,6.31510449602501
19.7894645833334,6.32265657975222
19.7897979166667,6.32838574671769
19.79013125,6.32708366331644
19.7904645833334,6.32708366331644
19.7907979166667,6.32226595473185
19.79113125,6.32291699643247
19.7914645833334,6.31406282930402
19.7917979166667,6.31171907918179
19.79213125,6.30612012055644
19.7924645833334,6.30143262031197
19.7927979166667,6.29908887018974
19.79313125,6.30520866217557
19.7934645833334,6.31458366266452
19.7937979166667,6.32044303797011
19.79413125,6.31888053788862
19.7944645833334,6.31940137124912
19.7947979166667,6.31901074622874
19.79513125,6.31835970452812
19.7954645833334,6.32473991319421
19.7957979166667,6.32786491335719
19.79613125,6.32786491335719
19.7964645833334,6.31380241262377
19.7967979166667,6.3058597038762
19.79713125,6.30625032889657
19.7974645833334,6.31380241262377
19.7977979166667,6.31601595440589
19.79813125,6.3134117876034
19.7984645833334,6.31328157926328
19.7987979166667,6.31940137124912
19.79913125,6.32096387133061
19.7994645833334,6.31914095456887
19.7997979166667,6.32591178825533
19.80013125,6.33528678874427
19.8004645833334,6.3424482474511
19.8007979166667,6.33033887181955
19.80113125,6.32330762145284
19.8014645833334,6.3220055380516
19.8017979166667,6.32513053821458
19.80213125,6.32122428801085
19.8024645833334,6.31536491270526
19.8027979166667,6.31171907918179
19.80313125,6.31171907918179
19.8034645833334,6.31302116258303
19.8037979166667,6.31992220460961
19.80413125,6.32057324631023
19.8044645833334,6.3177086628275
19.8047979166667,6.31419303764415
19.80513125,6.31783887116762
19.8054645833334,6.31848991286824
19.8057979166667,6.31145866250154
19.80613125,6.30742220395769
19.8064645833334,6.31028678744042
19.8067979166667,6.32382845481334
19.80713125,6.32734407999669
19.8074645833334,6.32838574671769
19.8077979166667,6.32460970485408
19.80813125,6.318229496188
19.8084645833334,6.31835970452812
19.8087979166667,6.31679720444663
19.80913125,6.31979199626949
19.8094645833334,6.31328157926328
19.8097979166667,6.30559928719595
19.8101312500001,6.30846387067868
19.8104645833334,6.31276074590278
19.8107979166667,6.31848991286824
19.8111312500001,6.31757845448738
19.8114645833334,6.318229496188
19.8117979166667,6.32083366299048
19.8121312500001,6.32161491303123
19.8124645833334,6.31953157958924
19.8127979166667,6.31575553772564
19.8131312500001,6.31731803780713
19.8134645833334,6.31979199626949
19.8137979166667,6.32460970485408
19.8141312500001,6.32395866315346
19.8144645833334,6.32174512137135
19.8147979166667,6.32669303829607
19.8151312500001,6.33033887181955
19.8154645833334,6.3343753303634
19.8157979166667,6.33424512202328
19.8161312500001,6.33411491368315
19.8164645833334,6.3311201218603
19.8167979166667,6.31875032954849
19.8171312500001,6.31523470436514
19.8174645833334,6.31835970452812
19.8177979166667,6.31979199626949
19.8181312500001,6.31601595440589
19.8184645833334,6.31276074590278
19.8187979166667,6.31692741278676
19.8191312500001,6.32369824647321
19.8194645833334,6.3268232466362
19.8197979166667,6.32708366331644
19.8201312500001,6.32447949651396
19.8204645833334,6.32408887149359
19.8207979166667,6.3263024132757
19.8211312500001,6.32487012153433
19.8214645833334,6.31744824614725
19.8217979166667,6.31028678744042
19.8221312500001,6.31367220428365
19.8224645833334,6.32070345465036
19.8227979166667,6.32122428801085
19.8231312500001,6.30781282897806
19.8234645833334,6.29882845350949
19.8237979166667,6.30130241197185
19.8241312500001,6.31093782914104
19.8244645833334,6.31640657942626
19.8247979166667,6.31614616274601
19.8251312500001,6.31979199626949
19.8254645833334,6.32135449635098
19.8257979166667,6.32487012153433
19.8261312500001,6.32057324631023
19.8264645833334,6.32070345465036
19.8267979166667,6.31549512104539
19.8271312500001,6.31497428768489
19.8274645833334,6.31276074590278
19.8277979166667,6.30729199561756
19.8281312500001,6.30794303731818
19.8284645833334,6.30442741213483
19.8287979166667,6.30221387035272
19.8291312500001,6.30169303699222
19.8294645833334,6.31171907918179
19.8297979166667,6.32369824647321
19.8301312500001,6.32382845481334
19.8304645833334,6.31692741278676
19.8307979166667,6.30703157893731
19.8311312500001,6.30429720379471
19.8314645833334,6.30429720379471
19.8317979166667,6.31028678744042
19.8321312500001,6.31054720412067
19.8324645833334,6.31875032954849
19.8327979166667,6.32838574671769
19.8331312500001,6.33502637206402
19.8334645833334,6.32213574639172
19.8337979166667,6.30651074557682
19.8341312500001,6.31119824582129
19.8344645833334,6.32434928817384
19.8347979166667,6.32981803845905
19.8351312500001,6.31484407934477
19.8354645833334,6.29973991189036
19.8357979166667,6.296224286707
19.8361312500001,6.30325553707371
19.8364645833334,6.30520866217557
19.8367979166667,6.30468782881508
19.8371312500001,6.29544303666626
19.8374645833334,6.29648470338725
19.8377979166667,6.296224286707
19.8381312500001,6.30273470371321
19.8384645833334,6.30677116225706
19.8387979166668,6.30703157893731
19.8391312500001,6.30664095391694
19.8394645833334,6.30143262031197
19.8397979166668,6.31184928752191
19.8401312500001,6.31536491270526
19.8404645833334,6.31510449602501
19.8407979166668,6.30507845383545
19.8411312500001,6.29830762014899
19.8414645833334,6.30455762047495
19.8417979166668,6.30572949553607
19.8421312500001,6.30703157893731
19.8424645833334,6.30260449537309
19.8427979166668,6.3048180371552
19.8431312500001,6.30520866217557
19.8434645833334,6.30520866217557
19.8437979166668,6.29843782848911
19.8441312500001,6.29830762014899
19.8444645833334,6.29947949521011
19.8447979166668,6.29934928686998
19.8451312500001,6.29596387002675
19.8454645833334,6.29023470306129
19.8457979166668,6.29362011990452
19.8461312500001,6.29908887018974
19.8464645833334,6.30117220363172
19.8467979166668,6.29283886986377
19.8471312500001,6.28997428638104
19.8474645833334,6.29570345334651
19.8477979166668,6.30742220395769
19.8481312500001,6.31002637076017
19.8484645833334,6.30494824549533
19.8487979166668,6.30716178727744
19.8491312500001,6.30742220395769
19.8494645833334,6.3091149123793
19.8497979166668,6.29804720346874
19.8501312500001,6.29309928654402
19.8504645833334,6.29544303666626
19.8507979166668,6.29987012023048
19.8511312500001,6.29830762014899
19.8514645833334,6.29752637010824
19.8517979166668,6.30377637043421
19.8521312500001,6.31184928752191
19.8524645833334,6.30703157893731
19.8527979166668,6.29713574508787
19.8531312500001,6.2881513696193
19.8534645833334,6.29648470338725
19.8537979166668,6.30390657877433
19.8541312500001,6.30690137059719
19.8544645833334,6.29895866184961
19.8547979166668,6.29934928686998
19.8551312500001,6.30208366201259
19.8554645833334,6.30833366233856
19.8557979166668,6.30208366201259
19.8561312500001,6.30794303731818
19.8564645833334,6.30755241229781
19.8567979166668,6.31093782914104
19.8571312500001,6.29739616176812
19.8574645833334,6.28502636945632
19.8577979166668,6.28242220265383
19.8581312500001,6.29257845318352
19.8584645833334,6.29934928686998
19.8587979166668,6.29205761982303
19.8591312500001,6.28203157763346
19.8594645833334,6.28632845285756
19.8597979166668,6.29557324500638
19.8601312500001,6.30000032857061
19.8604645833334,6.29557324500638
19.8607979166668,6.29557324500638
19.8611312500001,6.29583366168663
19.8614645833334,6.29414095326502
19.8617979166668,6.29062532808166
19.8621312500001,6.28776074459893
19.8624645833334,6.29283886986377
19.8627979166668,6.29856803682924
19.8631312500001,6.30546907885582
19.8634645833334,6.29987012023048
19.8637979166668,6.29309928654402
19.8641312500001,6.29309928654402
19.8644645833334,6.29661491172738
19.8647979166668,6.29765657844837
19.8651312500001,6.2924482448434
19.8654645833335,6.29023470306129
19.8657979166668,6.29791699512862
19.8661312500001,6.30247428703297
19.8664645833335,6.29934928686998
19.8667979166668,6.28997428638104
19.8671312500001,6.28789095293905
19.8674645833335,6.29427116160514
19.8677979166668,6.29804720346874
19.8681312500001,6.30117220363172
19.8684645833335,6.29973991189036
19.8687979166668,6.30130241197185
19.8691312500001,6.30455762047495
19.8694645833335,6.30677116225706
19.8697979166668,6.30794303731818
19.8701312500001,6.29739616176812
19.8704645833335,6.29505241164588
19.8707979166668,6.29388053658477
19.8711312500001,6.29270866152365
19.8714645833335,6.28750032791868
19.8717979166668,6.28177116095321
19.8721312500001,6.2833336610347
19.8724645833335,6.28567741115694
19.8727979166668,6.28372428605508
19.8731312500001,6.28776074459893
19.8734645833335,6.2886722029798
19.8737979166668,6.29153678646253
19.8741312500001,6.29062532808166
19.8744645833335,6.30013053691073
19.8747979166668,6.30807324565831
19.8751312500001,6.3048180371552
19.8754645833335,6.29153678646253
19.8757979166668,6.2833336610347
19.8761312500001,6.28684928621806
19.8764645833335,6.29140657812241
19.8767979166668,6.29205761982303
19.8771312500001,6.28958366136067
19.8774645833335,6.2876305362588
19.8777979166668,6.28880241131992
19.8781312500001,6.29362011990452
19.8784645833335,6.29166699480265
19.8787979166668,6.28802116127918
19.8791312500001,6.2848961611162
19.8794645833335,6.29088574476191
19.8797979166668,6.29557324500638
19.8801312500001,6.29062532808166
19.8804645833335,6.28229199431371
19.8807979166668,6.28020866087172
19.8811312500001,6.28541699447669
19.8814645833335,6.29908887018974
19.8817979166668,6.30572949553607
19.8821312500001,6.30559928719595
19.8824645833335,6.29934928686998
19.8827979166668,6.29895866184961
19.8831312500001,6.29960970355023
19.8834645833335,6.30091178695147
19.8837979166668,6.29843782848911
19.8841312500001,6.29335970322427
19.8844645833335,6.28841178629955
19.8847979166668,6.29036491140141
19.8851312500001,6.29648470338725
19.8854645833335,6.29817741180887
19.8857979166668,6.29114616144216
19.8861312500001,6.28789095293905
19.8864645833335,6.28932324468042
19.8867979166668,6.29492220330576
19.8871312500001,6.29492220330576
19.8874645833335,6.28776074459893
19.8877979166668,6.28294303601433
19.8881312500001,6.2833336610347
19.8884645833335,6.28710970289831
19.8887979166668,6.29322949488415
19.8891312500001,6.29713574508787
19.8894645833335,6.29921907852986
19.8897979166668,6.28971386970079
19.8901312500001,6.28046907755197
19.8904645833335,6.28606803617731
19.8907979166668,6.30091178695147
19.8911312500001,6.30937532905955
19.8914645833335,6.3010419952916
19.8917979166668,6.29049511974154
19.8921312500002,6.28919303634029
19.8924645833335,6.29960970355023
19.8927979166668,6.3048180371552
19.8931312500002,6.30260449537309
19.8934645833335,6.29947949521011
19.8937979166668,6.30208366201259
19.8941312500002,6.31210970420216
19.8944645833335,6.31406282930402
19.8947979166668,6.30794303731818
19.8951312500002,6.30716178727744
19.8954645833335,6.31093782914104
19.8957979166668,6.31458366266452
19.8961312500002,6.31080762080092
19.8964645833335,6.30208366201259
19.8967979166668,6.30078157861135
19.8971312500002,6.30390657877433
19.8974645833335,6.30703157893731
19.8977979166668,6.30937532905955
19.8981312500002,6.30403678711446
19.8984645833335,6.30234407869284
19.8987979166668,6.2967451200675
19.8991312500002,6.29062532808166
19.8994645833335,6.29101595310203
19.8997979166668,6.29531282832613
19.9001312500002,6.30195345367247
19.9004645833335,6.29544303666626
19.9007979166668,6.29466178662551
19.9011312500002,6.29869824516936
19.9014645833335,6.30612012055644
19.9017979166668,6.30572949553607
19.9021312500002,6.3010419952916
19.9024645833335,6.3010419952916
19.9027979166668,6.30091178695147
19.9031312500002,6.30299512039346
19.9034645833335,6.30247428703297
19.9037979166668,6.30546907885582
19.9041312500002,6.30781282897806
19.9044645833335,6.30598991221632
19.9047979166668,6.29843782848911
19.9051312500002,6.2843753277557
19.9054645833335,6.28255241099396
19.9057979166668,6.2929690782039
19.9061312500002,6.3058597038762
19.9064645833335,6.3096357457398
19.9067979166668,6.30182324533234
19.9071312500002,6.30143262031197
19.9074645833335,6.30390657877433
19.9077979166668,6.31080762080092
19.9081312500002,6.30690137059719
19.9084645833335,6.29856803682924
19.9087979166668,6.28945345302054
19.9091312500002,6.29492220330576
19.9094645833335,6.30169303699222
19.9097979166668,6.30559928719595
19.9101312500002,6.30351595375396
19.9104645833335,6.30638053723669
19.9107979166668,6.30846387067868
19.9111312500002,6.31184928752191
19.9114645833335,6.3096357457398
19.9117979166668,6.31575553772564
19.9121312500002,6.31484407934477
19.9124645833335,6.31484407934477
19.9127979166668,6.31380241262377
19.9131312500002,6.31705762112688
19.9134645833335,6.318229496188
19.9137979166668,6.30768262063793
19.9141312500002,6.3010419952916
19.9144645833335,6.30429720379471
19.9147979166668,6.31862012120837
19.9151312500002,6.3225263714121
19.9154645833335,6.31406282930402
19.9157979166668,6.31237012088241
19.9161312500002,6.31549512104539
19.9164645833335,6.32395866315346
19.9167979166668,6.31471387100464
19.9171312500002,6.3058597038762
19.9174645833335,6.30338574541383
19.9177979166668,6.30755241229781
19.9181312500002,6.3085940790188
19.9184645833335,6.30416699545458
19.9187979166669,6.30208366201259
19.9191312500002,6.30820345399843
19.9194645833335,6.31731803780713
19.9197979166668,6.3225263714121
19.9201312500002,6.32291699643247
19.9204645833335,6.32174512137135
19.9207979166669,6.32226595473185
19.9211312500002,6.32382845481334
19.9214645833335,6.32304720477259
19.9217979166669,6.31940137124912
19.9221312500002,6.32122428801085
19.9224645833335,6.32513053821458
19.9227979166669,6.32968783011893
19.9231312500002,6.3268232466362
19.9234645833335,6.32343782979297
19.9237979166669,6.31679720444663
19.9241312500002,6.31640657942626
19.9244645833335,6.31145866250154
19.9247979166669,6.31158887084166
19.9251312500002,6.30807324565831
19.9254645833335,6.31237012088241
19.9257979166669,6.32500032987446
19.9261312500002,6.33020866347943
19.9264645833335,6.33307324696216
19.9267979166669,6.32526074655471
19.9271312500002,6.32343782979297
19.9274645833335,6.3225263714121
19.9277979166669,6.32109407967073
19.9281312500002,6.31458366266452
19.9284645833335,6.31067741246079
19.9287979166669,6.31458366266452
19.9291312500002,6.32083366299048
19.9294645833335,6.31927116290899
19.9297979166669,6.31940137124912
19.9301312500002,6.32226595473185
19.9304645833335,6.32903678841831
19.9307979166669,6.32526074655471
19.9311312500002,6.33190137190104
19.9314645833335,6.33294303862203
19.9317979166669,6.33281283028191
19.9321312500002,6.32044303797011
19.9324645833335,6.31328157926328
19.9327979166669,6.31601595440589
19.9331312500002,6.31953157958924
19.9334645833335,6.32135449635098
19.9337979166669,6.31419303764415
19.9341312500002,6.3134117876034
19.9344645833335,6.31979199626949
19.9347979166669,6.32343782979297
19.9351312500002,6.31927116290899
19.9354645833335,6.31080762080092
19.9357979166669,6.31549512104539
19.9361312500002,6.32434928817384
19.9364645833335,6.32877637173806
19.9367979166669,6.32565137157508
19.9371312500002,6.32239616307197
19.9374645833335,6.32343782979297
19.9377979166669,6.32539095489483
19.9381312500002,6.31888053788862
19.9384645833335,6.31406282930402
19.9387979166669,6.30572949553607
19.9391312500002,6.30950553739967
19.9394645833335,6.31406282930402
19.9397979166669,6.32018262128986
19.9401312500002,6.32018262128986
19.9404645833335,6.31875032954849
19.9407979166669,6.32903678841831
19.9411312500002,6.33580762210477
19.9414645833335,6.33203158024116
19.9417979166669,6.32213574639172
19.9421312500002,6.31562532938551
19.9424645833335,6.31679720444663
19.9427979166669,6.32109407967073
19.9431312500002,6.32916699675843
19.9434645833335,6.33203158024116
19.9437979166669,6.32695345497632
19.94413125,6.32226595473185
19.9444645833333,6.33072949683992
19.9447979166667,6.33958366396837
19.94513125,6.34231803911098
19.9454645833333,6.33085970518005
19.9457979166667,6.32643262161582
19.94613125,6.33085970518005
19.9464645833333,6.33880241392763
19.9467979166667,6.33190137190104
19.94713125,6.31302116258303
19.9474645833333,6.30768262063793
19.9477979166667,6.317187829467
19.94813125,6.33307324696216
19.9484645833333,6.33619824712514
19.9487979166667,6.32539095489483
19.94913125,6.31757845448738
19.9494645833333,6.31757845448738
19.9497979166667,6.32825553837756
19.95013125,6.3305992884998
19.9504645833333,6.32721387165657
19.9507979166667,6.32382845481334
19.95113125,6.32903678841831
19.9514645833333,6.33216178858129
19.9517979166667,6.33033887181955
19.95213125,6.32708366331644
19.9524645833333,6.33020866347943
19.9527979166667,6.33723991384613
19.95313125,6.34140658073011
19.9534645833333,6.34101595570974
19.9537979166667,6.33333366364241
19.95413125,6.32916699675843
19.9544645833334,6.32838574671769
19.9547979166667,6.33802116388688
19.95513125,6.34075553902949
19.9554645833333,6.33893262226775
19.9557979166667,6.33333366364241
19.95613125,6.32656282995595
19.9564645833334,6.32057324631023
19.9567979166667,6.31614616274601
19.95713125,6.31145866250154
19.9574645833334,6.30625032889657
19.9577979166667,6.30286491205334
19.95813125,6.31445345432439
19.9584645833334,6.32278678809235
19.9587979166667,6.32526074655471
19.95913125,6.32187532971148
19.9594645833334,6.32421907983371
19.9597979166667,6.32513053821458
19.96013125,6.31575553772564
19.9604645833334,6.31002637076017
19.9607979166667,6.3128909542429
19.96113125,6.31354199594353
19.9614645833334,6.31054720412067
19.9617979166667,6.30703157893731
19.96213125,6.31471387100464
19.9624645833334,6.31796907950775
19.9627979166667,6.31653678776638
19.96313125,6.31835970452812
19.9634645833334,6.32317741311272
19.9637979166667,6.3225263714121
19.96413125,6.31927116290899
19.9644645833334,6.32122428801085
19.9647979166667,6.33346387198253
19.96513125,6.33750033052638
19.9654645833334,6.33033887181955
19.9657979166667,6.31666699610651
19.96613125,6.31406282930402
19.9664645833334,6.31757845448738
19.9667979166667,6.32382845481334
19.96713125,6.32083366299048
19.9674645833334,6.31848991286824
19.9677979166667,6.31966178792936
19.96813125,6.32460970485408
19.9684645833334,6.32734407999669
19.9687979166667,6.31627637108613
19.96913125,6.3096357457398
19.9694645833334,6.30950553739967
19.9697979166667,6.32330762145284
19.97013125,6.33033887181955
19.9704645833334,6.32408887149359
19.9707979166667,6.31315137092315
19.97113125,6.30807324565831
19.9714645833334,6.31367220428365
19.9717979166667,6.32083366299048
19.97213125,6.32044303797011
19.9724645833334,6.31875032954849
19.9727979166667,6.317187829467
19.97313125,6.32460970485408
19.9734645833334,6.33151074688067
19.9737979166667,6.33307324696216
19.97413125,6.32187532971148
19.9744645833334,6.31497428768489
19.9747979166667,6.31731803780713
19.97513125,6.32721387165657
19.9754645833334,6.32812533003744
19.9757979166667,6.31731803780713
19.97613125,6.31549512104539
19.9764645833334,6.31940137124912
19.9767979166667,6.33164095522079
19.97713125,6.32994824679918
19.9774645833334,6.32421907983371
19.9777979166667,6.31757845448738
19.97813125,6.31210970420216
19.9784645833334,6.3101565791003
19.9787979166667,6.30572949553607
19.97913125,6.30364616209408
19.9794645833334,6.30612012055644
19.9797979166667,6.3128909542429
19.98013125,6.32369824647321
19.9804645833334,6.32669303829607
19.9807979166667,6.32135449635098
19.9811312500001,6.31471387100464
19.9814645833334,6.31171907918179
19.9817979166667,6.31575553772564
19.98213125,6.3177086628275
19.9824645833334,6.32122428801085
19.9827979166667,6.32109407967073
19.9831312500001,6.31888053788862
19.9834645833334,6.31367220428365
19.9837979166667,6.30937532905955
19.9841312500001,6.30312532873359
19.9844645833334,6.30403678711446
19.9847979166667,6.31445345432439
19.9851312500001,6.32695345497632
19.9854645833334,6.32825553837756
19.9857979166667,6.31614616274601
19.9861312500001,6.30494824549533
19.9864645833334,6.30846387067868
19.9867979166667,6.31328157926328
19.9871312500001,6.31510449602501
19.9874645833334,6.30312532873359
19.9877979166667,6.29114616144216
19.9881312500001,6.2886722029798
19.9884645833334,6.29127636978228
19.9887979166667,6.29362011990452
19.9891312500001,6.29791699512862
19.9894645833334,6.30091178695147
19.9897979166667,6.30169303699222
19.9901312500001,6.30039095359098
19.9904645833334,6.30351595375396
19.9907979166667,6.31002637076017
19.9911312500001,6.30807324565831
19.9914645833334,6.29570345334651
19.9917979166667,6.29440136994526
19.9921312500001,6.29752637010824
19.9924645833334,6.30208366201259
19.9927979166667,6.29869824516936
19.9931312500001,6.29987012023048
19.9934645833334,6.3053388705157
19.9937979166667,6.30820345399843
19.9941312500001,6.29713574508787
19.9944645833334,6.29322949488415
19.9947979166667,6.29231803650328
19.9951312500001,6.29869824516936
19.9954645833334,6.29388053658477
19.9957979166667,6.29388053658477
19.9961312500001,6.29817741180887
19.9964645833334,6.30716178727744
19.9967979166667,6.30768262063793
19.9971312500001,6.30377637043421
19.9974645833334,6.29778678678849
19.9977979166667,6.29505241164588
19.9981312500001,6.29505241164588
19.9984645833334,6.29609407836688
19.9987979166667,6.29843782848911
19.9991312500001,6.29882845350949
19.9994645833334,6.30221387035272
19.9997979166667,6.30117220363172
20.0001312500001,6.30091178695147
20.0004645833334,6.29179720314278
20.0007979166667,6.29153678646253
20.0011312500001,6.29505241164588
20.0014645833334,6.29739616176812
20.0017979166667,6.29101595310203
20.0021312500001,6.28984407804091
20.0024645833334,6.29427116160514
20.0027979166667,6.29843782848911
20.0031312500001,6.29153678646253
20.0034645833334,6.29283886986377
20.0037979166667,6.29609407836688
20.0041312500001,6.29921907852986
20.0044645833334,6.29700553674775
20.0047979166667,6.29427116160514
20.0051312500001,6.29791699512862
20.0054645833334,6.29791699512862
20.0057979166667,6.29934928686998
20.0061312500001,6.29778678678849
20.0064645833334,6.29049511974154
20.0067979166668,6.28919303634029
20.0071312500001,6.28958366136067
20.0074645833334,6.29687532840762
20.0077979166667,6.29427116160514
20.0081312500001,6.28567741115694
20.0084645833334,6.2876305362588
20.0087979166668,6.29440136994526
20.0091312500001,6.29687532840762
20.0094645833334,6.29127636978228
20.0097979166667,6.28463574443595
20.0101312500001,6.2848961611162
20.0104645833334,6.28802116127918
20.0107979166668,6.29231803650328
20.0111312500001,6.29440136994526
20.0114645833334,6.28697949455818
20.0117979166668,6.28359407771495
20.0121312500001,6.28281282767421
20.0124645833334,6.28750032791868
20.0127979166668,6.28593782783719
20.0131312500001,6.27942741083098
20.0134645833334,6.27421907722601
20.0137979166668,6.2714847020834
20.0141312500001,6.27460970224638
20.0144645833334,6.28424511941557
20.0147979166668,6.28997428638104
20.0151312500001,6.28880241131992
20.0154645833334,6.2800784525316
20.0157979166668,6.28177116095321
20.0161312500001,6.28971386970079
20.0164645833334,6.29609407836688
20.0167979166668,6.29075553642179
20.0171312500001,6.29309928654402
20.0174645833334,6.29583366168663
20.0177979166668,6.30065137027123
20.0181312500001,6.28945345302054
20.0184645833334,6.28151074427297
20.0187979166668,6.28854199463967
20.0191312500001,6.30364616209408
20.0194645833334,6.31210970420216
20.0197979166668,6.30130241197185
20.0201312500001,6.28997428638104
20.0204645833334,6.28789095293905
20.0207979166668,6.29700553674775
20.0211312500001,6.29778678678849
20.0214645833334,6.29166699480265
20.0217979166668,6.28502636945632
20.0221312500001,6.28281282767421
20.0224645833334,6.28541699447669
20.0227979166668,6.28567741115694
20.0231312500001,6.29635449504713
20.0234645833334,6.30455762047495
20.0237979166668,6.30390657877433
20.0241312500001,6.29479199496564
20.0244645833334,6.28320345269458
20.0247979166668,6.27916699415073
20.0251312500001,6.27708366070874
20.0254645833334,6.27552116062725
20.0257979166668,6.27695345236862
20.0261312500001,6.27877636913036
20.0264645833334,6.28085970257234
20.0267979166668,6.28528678613657
20.0271312500001,6.28632845285756
20.0274645833334,6.28294303601433
20.0277979166668,6.27487011892663
20.0281312500001,6.27500032726675
20.0284645833334,6.2843753277557
20.0287979166668,6.29049511974154
20.0291312500001,6.28372428605508
20.0294645833334,6.27786491074949
20.0297979166668,6.28346386937483
20.0301312500001,6.29140657812241
20.0304645833334,6.29088574476191
20.0307979166668,6.2795576191711
20.0311312500001,6.27031282702228
20.0314645833334,6.27447949390626
20.0317979166668,6.28476595277607
20.0321312500001,6.28971386970079
20.0324645833334,6.28229199431371
20.0327979166668,6.27330761884514
20.0331312500001,6.27864616079023
20.0334645833335,6.28619824451744
20.0337979166668,6.2838544943952
20.0341312500001,6.2795576191711
20.0344645833334,6.27916699415073
20.0347979166668,6.28255241099396
20.0351312500001,6.28085970257234
20.0354645833334,6.28281282767421
20.0357979166668,6.29088574476191
20.0361312500001,6.29140657812241
20.0364645833334,6.28684928621806
20.0367979166668,6.27929720249085
20.0371312500001,6.27890657747048
20.0374645833335,6.28580761949706
20.0377979166668,6.2929690782039
20.0381312500001,6.29544303666626
20.0384645833335,6.28177116095321
20.0387979166668,6.27552116062725
20.0391312500001,6.27929720249085
20.0394645833335,6.28606803617731
20.0397979166668,6.28151074427297
20.0401312500001,6.27408886888588
20.0404645833335,6.27864616079023
20.0407979166668,6.2833336610347
20.0411312500001,6.28710970289831
20.0414645833335,6.28242220265383
20.0417979166668,6.28307324435446
20.0421312500001,6.2848961611162
20.0424645833335,6.28567741115694
20.0427979166668,6.29205761982303
20.0431312500001,6.29231803650328
20.0434645833335,6.29101595310203
20.0437979166668,6.28515657779644
20.0441312500001,6.28151074427297
20.0444645833335,6.28046907755197
20.0447979166668,6.27838574410998
20.0451312500001,6.28346386937483
20.0454645833335,6.28776074459893
20.0457979166668,6.28958366136067
20.0461312500001,6.28528678613657
20.0464645833335,6.28658886953781
20.0467979166668,6.28307324435446
20.0471312500001,6.27877636913036
20.0474645833335,6.27187532710377
20.0477979166668,6.28072949423222
20.0481312500001,6.29101595310203
20.0484645833335,6.29544303666626
20.0487979166668,6.28645866119769
20.0491312500001,6.28723991123843
20.0494645833335,6.29544303666626
20.0497979166668,6.30572949553607
20.0501312500001,6.29739616176812
20.0504645833335,6.28567741115694
20.0507979166668,6.27929720249085
20.0511312500001,6.2848961611162
20.0514645833335,6.29075553642179
20.0517979166668,6.29257845318352
20.0521312500001,6.29101595310203
20.0524645833335,6.28580761949706
20.0527979166668,6.28476595277607
20.0531312500001,6.28320345269458
20.0534645833335,6.28515657779644
20.0537979166668,6.28164095261309
20.0541312500001,6.28606803617731
20.0544645833335,6.29505241164588
20.0547979166668,6.29843782848911
20.0551312500001,6.297265953428
20.0554645833335,6.29114616144216
20.0557979166668,6.29661491172738
20.0561312500001,6.30091178695147
20.0564645833335,6.30026074525085
20.0567979166668,6.29114616144216
20.0571312500001,6.28984407804091
20.0574645833335,6.29401074492489
20.0577979166668,6.29934928686998
20.0581312500001,6.2929690782039
20.0584645833335,6.28307324435446
20.0587979166668,6.28671907787793
20.0591312500001,6.29257845318352
20.0594645833335,6.297265953428
20.0597979166668,6.2876305362588
20.0601312500001,6.28515657779644
20.0604645833335,6.28971386970079
20.0607979166668,6.30143262031197
20.0611312500001,6.30429720379471
20.0614645833335,6.29687532840762
20.0617979166668,6.28932324468042
20.0621312500001,6.28971386970079
20.0624645833335,6.29414095326502
20.0627979166668,6.29348991156439
20.0631312500001,6.28828157795943
20.0634645833335,6.28671907787793
20.0637979166668,6.28619824451744
20.0641312500001,6.28997428638104
20.0644645833335,6.29088574476191
20.0647979166668,6.29335970322427
20.0651312500002,6.28841178629955
20.0654645833335,6.29075553642179
20.0657979166668,6.29427116160514
20.0661312500002,6.29882845350949
20.0664645833335,6.29804720346874
20.0667979166668,6.29661491172738
20.0671312500002,6.29309928654402
20.0674645833335,6.29075553642179
20.0677979166668,6.28737011957856
20.0681312500002,6.29544303666626
20.0684645833335,6.29921907852986
20.0687979166668,6.3010419952916
20.0691312500002,6.28997428638104
20.0694645833335,6.28632845285756
20.0697979166668,6.29479199496564
20.0701312500002,6.30651074557682
20.0704645833335,6.31171907918179
20.0707979166668,6.29934928686998
20.0711312500002,6.28932324468042
20.0714645833335,6.28372428605508
20.0717979166668,6.29335970322427
20.0721312500002,6.297265953428
20.0724645833335,6.29401074492489
20.0727979166668,6.28515657779644
20.0731312500002,6.2924482448434
20.0734645833335,6.30429720379471
20.0737979166668,6.31158887084166
20.0741312500002,6.30195345367247
20.0744645833335,6.30703157893731
20.0747979166668,6.31184928752191
20.0751312500002,6.31184928752191
20.0754645833335,6.30351595375396
20.0757979166668,6.30130241197185
20.0761312500002,6.30872428735893
20.0764645833335,6.30768262063793
20.0767979166668,6.30039095359098
20.0771312500002,6.30598991221632
20.0774645833335,6.31132845416141
20.0777979166668,6.317187829467
20.0781312500002,6.30664095391694
20.0784645833335,6.29609407836688
20.0787979166668,6.28893261966005
20.0791312500002,6.29453157828539
20.0794645833335,6.29765657844837
20.0797979166668,6.30013053691073
20.0801312500002,6.29609407836688
20.0804645833335,6.29609407836688
20.0807979166668,6.30000032857061
20.0811312500002,6.30598991221632
20.0814645833335,6.31679720444663
20.0817979166668,6.31979199626949
20.0821312500002,6.31250032922253
20.0824645833335,6.30442741213483
20.0827979166668,6.30325553707371
20.0831312500002,6.30820345399843
20.0834645833335,6.3101565791003
20.0837979166668,6.30429720379471
20.0841312500002,6.30429720379471
20.0844645833335,6.30338574541383
20.0847979166668,6.30872428735893
20.0851312500002,6.30612012055644
20.0854645833335,6.30351595375396
20.0857979166668,6.30598991221632
20.0861312500002,6.30846387067868
20.0864645833335,6.30716178727744
20.0867979166668,6.30520866217557
20.0871312500002,6.30924512071942
20.0874645833335,6.31862012120837
20.0877979166668,6.31640657942626
20.0881312500002,6.3096357457398
20.0884645833335,6.3058597038762
20.0887979166668,6.30781282897806
20.0891312500002,6.31184928752191
20.0894645833335,6.30755241229781
20.0897979166669,6.30455762047495
20.0901312500002,6.30494824549533
20.0904645833335,6.31119824582129
20.0907979166668,6.3134117876034
20.0911312500002,6.31132845416141
20.0914645833335,6.31067741246079
20.0917979166669,6.31380241262377
20.0921312500002,6.31197949586203
20.0924645833335,6.30651074557682
20.0927979166668,6.30729199561756
20.0931312500002,6.31250032922253
20.0934645833335,6.31614616274601
20.0937979166669,6.31237012088241
20.0941312500002,6.31315137092315
20.0944645833335,6.32408887149359
20.0947979166669,6.33229199692141
20.0951312500002,6.32981803845905
20.0954645833335,6.31653678776638
20.0957979166669,6.31197949586203
20.0961312500002,6.31510449602501
20.0964645833335,6.3214847046911
20.0967979166669,6.31875032954849
20.0971312500002,6.31536491270526
20.0974645833335,6.31862012120837
20.0977979166669,6.32552116323495
20.0981312500002,6.33216178858129
20.0984645833335,6.32473991319421
20.0987979166669,6.32369824647321
20.0991312500002,6.32317741311272
20.0994645833335,6.32838574671769
20.0997979166669,6.32447949651396
20.1001312500002,6.3263024132757
20.1004645833335,6.32877637173806
20.1007979166669,6.32539095489483
20.1011312500002,6.31888053788862
20.1014645833335,6.32174512137135
20.1017979166669,6.33203158024116
20.1021312500002,6.34179720575048
20.1024645833335,6.33216178858129
20.1027979166669,6.33072949683992
20.1031312500002,6.32838574671769
20.1034645833335,6.33541699708439
20.1037979166669,6.3343753303634
20.1041312500002,6.33294303862203
20.1044645833335,6.33164095522079
20.1047979166669,6.33255241360166
20.1051312500002,6.32500032987446
20.1054645833335,6.32356803813309
20.1057979166669,6.32291699643247
20.1061312500002,6.32877637173806
20.1064645833335,6.33033887181955
20.1067979166669,6.33177116356092
20.1071312500002,6.32812533003744
20.1074645833335,6.32786491335719
20.1077979166669,6.32734407999669
20.1081312500002,6.33450553870353
20.1084645833335,6.34010449732887
20.1087979166669,6.33684928882576
20.1091312500002,6.3343753303634
20.1094645833335,6.32708366331644
20.1097979166669,6.32942741343868
20.1101312500002,6.33268262194179
20.1104645833335,6.33906283060787
20.1107979166669,6.33723991384613
20.1111312500002,6.33398470534303
20.1114645833335,6.32981803845905
20.1117979166669,6.33580762210477
20.1121312500002,6.338151372227
20.1124645833335,6.33893262226775
20.1127979166669,6.33242220526154
20.1131312500002,6.33359408032266
20.1134645833335,6.33984408064862
20.1137979166669,6.34830762275669
20.1141312500002,6.34583366429433
20.1144645833335,6.34075553902949
20.1147979166667,6.33945345562825
20.11513125,6.34401074753259
20.1154645833333,6.34479199757334
20.1157979166667,6.33710970550601
20.11613125,6.33424512202328
20.1164645833333,6.34257845579123
20.1167979166667,6.34882845611719
20.11713125,6.34362012251222
20.1174645833333,6.33671908048564
20.1177979166667,6.3386722055875
20.11813125,6.34335970583197
20.1184645833333,6.33958366396837
20.1187979166667,6.33372428866278
20.11913125,6.33359408032266
20.1194645833333,6.33593783044489
20.1197979166667,6.3429690808116
20.12013125,6.34153678907023
20.1204645833333,6.34466178923322
20.1207979166667,6.34518262259371
20.12113125,6.34973991449806
20.1214645833333,6.34596387263446
20.1217979166667,6.34114616404986
20.12213125,6.34414095587272
20.1224645833333,6.34843783109682
20.1227979166667,6.34570345595421
20.12313125,6.3386722055875
20.1234645833333,6.34036491400912
20.1237979166667,6.35052116453881
20.12413125,6.35026074785856
20.1244645833333,6.33932324728812
20.1247979166667,6.33515658040415
20.12513125,6.34192741409061
20.1254645833334,6.34973991449806
20.1257979166667,6.34596387263446
20.12613125,6.33606803878502
20.1264645833333,6.33854199724738
20.1267979166667,6.34713574769557
20.12713125,6.35468783142278
20.1274645833334,6.34687533101533
20.1277979166667,6.34062533068936
20.12813125,6.34765658105607
20.1284645833333,6.35872428996663
20.1287979166667,6.36497429029259
20.12913125,6.35690137320489
20.1294645833334,6.35703158154502
20.1297979166667,6.35651074818452
20.13013125,6.35742220656539
20.1304645833334,6.35598991482402
20.1307979166667,6.3510419978993
20.13113125,6.3548180397629
20.1314645833334,6.36093783174874
20.1317979166667,6.36197949846974
20.13213125,6.35338574802154
20.1324645833334,6.34414095587272
20.1327979166667,6.35065137287893
20.13313125,6.3639326235716
20.1334645833334,6.36601595701359
20.1337979166667,6.36145866510924
20.13413125,6.35572949814377
20.1344645833334,6.35598991482402
20.1347979166667,6.35781283158576
20.13513125,6.35013053951843
20.1354645833334,6.34375033085234
20.1357979166667,6.34153678907023
20.13613125,6.3467451226752
20.1364645833334,6.35091178955918
20.1367979166667,6.3515628312598
20.13713125,6.35572949814377
20.1374645833334,6.36132845676912
20.1377979166667,6.35794303992589
20.13813125,6.35390658138204
20.1384645833334,6.35507845644315
20.1387979166667,6.36080762340862
20.13913125,6.35976595668763
20.1394645833334,6.34765658105607
20.1397979166667,6.34388053919247
20.14013125,6.34934928947769
20.1404645833334,6.36028679004812
20.1407979166667,6.36132845676912
20.14113125,6.35572949814377
20.1414645833334,6.34765658105607
20.1417979166667,6.34817741441657
20.14213125,6.34453158089309
20.1424645833334,6.34882845611719
20.1427979166667,6.34661491433508
20.14313125,6.35390658138204
20.1434645833334,6.3520836646203
20.1437979166667,6.35546908146353
20.14413125,6.35520866478328
20.1444645833334,6.35052116453881
20.1447979166667,6.34882845611719
20.14513125,6.34987012283818
20.1454645833334,6.35403678972216
20.1457979166667,6.35664095652464
20.14613125,6.35377637304191
20.1464645833334,6.35507845644315
20.1467979166667,6.35000033117831
20.14713125,6.34843783109682
20.1474645833334,6.34882845611719
20.1477979166667,6.34739616437582
20.14813125,6.35026074785856
20.1484645833334,6.34609408097458
20.1487979166667,6.34804720607645
20.14913125,6.34635449765483
20.1494645833334,6.34648470599495
20.1497979166667,6.3510419978993
20.15013125,6.3515628312598
20.1504645833334,6.35000033117831
20.1507979166667,6.34453158089309
20.15113125,6.33854199724738
20.1514645833334,6.33515658040415
20.1517979166667,6.33502637206402
20.1521312500001,6.34309928915172
20.1524645833334,6.34713574769557
20.1527979166667,6.34739616437582
20.1531312500001,6.34166699741036
20.1534645833334,6.34218783077086
20.1537979166667,6.34101595570974
20.1541312500001,6.33958366396837
20.1544645833334,6.34075553902949
20.1547979166667,6.34270866413135
20.15513125,6.34687533101533
20.1554645833334,6.34739616437582
20.1557979166667,6.34453158089309
20.1561312500001,6.34609408097458
20.1564645833334,6.34557324761409
20.1567979166667,6.34492220591346
20.1571312500001,6.34023470566899
20.1574645833334,6.34231803911098
20.1577979166667,6.34817741441657
20.1581312500001,6.35000033117831
20.1584645833334,6.34322949749185
20.1587979166667,6.3348961637239
20.1591312500001,6.33984408064862
20.1594645833334,6.35000033117831
20.1597979166667,6.35286491466104
20.1601312500001,6.34817741441657
20.1604645833334,6.34075553902949
20.1607979166667,6.34036491400912
20.1611312500001,6.34375033085234
20.1614645833334,6.34205762243073
20.1617979166667,6.33658887214551
20.1621312500001,6.33307324696216
20.1624645833334,6.33255241360166
20.1627979166667,6.34127637238998
20.1631312500001,6.33684928882576
20.1634645833334,6.32773470501707
20.1637979166667,6.32278678809235
20.1641312500001,6.32434928817384
20.1644645833334,6.33372428866278
20.1647979166667,6.33307324696216
20.1651312500001,6.33671908048564
20.1654645833334,6.34856803943694
20.1657979166667,6.35833366494626
20.1661312500001,6.3563805398444
20.1664645833334,6.34596387263446
20.1667979166667,6.34401074753259
20.1671312500001,6.34479199757334
20.1674645833334,6.3434899141721
20.1677979166667,6.33281283028191
20.1681312500001,6.33333366364241
20.1684645833334,6.33424512202328
20.1687979166667,6.33906283060787
20.1691312500001,6.33411491368315
20.1694645833334,6.33502637206402
20.1697979166667,6.33554720542452
20.1701312500001,6.33723991384613
20.1704645833334,6.33229199692141
20.1707979166667,6.33098991352017
20.1711312500001,6.32760449667694
20.1714645833334,6.32760449667694
20.1717979166667,6.32864616339794
20.1721312500001,6.33125033020042
20.1724645833334,6.33281283028191
20.1727979166667,6.33164095522079
20.1731312500001,6.33333366364241
20.1734645833334,6.33359408032266
20.1737979166667,6.32695345497632
20.1741312500001,6.31796907950775
20.1744645833334,6.32187532971148
20.1747979166667,6.32604199659545
20.1751312500001,6.32487012153433
20.1754645833334,6.31966178792936
20.1757979166667,6.32343782979297
20.1761312500001,6.32903678841831
20.1764645833334,6.33151074688067
20.1767979166667,6.32487012153433
20.1771312500001,6.32018262128986
20.1774645833334,6.31953157958924
20.1777979166667,6.32343782979297
20.1781312500001,6.33125033020042
20.1784645833334,6.32903678841831
20.1787979166667,6.32174512137135
20.1791312500001,6.3220055380516
20.1794645833334,6.31914095456887
20.1797979166668,6.31862012120837
20.1801312500001,6.31184928752191
20.1804645833334,6.31458366266452
20.1807979166667,6.31731803780713
20.1811312500001,6.31497428768489
20.1814645833334,6.3177086628275
20.1817979166667,6.32669303829607
20.1821312500001,6.33033887181955
20.1824645833334,6.32304720477259
20.1827979166667,6.31497428768489
20.1831312500001,6.31640657942626
20.1834645833334,6.31979199626949
20.1837979166668,6.32278678809235
20.1841312500001,6.32109407967073
20.1844645833334,6.31679720444663
20.1847979166668,6.31080762080092
20.1851312500001,6.31406282930402
20.1854645833334,6.32044303797011
20.1857979166668,6.32187532971148
20.1861312500001,6.31406282930402
20.1864645833334,6.30768262063793
20.1867979166668,6.30950553739967
20.1871312500001,6.31054720412067
20.1874645833334,6.30989616242005
20.1877979166668,6.30598991221632
20.1881312500001,6.31080762080092
20.1884645833334,6.31914095456887
20.1887979166668,6.32877637173806
20.1891312500001,6.32552116323495
20.1894645833334,6.31979199626949
20.1897979166668,6.31614616274601
20.1901312500001,6.31588574606576
20.1904645833334,6.31119824582129
20.1907979166668,6.31041699578054
20.1911312500001,6.31744824614725
20.1914645833334,6.32916699675843
20.1917979166668,6.32864616339794
20.1921312500001,6.31783887116762
20.1924645833334,6.30924512071942
20.1927979166668,6.31080762080092
20.1931312500001,6.32057324631023
20.1934645833334,6.32161491303123
20.1937979166668,6.31992220460961
20.1941312500001,6.3177086628275
20.1944645833334,6.31783887116762
20.1947979166668,6.31237012088241
20.1951312500001,6.31119824582129
20.1954645833334,6.31093782914104
20.1957979166668,6.31783887116762
20.1961312500001,6.32005241294974
20.1964645833334,6.32018262128986
20.1967979166668,6.31757845448738
20.1971312500001,6.31445345432439
20.1974645833334,6.31992220460961
20.1977979166668,6.32565137157508
20.1981312500001,6.32265657975222
20.1984645833334,6.31523470436514
20.1987979166668,6.31237012088241
20.1991312500001,6.31966178792936
20.1994645833334,6.32044303797011
20.1997979166668,6.31627637108613
20.2001312500001,6.31523470436514
20.2004645833334,6.31992220460961
20.2007979166668,6.3268232466362
20.2011312500001,6.3214847046911
20.2014645833334,6.32070345465036
20.2017979166668,6.31888053788862
20.2021312500001,6.32096387133061
20.2024645833334,6.32122428801085
20.2027979166668,6.32447949651396
20.2031312500001,6.32981803845905
20.2034645833334,6.32773470501707
20.2037979166668,6.31302116258303
20.2041312500001,6.3091149123793
20.2044645833334,6.31653678776638
20.2047979166668,6.32968783011893
20.2051312500001,6.32604199659545
20.2054645833334,6.32135449635098
20.2057979166668,6.31692741278676
20.2061312500001,6.31875032954849
20.2064645833335,6.31575553772564
20.2067979166668,6.31328157926328
20.2071312500001,6.31328157926328
20.2074645833334,6.31901074622874
20.2077979166668,6.32786491335719
20.2081312500001,6.33033887181955
20.2084645833335,6.31927116290899
20.2087979166668,6.3053388705157
20.2091312500001,6.29765657844837
20.2094645833334,6.30013053691073
20.2097979166668,6.30976595407992
20.2101312500001,6.31575553772564
20.2104645833335,6.31432324598427
20.2107979166668,6.30807324565831
20.2111312500001,6.30950553739967
20.2114645833335,6.31848991286824
20.2117979166668,6.31953157958924
20.2121312500001,6.31575553772564
20.2124645833335,6.30924512071942
20.2127979166668,6.3139326209639
20.2131312500001,6.318229496188
20.2134645833335,6.31744824614725
20.2137979166668,6.31080762080092
20.2141312500001,6.30872428735893
20.2144645833335,6.31210970420216
20.2147979166668,6.31028678744042
20.2151312500001,6.29947949521011
20.2154645833335,6.29934928686998
20.2157979166668,6.30950553739967
20.2161312500001,6.3225263714121
20.2164645833335,6.32018262128986
20.2167979166668,6.3091149123793
20.2171312500001,6.30950553739967
20.2174645833335,6.31497428768489
20.2177979166668,6.32695345497632
20.2181312500001,6.32708366331644
20.2184645833335,6.31979199626949
20.2187979166668,6.31406282930402
20.2191312500001,6.31588574606576
20.2194645833335,6.32187532971148
20.2197979166668,6.32187532971148
20.2201312500001,6.30924512071942
20.2204645833335,6.30559928719595
20.2207979166668,6.30898470403918
20.2211312500001,6.32031282962998
20.2214645833335,6.31471387100464
20.2217979166668,6.30755241229781
20.2221312500001,6.29987012023048
20.2224645833335,6.30638053723669
20.2227979166668,6.30234407869284
20.2231312500001,6.30208366201259
20.2234645833335,6.30273470371321
20.2237979166668,6.3096357457398
20.2241312500001,6.30794303731818
20.2244645833335,6.30755241229781
20.2247979166668,6.30872428735893
20.2251312500001,6.31523470436514
20.2254645833335,6.3128909542429
20.2257979166668,6.30729199561756
20.2261312500001,6.30455762047495
20.2264645833335,6.30520866217557
20.2267979166668,6.31080762080092
20.2271312500001,6.31080762080092
20.2274645833335,6.31419303764415
20.2277979166668,6.31796907950775
20.2281312500001,6.31953157958924
20.2284645833335,6.31171907918179
20.2287979166668,6.29947949521011
20.2291312500001,6.29921907852986
20.2294645833335,6.30455762047495
20.2297979166668,6.31419303764415
20.2301312500001,6.31627637108613
20.2304645833335,6.31679720444663
20.2307979166668,6.32239616307197
20.2311312500001,6.31953157958924
20.2314645833335,6.31940137124912
20.2317979166668,6.31132845416141
20.2321312500001,6.3096357457398
20.2324645833335,6.31705762112688
20.2327979166668,6.32226595473185
20.2331312500001,6.32135449635098
20.2334645833335,6.31601595440589
20.2337979166668,6.31484407934477
20.2341312500002,6.32109407967073
20.2344645833335,6.32877637173806
20.2347979166668,6.33164095522079
20.2351312500002,6.33281283028191
20.2354645833335,6.32565137157508
20.2357979166668,6.32109407967073
20.2361312500002,6.32473991319421
20.2364645833335,6.3268232466362
20.2367979166668,6.32708366331644
20.2371312500001,6.32031282962998
20.2374645833335,6.318229496188
20.2377979166668,6.32591178825533
20.2381312500002,6.3343753303634
20.2384645833335,6.33645866380539
20.2387979166668,6.32799512169731
20.2391312500002,6.32513053821458
20.2394645833335,6.33085970518005
20.2397979166668,6.33281283028191
20.2401312500002,6.33229199692141
20.2404645833335,6.32695345497632
20.2407979166668,6.32434928817384
20.2411312500002,6.32174512137135
20.2414645833335,6.32044303797011
20.2417979166668,6.32005241294974
20.2421312500002,6.31588574606576
20.2424645833335,6.31250032922253
20.2427979166668,6.31679720444663
20.2431312500002,6.32552116323495
20.2434645833335,6.33085970518005
20.2437979166668,6.32890658007818
20.2441312500002,6.32109407967073
20.2444645833335,6.31744824614725
20.2447979166668,6.31953157958924
20.2451312500002,6.31848991286824
20.2454645833335,6.31640657942626
20.2457979166668,6.31171907918179
20.2461312500002,6.31888053788862
20.2464645833335,6.32721387165657
20.2467979166668,6.33502637206402
20.2471312500002,6.32656282995595
20.2474645833335,6.32291699643247
20.2477979166668,6.3225263714121
20.2481312500002,6.32851595505781
20.2484645833335,6.32825553837756
20.2487979166668,6.32044303797011
20.2491312500002,6.31562532938551
20.2494645833335,6.31549512104539
20.2497979166668,6.32304720477259
20.2501312500002,6.33020866347943
20.2504645833335,6.33606803878502
20.2507979166668,6.33606803878502
20.2511312500002,6.3257815799152
20.2514645833335,6.318229496188
20.2517979166668,6.32239616307197
20.2521312500002,6.33502637206402
20.2524645833335,6.33710970550601
20.2527979166668,6.32617220493557
20.2531312500002,6.3214847046911
20.2534645833335,6.32526074655471
20.2537979166668,6.32434928817384
20.2541312500002,6.317187829467
20.2544645833335,6.30677116225706
20.2547979166668,6.31080762080092
20.2551312500002,6.3177086628275
20.2554645833335,6.32434928817384
20.2557979166668,6.32421907983371
20.2561312500002,6.32369824647321
20.2564645833335,6.32330762145284
20.2567979166668,6.32838574671769
20.2571312500002,6.33164095522079
20.2574645833335,6.33463574704365
20.2577979166668,6.32760449667694
20.2581312500002,6.32109407967073
20.2584645833335,6.31783887116762
20.2587979166668,6.32070345465036
20.2591312500002,6.32473991319421
20.2594645833335,6.32031282962998
20.2597979166668,6.3139326209639
20.2601312500002,6.30442741213483
20.2604645833335,6.30572949553607
20.2607979166669,6.31158887084166
20.2611312500002,6.32278678809235
20.2614645833335,6.32591178825533
20.2617979166668,6.32513053821458
20.2621312500002,6.32434928817384
20.2624645833335,6.32317741311272
20.2627979166669,6.32434928817384
20.2631312500002,6.31979199626949
20.2634645833335,6.31054720412067
20.2637979166668,6.30742220395769
20.2641312500002,6.31354199594353
20.2644645833335,6.32513053821458
20.2647979166669,6.33125033020042
20.2651312500002,6.32356803813309
20.2654645833335,6.317187829467
20.2657979166669,6.32291699643247
20.2661312500002,6.33463574704365
20.2664645833335,6.34010449732887
20.2667979166669,6.32708366331644
20.2671312500002,6.32343782979297
20.2674645833335,6.32981803845905
20.2677979166669,6.33789095554675
20.2681312500002,6.33841178890725
20.2684645833335,6.33372428866278
20.2687979166669,6.33515658040415
20.2691312500002,6.33541699708439
20.2694645833335,6.32968783011893
20.2697979166669,6.32591178825533
20.2701312500002,6.32539095489483
20.2704645833335,6.33203158024116
20.2707979166669,6.3348961637239
20.2711312500002,6.32968783011893
20.2714645833335,6.3225263714121
20.2717979166669,6.32031282962998
20.2721312500002,6.32408887149359
20.2724645833335,6.32786491335719
20.2727979166669,6.3257815799152
20.2731312500002,6.31901074622874
20.2734645833335,6.31992220460961
20.2737979166669,6.33085970518005
20.2741312500002,6.34375033085234
20.2744645833335,6.3467451226752
20.2747979166669,6.33723991384613
20.2751312500002,6.33554720542452
20.2754645833335,6.34466178923322
20.2757979166669,6.35195345628017
20.2761312500002,6.34505241425359
20.2764645833335,6.33619824712514
20.2767979166669,6.33307324696216
20.2771312500002,6.34127637238998
20.2774645833335,6.33802116388688
20.2777979166669,6.33229199692141
20.2781312500002,6.32864616339794
20.2784645833335,6.33164095522079
20.2787979166669,6.33450553870353
20.2791312500002,6.33346387198253
20.2794645833335,6.33216178858129
20.2797979166669,6.32799512169731
20.2801312500002,6.32838574671769
20.2804645833335,6.33372428866278
20.2807979166669,6.34036491400912
20.2811312500002,6.34257845579123
20.2814645833335,6.33737012218626
20.2817979166669,6.33463574704365
20.2821312500002,6.32942741343868
20.2824645833335,6.3343753303634
20.2827979166669,6.33203158024116
20.2831312500002,6.32382845481334
20.2834645833335,6.30885449569905
20.2837979166669,6.31093782914104
20.2841312500002,6.32161491303123
20.2844645833335,6.32916699675843
20.2847979166669,6.31953157958924
20.2851312500002,6.31002637076017
20.2854645833333,6.30976595407992
20.2857979166667,6.32161491303123
20.28613125,6.3300784551393
20.2864645833333,6.33424512202328
20.2867979166667,6.3311201218603
20.28713125,6.338151372227
20.2874645833333,6.34166699741036
20.2877979166667,6.34283887247148
20.28813125,6.33619824712514
20.2884645833333,6.32864616339794
20.2887979166667,6.32929720509856
20.28913125,6.33242220526154
20.2894645833333,6.33398470534303
20.2897979166667,6.33893262226775
20.29013125,6.33828158056713
20.2904645833333,6.33671908048564
20.2907979166667,6.33098991352017
20.29113125,6.33190137190104
20.2914645833333,6.33606803878502
20.2917979166667,6.33229199692141
20.29213125,6.32838574671769
20.2924645833333,6.3263024132757
20.2927979166667,6.33046908015967
20.29313125,6.33710970550601
20.2934645833333,6.33932324728812
20.2937979166667,6.3386722055875
20.29413125,6.33619824712514
20.2944645833333,6.34205762243073
20.2947979166667,6.34453158089309
20.29513125,6.33750033052638
20.2954645833334,6.32890658007818
20.2957979166667,6.33320345530228
20.29613125,6.34335970583197
20.2964645833334,6.34544303927396
20.2967979166667,6.34010449732887
20.29713125,6.33567741376464
20.2974645833334,6.33502637206402
20.2977979166667,6.33216178858129
20.29813125,6.32825553837756
20.2984645833334,6.32109407967073
20.2987979166667,6.31809928784787
20.29913125,6.32226595473185
20.2994645833334,6.33450553870353
20.2997979166667,6.34570345595421
20.30013125,6.33710970550601
20.3004645833334,6.32565137157508
20.3007979166667,6.31705762112688
20.30113125,6.32760449667694
20.3014645833334,6.33424512202328
20.3017979166667,6.33710970550601
20.30213125,6.32890658007818
20.3024645833334,6.32825553837756
20.3027979166667,6.33125033020042
20.30313125,6.33684928882576
20.3034645833334,6.33945345562825
20.3037979166667,6.33411491368315
20.30413125,6.33697949716589
20.3044645833334,6.33828158056713
20.3047979166667,6.33697949716589
20.30513125,6.3311201218603
20.3054645833334,6.33216178858129
20.3057979166667,6.33684928882576
20.30613125,6.34010449732887
20.3064645833334,6.33958366396837
20.3067979166667,6.33906283060787
20.30713125,6.3424482474511
20.3074645833334,6.33971387230849
20.3077979166667,6.33906283060787
20.30813125,6.33020866347943
20.3084645833334,6.32851595505781
20.3087979166667,6.33307324696216
20.30913125,6.33411491368315
20.3094645833334,6.33046908015967
20.3097979166667,6.32643262161582
20.31013125,6.33398470534303
20.3104645833334,6.34322949749185
20.3107979166667,6.3467451226752
20.31113125,6.33750033052638
20.3114645833334,6.33411491368315
20.3117979166667,6.33854199724738
20.31213125,6.35091178955918
20.3124645833334,6.34895866445731
20.3127979166667,6.33723991384613
20.31313125,6.3300784551393
20.3134645833334,6.33619824712514
20.3137979166667,6.34609408097458
20.31413125,6.34856803943694
20.3144645833334,6.34231803911098
20.3147979166667,6.34388053919247
20.31513125,6.34570345595421
20.3154645833334,6.34583366429433
20.3157979166667,6.33190137190104
20.31613125,6.32864616339794
20.3164645833334,6.33346387198253
20.3167979166667,6.34388053919247
20.31713125,6.34140658073011
20.3174645833334,6.33906283060787
20.3177979166667,6.33411491368315
20.31813125,6.34075553902949
20.3184645833334,6.33971387230849
20.3187979166667,6.34466178923322
20.31913125,6.34934928947769
20.3194645833334,6.35169303959992
20.3197979166667,6.35286491466104
20.32013125,6.3520836646203
20.3204645833334,6.35507845644315
20.3207979166667,6.35312533134129
20.32113125,6.34622428931471
20.3214645833334,6.34231803911098
20.3217979166667,6.34179720575048
20.3221312500001,6.34010449732887
20.3224645833334,6.33984408064862
20.3227979166667,6.33697949716589
20.32313125,6.33789095554675
20.3234645833334,6.33125033020042
20.3237979166667,6.3343753303634
20.3241312500001,6.33841178890725
20.3244645833334,6.34362012251222
20.3247979166667,6.33750033052638
20.3251312500001,6.33151074688067
20.3254645833334,6.33632845546526
20.3257979166667,6.34700553935545
20.3261312500001,6.34388053919247
20.3264645833334,6.33580762210477
20.3267979166667,6.33372428866278
20.3271312500001,6.34062533068936
20.3274645833334,6.34505241425359
20.3277979166667,6.33671908048564
20.3281312500001,6.32825553837756
20.3284645833334,6.32825553837756
20.3287979166667,6.338151372227
20.3291312500001,6.35468783142278
20.3294645833334,6.35234408130054
20.3297979166667,6.34309928915172
20.3301312500001,6.33307324696216
20.3304645833334,6.33841178890725
20.3307979166667,6.34804720607645
20.3311312500001,6.35013053951843
20.3314645833334,6.34322949749185
20.3317979166667,6.33359408032266
20.3321312500001,6.33307324696216
20.3324645833334,6.34309928915172
20.3327979166667,6.35377637304191
20.3331312500001,6.35937533166725
20.3334645833334,6.35390658138204
20.3337979166667,6.35117220623943
20.3341312500001,6.3520836646203
20.3344645833334,6.35468783142278
20.3347979166667,6.35000033117831
20.3351312500001,6.339193038948
20.3354645833334,6.33906283060787
20.3357979166667,6.34453158089309
20.3361312500001,6.34752637271595
20.3364645833334,6.34218783077086
20.3367979166667,6.33958366396837
20.3371312500001,6.34544303927396
20.3374645833334,6.35195345628017
20.3377979166667,6.35820345660613
20.3381312500001,6.35416699806228
20.3384645833334,6.35247428964067
20.3387979166667,6.34440137255297
20.3391312500001,6.34466178923322
20.3394645833334,6.34231803911098
20.3397979166667,6.34388053919247
20.3401312500001,6.34609408097458
20.3404645833334,6.34856803943694
20.3407979166667,6.3477867893962
20.3411312500001,6.3467451226752
20.3414645833334,6.34843783109682
20.3417979166667,6.35286491466104
20.3421312500001,6.35325553968141
20.3424645833334,6.35078158121905
20.3427979166667,6.3515628312598
20.3431312500001,6.35312533134129
20.3434645833334,6.35052116453881
20.3437979166667,6.33945345562825
20.3441312500001,6.3338544970029
20.3444645833334,6.33658887214551
20.3447979166667,6.33893262226775
20.3451312500001,6.34375033085234
20.3454645833334,6.34166699741036
20.3457979166667,6.34609408097458
20.3461312500001,6.34414095587272
20.3464645833334,6.34179720575048
20.3467979166667,6.34283887247148
20.3471312500001,6.34283887247148
20.3474645833334,6.34335970583197
20.3477979166668,6.34088574736961
20.3481312500001,6.34505241425359
20.3484645833334,6.34908887279744
20.3487979166667,6.34908887279744
20.3491312500001,6.33802116388688
20.3494645833334,6.33893262226775
20.3497979166667,6.34466178923322
20.3501312500001,6.35468783142278
20.3504645833334,6.35442741474253
20.3507979166668,6.3472659560357
20.3511312500001,6.34921908113756
20.3514645833334,6.35195345628017
20.3517979166668,6.35247428964067
20.3521312500001,6.34179720575048
20.3524645833334,6.3338544970029
20.3527979166668,6.33828158056713
20.3531312500001,6.34765658105607
20.3534645833334,6.35000033117831
20.3537979166668,6.34440137255297
20.3541312500001,6.34309928915172
20.3544645833334,6.35286491466104
20.3547979166668,6.36289095685061
20.3551312500001,6.36145866510924
20.3554645833334,6.35091178955918
20.3557979166668,6.34661491433508
20.3561312500001,6.34687533101533
20.3564645833334,6.35039095619868
20.3567979166668,6.35559928980365
20.3571312500001,6.36328158187098
20.3574645833334,6.36888054049632
20.3577979166668,6.36171908178949
20.3581312500001,6.35234408130054
20.3584645833334,6.34895866445731
20.3587979166668,6.35013053951843
20.3591312500001,6.35195345628017
20.3594645833334,6.34531283093384
20.3597979166668,6.34101595570974
20.3601312500001,6.3434899141721
20.3604645833334,6.35117220623943
20.3607979166668,6.35390658138204
20.3611312500001,6.35052116453881
20.3614645833334,6.34596387263446
20.3617979166668,6.35091178955918
20.3621312500001,6.34882845611719
20.3624645833334,6.34492220591346
20.3627979166668,6.33515658040415
20.3631312500001,6.33671908048564
20.3634645833334,6.34231803911098
20.3637979166668,6.34609408097458
20.3641312500001,6.33958366396837
20.3644645833334,6.33723991384613
20.3647979166668,6.33880241392763
20.3651312500001,6.34375033085234
20.3654645833334,6.33932324728812
20.3657979166668,6.34114616404986
20.3661312500001,6.34843783109682
20.3664645833334,6.35872428996663
20.3667979166668,6.35677116486477
20.3671312500001,6.35429720640241
20.3674645833334,6.35195345628017
20.3677979166668,6.35455762308266
20.3681312500001,6.35768262324564
20.3684645833334,6.35143262291968
20.3687979166668,6.34830762275669
20.3691312500001,6.34283887247148
20.3694645833334,6.34648470599495
20.3697979166668,6.3477867893962
20.3701312500001,6.34687533101533
20.3704645833334,6.35143262291968
20.3707979166668,6.34856803943694
20.3711312500001,6.34205762243073
20.3714645833334,6.33307324696216
20.3717979166668,6.33072949683992
20.3721312500001,6.33138053854054
20.3724645833334,6.33424512202328
20.3727979166668,6.3338544970029
20.3731312500001,6.33658887214551
20.3734645833334,6.33776074720663
20.3737979166668,6.33580762210477
20.3741312500001,6.33476595538377
20.3744645833335,6.33242220526154
20.3747979166668,6.33671908048564
20.3751312500001,6.33958366396837
20.3754645833334,6.33658887214551
20.3757979166668,6.3338544970029
20.3761312500001,6.33346387198253
20.3764645833334,6.32864616339794
20.3767979166668,6.32786491335719
20.3771312500001,6.32734407999669
20.3774645833334,6.33828158056713
20.3777979166668,6.34375033085234
20.3781312500001,6.33997428898874
20.3784645833335,6.3348961637239
20.3787979166668,6.33372428866278
20.3791312500001,6.33645866380539
20.3794645833335,6.33242220526154
20.3797979166668,6.32604199659545
20.3801312500001,6.32838574671769
20.3804645833335,6.33802116388688
20.3807979166668,6.34518262259371
20.3811312500001,6.34622428931471
20.3814645833335,6.34479199757334
20.3817979166668,6.34544303927396
20.3821312500001,6.34335970583197
20.3824645833335,6.33854199724738
20.3827979166668,6.33268262194179
20.3831312500001,6.32773470501707
20.3834645833335,6.33372428866278
20.3837979166668,6.33645866380539
20.3841312500001,6.33606803878502
20.3844645833335,6.32877637173806
20.3847979166668,6.32187532971148
20.3851312500001,6.32487012153433
20.3854645833335,6.32734407999669
20.3857979166668,6.33164095522079
20.3861312500001,6.33085970518005
20.3864645833335,6.33255241360166
20.3867979166668,6.33398470534303
20.3871312500001,6.33541699708439
20.3874645833335,6.33242220526154
20.3877979166668,6.33372428866278
20.3881312500001,6.33763053886651
20.3884645833335,6.33528678874427
20.3887979166668,6.32838574671769
20.3891312500001,6.32695345497632
20.3894645833335,6.33268262194179
20.3897979166668,6.33776074720663
20.3901312500001,6.33567741376464
20.3904645833335,6.33450553870353
20.3907979166668,6.33151074688067
20.3911312500001,6.33359408032266
20.3914645833335,6.33671908048564
20.3917979166668,6.3434899141721
20.3921312500001,6.34322949749185
20.3924645833335,6.34036491400912
20.3927979166668,6.33593783044489
20.3931312500001,6.33593783044489
20.3934645833335,6.33528678874427
20.3937979166668,6.33463574704365
20.3941312500001,6.32708366331644
20.3944645833335,6.32890658007818
20.3947979166668,6.33502637206402
20.3951312500001,6.33984408064862
20.3954645833335,6.3348961637239
20.3957979166668,6.3295576217788
20.3961312500001,6.33072949683992
20.3964645833335,6.33854199724738
20.3967979166668,6.3434899141721
20.3971312500001,6.33906283060787
20.3974645833335,6.3338544970029
20.3977979166668,6.32799512169731
20.3981312500001,6.32903678841831
20.3984645833335,6.32330762145284
20.3987979166668,6.32044303797011
20.3991312500001,6.32526074655471
20.3994645833335,6.33515658040415
20.3997979166668,6.34179720575048
20.4001312500001,6.33567741376464
20.4004645833335,6.33346387198253
20.4007979166668,6.33737012218626
20.4011312500001,6.34687533101533
20.4014645833335,6.35013053951843
20.4017979166668,6.35026074785856
20.4021312500001,6.34362012251222
20.4024645833335,6.34375033085234
20.4027979166668,6.33958366396837
20.4031312500001,6.34531283093384
20.4034645833335,6.34362012251222
20.4037979166668,6.34596387263446
20.4041312500001,6.34622428931471
20.4044645833335,6.33828158056713
20.4047979166668,6.33593783044489
20.4051312500002,6.33372428866278
20.4054645833335,6.3386722055875
20.4057979166668,6.34049512234924
20.4061312500002,6.34322949749185
20.4064645833335,6.34804720607645
20.4067979166668,6.34830762275669
20.4071312500002,6.35182324794005
20.4074645833335,6.35755241490551
20.4077979166668,6.35872428996663
20.4081312500002,6.35026074785856
20.4084645833335,6.3477867893962
20.4087979166668,6.35091178955918
20.4091312500002,6.3558597064839
20.4094645833335,6.34791699773632
20.4097979166668,6.33320345530228
20.4101312500002,6.33033887181955
20.4104645833335,6.3343753303634
20.4107979166668,6.33932324728812
20.4111312500002,6.33346387198253
20.4114645833335,6.32460970485408
20.4117979166668,6.33164095522079
20.4121312500002,6.34895866445731
20.4124645833335,6.36158887344936
20.4127979166668,6.36002637336787
20.4131312500002,6.34283887247148
20.4134645833335,6.33763053886651
20.4137979166668,6.33971387230849
20.4141312500002,6.34648470599495
20.4144645833335,6.34804720607645
20.4147979166668,6.34192741409061
20.4151312500002,6.3386722055875
20.4154645833335,6.34114616404986
20.4157979166668,6.34036491400912
20.4161312500002,6.338151372227
20.4164645833335,6.3348961637239
20.4167979166668,6.34101595570974
20.4171312500002,6.3424482474511
20.4174645833335,6.34023470566899
20.4177979166668,6.33580762210477
20.4181312500002,6.33906283060787
20.4184645833335,6.3343753303634
20.4187979166668,6.33020866347943
20.4191312500002,6.32812533003744
20.4194645833335,6.33684928882576
20.4197979166668,6.34322949749185
20.4201312500002,6.33932324728812
20.4204645833335,6.32994824679918
20.4207979166668,6.32747428833682
20.4211312500002,6.33593783044489
20.4214645833335,6.33971387230849
20.4217979166668,6.3343753303634
20.4221312500002,6.32526074655471
20.4224645833335,6.3268232466362
20.4227979166668,6.33776074720663
20.4231312500002,6.34739616437582
20.4234645833335,6.34856803943694
20.4237979166668,6.34036491400912
20.4241312500002,6.33671908048564
20.4244645833335,6.33684928882576
20.4247979166668,6.34479199757334
20.4251312500002,6.34388053919247
20.4254645833335,6.33515658040415
20.4257979166668,6.32903678841831
20.4261312500002,6.32812533003744
20.4264645833335,6.33502637206402
20.4267979166668,6.33333366364241
20.4271312500002,6.32447949651396
20.4274645833335,6.32539095489483
20.4277979166668,6.32721387165657
20.4281312500002,6.33346387198253
20.4284645833335,6.32643262161582
20.4287979166669,6.32343782979297
20.4291312500002,6.32473991319421
20.4294645833335,6.33515658040415
20.4297979166668,6.34166699741036
20.4301312500002,6.34192741409061
20.4304645833335,6.33880241392763
20.4307979166669,6.3348961637239
20.4311312500002,6.33684928882576
20.4314645833335,6.33203158024116
20.4317979166668,6.32656282995595
20.4321312500002,6.32408887149359
20.4324645833335,6.32187532971148
20.4327979166669,6.32552116323495
20.4331312500002,6.32773470501707
20.4334645833335,6.32851595505781
20.4337979166669,6.32747428833682
20.4341312500002,6.32395866315346
20.4344645833335,6.32734407999669
20.4347979166669,6.3295576217788
20.4351312500002,6.3268232466362
20.4354645833335,6.32591178825533
20.4357979166669,6.32317741311272
20.4361312500002,6.32695345497632
20.4364645833335,6.32695345497632
20.4367979166669,6.33098991352017
20.4371312500002,6.33763053886651
20.4374645833335,6.33828158056713
20.4377979166669,6.34114616404986
20.4381312500002,6.33671908048564
20.4384645833335,6.33684928882576
20.4387979166669,6.33710970550601
20.4391312500002,6.33684928882576
20.4394645833335,6.33190137190104
20.4397979166669,6.32656282995595
20.4401312500002,6.32734407999669
20.4404645833335,6.32981803845905
20.4407979166669,6.33046908015967
20.4411312500002,6.32864616339794
20.4414645833335,6.33528678874427
20.4417979166669,6.33945345562825
20.4421312500002,6.33476595538377
20.4424645833335,6.32317741311272
20.4427979166669,6.31953157958924
20.4431312500002,6.32591178825533
20.4434645833335,6.33242220526154
20.4437979166669,6.32838574671769
20.4441312500002,6.32708366331644
20.4444645833335,6.32513053821458
20.4447979166669,6.32942741343868
20.4451312500002,6.32773470501707
20.4454645833335,6.32473991319421
20.4457979166669,6.31692741278676
20.4461312500002,6.31302116258303
20.4464645833335,6.318229496188
20.4467979166669,6.32057324631023
20.4471312500002,6.32395866315346
20.4474645833335,6.32213574639172
20.4477979166669,6.32174512137135
20.4481312500002,6.31562532938551
20.4484645833335,6.31744824614725
20.4487979166669,6.31875032954849
20.4491312500002,6.31901074622874
20.4494645833335,6.31328157926328
20.4497979166669,6.31445345432439
20.4501312500002,6.3214847046911
20.4504645833335,6.32174512137135
20.4507979166669,6.3225263714121
20.4511312500002,6.32239616307197
20.4514645833335,6.32174512137135
20.4517979166669,6.31979199626949
20.4521312500002,6.31731803780713
20.4524645833335,6.32265657975222
20.4527979166669,6.32565137157508
20.4531312500002,6.32226595473185
20.4534645833335,6.31901074622874
20.4537979166669,6.31484407934477
20.4541312500002,6.32096387133061
20.4544645833335,6.32695345497632
20.4547979166669,6.32773470501707
20.4551312500002,6.32096387133061
20.4554645833336,6.31549512104539
20.4557979166669,6.31549512104539
20.45613125,6.31953157958924
20.4564645833333,6.31237012088241
20.4567979166667,6.31041699578054
20.45713125,6.31093782914104
20.4574645833333,6.31744824614725
20.4577979166667,6.31588574606576
20.45813125,6.32005241294974
20.4584645833333,6.32213574639172
20.4587979166667,6.32122428801085
20.45913125,6.31354199594353
20.4594645833333,6.31523470436514
20.4597979166667,6.31966178792936
20.46013125,6.32239616307197
20.4604645833333,6.31614616274601
20.4607979166667,6.31497428768489
20.46113125,6.31419303764415
20.4614645833333,6.31315137092315
20.4617979166667,6.30950553739967
20.46213125,6.30234407869284
20.4624645833333,6.31054720412067
20.4627979166667,6.32018262128986
20.46313125,6.32825553837756
20.4634645833333,6.32135449635098
20.4637979166667,6.30950553739967
20.46413125,6.30937532905955
20.4644645833334,6.31862012120837
20.4647979166667,6.32617220493557
20.46513125,6.32174512137135
20.4654645833333,6.31210970420216
20.4657979166667,6.31276074590278
20.46613125,6.31835970452812
20.4664645833334,6.317187829467
20.4667979166667,6.30612012055644
20.46713125,6.29973991189036
20.4674645833333,6.29934928686998
20.4677979166667,6.30442741213483
20.46813125,6.30078157861135
20.4684645833334,6.30169303699222
20.4687979166667,6.30781282897806
20.46913125,6.31315137092315
20.4694645833334,6.31497428768489
20.4697979166667,6.3134117876034
20.47013125,6.3085940790188
20.4704645833334,6.30898470403918
20.4707979166667,6.30677116225706
20.47113125,6.31445345432439
20.4714645833334,6.31653678776638
20.4717979166667,6.31757845448738
20.47213125,6.31445345432439
20.4724645833334,6.3128909542429
20.4727979166667,6.31653678776638
20.47313125,6.32552116323495
20.4734645833334,6.3338544970029
20.4737979166667,6.32825553837756
20.47413125,6.3128909542429
20.4744645833334,6.30312532873359
20.4747979166667,6.30820345399843
20.47513125,6.31992220460961
20.4754645833334,6.32382845481334
20.4757979166667,6.31562532938551
20.47613125,6.30390657877433
20.4764645833334,6.29804720346874
20.4767979166667,6.30442741213483
20.47713125,6.31809928784787
20.4774645833334,6.32395866315346
20.4777979166667,6.32044303797011
20.47813125,6.31158887084166
20.4784645833334,6.31197949586203
20.4787979166667,6.31783887116762
20.47913125,6.32057324631023
20.4794645833334,6.31549512104539
20.4797979166667,6.31523470436514
20.48013125,6.31367220428365
20.4804645833334,6.31237012088241
20.4807979166667,6.30846387067868
20.48113125,6.31497428768489
20.4814645833334,6.32226595473185
20.4817979166667,6.3263024132757
20.48213125,6.32070345465036
20.4824645833334,6.32083366299048
20.4827979166667,6.32044303797011
20.48313125,6.32161491303123
20.4834645833334,6.31666699610651
20.4837979166667,6.31666699610651
20.48413125,6.31848991286824
20.4844645833334,6.31848991286824
20.4847979166667,6.31992220460961
20.48513125,6.32174512137135
20.4854645833334,6.32877637173806
20.4857979166667,6.32343782979297
20.48613125,6.31953157958924
20.4864645833334,6.31731803780713
20.4867979166667,6.31562532938551
20.48713125,6.3177086628275
20.4874645833334,6.30638053723669
20.4877979166667,6.30065137027123
20.48813125,6.29635449504713
20.4884645833334,6.30182324533234
20.4887979166667,6.31106803748116
20.48913125,6.30690137059719
20.4894645833334,6.30260449537309
20.4897979166667,6.30677116225706
20.49013125,6.3134117876034
20.4904645833334,6.31588574606576
20.4907979166667,6.3101565791003
20.4911312500001,6.30768262063793
20.4914645833334,6.31510449602501
20.4917979166667,6.31979199626949
20.49213125,6.32083366299048
20.4924645833334,6.3134117876034
20.4927979166667,6.30559928719595
20.4931312500001,6.30572949553607
20.4934645833334,6.30598991221632
20.4937979166667,6.30377637043421
20.49413125,6.29921907852986
20.4944645833334,6.30442741213483
20.4947979166667,6.31562532938551
20.4951312500001,6.32656282995595
20.4954645833334,6.32539095489483
20.4957979166667,6.32096387133061
20.4961312500001,6.31523470436514
20.4964645833334,6.31523470436514
20.4967979166667,6.3134117876034
20.4971312500001,6.31367220428365
20.4974645833334,6.31497428768489
20.4977979166667,6.31367220428365
20.4981312500001,6.31406282930402
20.4984645833334,6.31614616274601
20.4987979166667,6.32044303797011
20.4991312500001,6.31979199626949
20.4994645833334,6.3134117876034
20.4997979166667,6.31276074590278
20.5001312500001,6.31757845448738
20.5004645833334,6.31692741278676
20.5007979166667,6.31223991254228
20.5011312500001,6.30924512071942
20.5014645833334,6.31184928752191
20.5017979166667,6.31054720412067
20.5021312500001,6.3005211619311
20.5024645833334,6.29505241164588
20.5027979166667,6.29960970355023
20.5031312500001,6.31171907918179
20.5034645833334,6.31692741278676
20.5037979166667,6.31237012088241
20.5041312500001,6.30468782881508
20.5044645833334,6.30338574541383
20.5047979166667,6.30729199561756
20.5051312500001,6.31197949586203
20.5054645833334,6.30937532905955
20.5057979166667,6.3058597038762
20.5061312500001,6.30325553707371
20.5064645833334,6.30429720379471
20.5067979166667,6.3053388705157
20.5071312500001,6.30638053723669
20.5074645833334,6.3091149123793
20.5077979166667,6.31158887084166
20.5081312500001,6.3101565791003
20.5084645833334,6.30755241229781
20.5087979166667,6.31132845416141
20.5091312500001,6.31705762112688
20.5094645833334,6.31614616274601
20.5097979166667,6.30781282897806
20.5101312500001,6.30312532873359
20.5104645833334,6.30572949553607
20.5107979166667,6.30651074557682
20.5111312500001,6.30377637043421
20.5114645833334,6.29987012023048
20.5117979166667,6.30507845383545
20.5121312500001,6.30924512071942
20.5124645833334,6.31406282930402
20.5127979166667,6.31158887084166
20.5131312500001,6.30846387067868
20.5134645833334,6.30716178727744
20.5137979166667,6.30937532905955
20.5141312500001,6.31263053756265
20.5144645833334,6.31067741246079
20.5147979166667,6.30989616242005
20.5151312500001,6.31041699578054
20.5154645833334,6.30950553739967
20.5157979166667,6.30677116225706
20.5161312500001,6.30794303731818
20.5164645833334,6.3134117876034
20.5167979166667,6.31458366266452
20.5171312500001,6.30507845383545
20.5174645833334,6.29791699512862
20.5177979166667,6.29921907852986
20.5181312500001,6.31106803748116
20.5184645833334,6.31354199594353
20.5187979166667,6.30976595407992
20.5191312500001,6.30716178727744
20.5194645833334,6.31588574606576
20.5197979166667,6.32135449635098
20.5201312500001,6.32460970485408
20.5204645833334,6.32096387133061
20.5207979166667,6.32239616307197
20.5211312500001,6.32382845481334
20.5214645833334,6.32109407967073
20.5217979166667,6.31549512104539
20.5221312500001,6.30846387067868
20.5224645833334,6.30846387067868
20.5227979166668,6.3134117876034
20.5231312500001,6.31549512104539
20.5234645833334,6.31497428768489
20.5237979166668,6.31302116258303
20.5241312500001,6.31432324598427
20.5244645833334,6.31992220460961
20.5247979166668,6.31914095456887
20.5251312500001,6.31835970452812
20.5254645833334,6.31354199594353
20.5257979166668,6.31783887116762
20.5261312500001,6.32057324631023
20.5264645833334,6.32135449635098
20.5267979166668,6.32031282962998
20.5271312500001,6.31940137124912
20.5274645833334,6.31523470436514
20.5277979166668,6.31041699578054
20.5281312500001,6.30820345399843
20.5284645833334,6.31549512104539
20.5287979166668,6.32122428801085
20.5291312500001,6.31549512104539
20.5294645833334,6.30898470403918
20.5297979166668,6.30598991221632
20.5301312500001,6.31432324598427
20.5304645833334,6.31601595440589
20.5307979166668,6.30976595407992
20.5311312500001,6.30312532873359
20.5314645833334,6.30403678711446
20.5317979166668,6.31028678744042
20.5321312500001,6.31093782914104
20.5324645833334,6.30625032889657
20.5327979166668,6.30794303731818
20.5331312500001,6.3091149123793
20.5334645833334,6.31406282930402
20.5337979166668,6.3058597038762
20.5341312500001,6.29934928686998
20.5344645833334,6.29882845350949
20.5347979166668,6.30247428703297
20.5351312500001,6.30755241229781
20.5354645833334,6.30377637043421
20.5357979166668,6.30377637043421
20.5361312500001,6.3101565791003
20.5364645833334,6.31914095456887
20.5367979166668,6.32057324631023
20.5371312500001,6.31458366266452
20.5374645833334,6.30768262063793
20.5377979166668,6.3091149123793
20.5381312500001,6.31367220428365
20.5384645833334,6.31627637108613
20.5387979166668,6.31640657942626
20.5391312500001,6.31223991254228
20.5394645833334,6.31067741246079
20.5397979166668,6.31028678744042
20.5401312500001,6.30989616242005
20.5404645833334,6.31184928752191
20.5407979166668,6.3096357457398
20.5411312500001,6.31210970420216
20.5414645833334,6.31054720412067
20.5417979166668,6.30442741213483
20.5421312500001,6.297265953428
20.5424645833334,6.29583366168663
20.5427979166668,6.3010419952916
20.5431312500001,6.30416699545458
20.5434645833334,6.30546907885582
20.5437979166668,6.30729199561756
20.5441312500001,6.30833366233856
20.5444645833334,6.31210970420216
20.5447979166668,6.31002637076017
20.5451312500001,6.31184928752191
20.5454645833334,6.31237012088241
20.5457979166668,6.31054720412067
20.5461312500001,6.30989616242005
20.5464645833334,6.3101565791003
20.5467979166668,6.3139326209639
20.5471312500001,6.31575553772564
20.5474645833335,6.30677116225706
20.5477979166668,6.3015628286521
20.5481312500001,6.30013053691073
20.5484645833334,6.31067741246079
20.5487979166668,6.31679720444663
20.5491312500001,6.31210970420216
20.5494645833335,6.29908887018974
20.5497979166668,6.29401074492489
20.5501312500001,6.30260449537309
20.5504645833334,6.31197949586203
20.5507979166668,6.31276074590278
20.5511312500001,6.30664095391694
20.5514645833335,6.30312532873359
20.5517979166668,6.30598991221632
20.5521312500001,6.29960970355023
20.5524645833335,6.29140657812241
20.5527979166668,6.28984407804091
20.5531312500001,6.29518261998601
20.5534645833335,6.30625032889657
20.5537979166668,6.30651074557682
20.5541312500001,6.30651074557682
20.5544645833335,6.30416699545458
20.5547979166668,6.30364616209408
20.5551312500001,6.29973991189036
20.5554645833335,6.28958366136067
20.5557979166668,6.28906282800017
20.5561312500001,6.29505241164588
20.5564645833335,6.3010419952916
20.5567979166668,6.29791699512862
20.5571312500001,6.29635449504713
20.5574645833335,6.30039095359098
20.5577979166668,6.31223991254228
20.5581312500001,6.31614616274601
20.5584645833335,6.31315137092315
20.5587979166668,6.30286491205334
20.5591312500001,6.30221387035272
20.5594645833335,6.30885449569905
20.5597979166668,6.31471387100464
20.5601312500001,6.3091149123793
20.5604645833335,6.30026074525085
20.5607979166668,6.3005211619311
20.5611312500001,6.30976595407992
20.5614645833335,6.31419303764415
20.5617979166668,6.31002637076017
20.5621312500001,6.30078157861135
20.5624645833335,6.29882845350949
20.5627979166668,6.29700553674775
20.5631312500001,6.30143262031197
20.5634645833335,6.30403678711446
20.5637979166668,6.30364616209408
20.5641312500001,6.29492220330576
20.5644645833335,6.28776074459893
20.5647979166668,6.29270866152365
20.5651312500001,6.29843782848911
20.5654645833335,6.29661491172738
20.5657979166668,6.29166699480265
20.5661312500001,6.28697949455818
20.5664645833335,6.29283886986377
20.5667979166668,6.29257845318352
20.5671312500001,6.29388053658477
20.5674645833335,6.29895866184961
20.5677979166668,6.3010419952916
20.5681312500001,6.30182324533234
20.5684645833335,6.29518261998601
20.5687979166668,6.28945345302054
20.5691312500001,6.29518261998601
20.5694645833335,6.30234407869284
20.5697979166668,6.30820345399843
20.5701312500001,6.30338574541383
20.5704645833335,6.2967451200675
20.5707979166668,6.29895866184961
20.5711312500001,6.30078157861135
20.5714645833335,6.30364616209408
20.5717979166668,6.29583366168663
20.5721312500001,6.29518261998601
20.5724645833335,6.29752637010824
20.5727979166668,6.30091178695147
20.5731312500001,6.30312532873359
20.5734645833335,6.29505241164588
20.5737979166668,6.29687532840762
20.5741312500002,6.2967451200675
20.5744645833335,6.30338574541383
20.5747979166668,6.30312532873359
20.5751312500002,6.29791699512862
20.5754645833335,6.2886722029798
20.5757979166668,6.28528678613657
20.5761312500002,6.28893261966005
20.5764645833335,6.29127636978228
20.5767979166668,6.28567741115694
20.5771312500001,6.28072949423222
20.5774645833335,6.2876305362588
20.5777979166668,6.29921907852986
20.5781312500002,6.30572949553607
20.5784645833335,6.29752637010824
20.5787979166668,6.28932324468042
20.5791312500002,6.28945345302054
20.5794645833335,6.29791699512862
20.5797979166668,6.30026074525085
20.5801312500002,6.28932324468042
20.5804645833335,6.28632845285756
20.5807979166668,6.29309928654402
20.5811312500002,6.30664095391694
20.5814645833335,6.30455762047495
20.5817979166668,6.29804720346874
20.5821312500002,6.2929690782039
20.5824645833335,6.29765657844837
20.5827979166668,6.30742220395769
20.5831312500002,6.31093782914104
20.5834645833335,6.31484407934477
20.5837979166668,6.31705762112688
20.5841312500002,6.31354199594353
20.5844645833335,6.30468782881508
20.5847979166668,6.29778678678849
20.5851312500002,6.30130241197185
20.5854645833335,6.30169303699222
20.5857979166668,6.3010419952916
20.5861312500002,6.30039095359098
20.5864645833335,6.30794303731818
20.5867979166668,6.3053388705157
20.5871312500002,6.30572949553607
20.5874645833335,6.30429720379471
20.5877979166668,6.30117220363172
20.5881312500002,6.29427116160514
20.5884645833335,6.29335970322427
20.5887979166668,6.30612012055644
20.5891312500002,6.31640657942626
20.5894645833335,6.31028678744042
20.5897979166668,6.29700553674775
20.5901312500002,6.29531282832613
20.5904645833335,6.3048180371552
20.5907979166668,6.31184928752191
20.5911312500002,6.3091149123793
20.5914645833335,6.30716178727744
20.5917979166668,6.30416699545458
20.5921312500002,6.3058597038762
20.5924645833335,6.30429720379471
20.5927979166668,6.30273470371321
20.5931312500002,6.29401074492489
20.5934645833335,6.29140657812241
20.5937979166668,6.29739616176812
20.5941312500002,6.31041699578054
20.5944645833335,6.3139326209639
20.5947979166668,6.31302116258303
20.5951312500002,6.31171907918179
20.5954645833335,6.31458366266452
20.5957979166668,6.31380241262377
20.5961312500002,6.31237012088241
20.5964645833335,6.30612012055644
20.5967979166668,6.29987012023048
20.5971312500002,6.2919274114829
20.5974645833335,6.2924482448434
20.5977979166668,6.30039095359098
20.5981312500002,6.30716178727744
20.5984645833335,6.3139326209639
20.5987979166668,6.3177086628275
20.5991312500002,6.32161491303123
20.5994645833335,6.31692741278676
20.5997979166668,6.31145866250154
20.6001312500002,6.31002637076017
20.6004645833335,6.31653678776638
20.6007979166668,6.31809928784787
20.6011312500002,6.31575553772564
20.6014645833335,6.3101565791003
20.6017979166669,6.31002637076017
20.6021312500002,6.30677116225706
20.6024645833335,6.3091149123793
20.6027979166668,6.31002637076017
20.6031312500002,6.31080762080092
20.6034645833335,6.30377637043421
20.6037979166668,6.30026074525085
20.6041312500002,6.30520866217557
20.6044645833335,6.31783887116762
20.6047979166668,6.32018262128986
20.6051312500002,6.32005241294974
20.6054645833335,6.31380241262377
20.6057979166669,6.31367220428365
20.6061312500002,6.30716178727744
20.6064645833335,6.30312532873359
20.6067979166669,6.3058597038762
20.6071312500002,6.30794303731818
20.6074645833335,6.30546907885582
20.6077979166669,6.3015628286521
20.6081312500002,6.30286491205334
20.6084645833335,6.30846387067868
20.6087979166669,6.30937532905955
20.6091312500002,6.31419303764415
20.6094645833335,6.31744824614725
20.6097979166669,6.31862012120837
20.6101312500002,6.31237012088241
20.6104645833335,6.30625032889657
20.6107979166669,6.30364616209408
20.6111312500002,6.30716178727744
20.6114645833335,6.30416699545458
20.6117979166669,6.30390657877433
20.6121312500002,6.29830762014899
20.6124645833335,6.30039095359098
20.6127979166669,6.3058597038762
20.6131312500002,6.31523470436514
20.6134645833335,6.32109407967073
20.6137979166669,6.31549512104539
20.6141312500002,6.30976595407992
20.6144645833335,6.31184928752191
20.6147979166669,6.31458366266452
20.6151312500002,6.32278678809235
20.6154645833335,6.32395866315346
20.6157979166669,6.32838574671769
20.6161312500002,6.32734407999669
20.6164645833335,6.32825553837756
20.6167979166669,6.32369824647321
20.6171312500002,6.31263053756265
20.6174645833335,6.30299512039346
20.6177979166669,6.30169303699222
20.6181312500002,6.3101565791003
20.6184645833335,6.31796907950775
20.6187979166669,6.31549512104539
20.6191312500002,6.31302116258303
20.6194645833335,6.31080762080092
20.6197979166669,6.30989616242005
20.6201312500002,6.30937532905955
20.6204645833335,6.3101565791003
20.6207979166669,6.31158887084166
20.6211312500002,6.30937532905955
20.6214645833335,6.30690137059719
20.6217979166669,6.30989616242005
20.6221312500002,6.31666699610651
20.6224645833335,6.32343782979297
20.6227979166669,6.32447949651396
20.6231312500002,6.32096387133061
20.6234645833335,6.31237012088241
20.6237979166669,6.31406282930402
20.6241312500002,6.31354199594353
20.6244645833335,6.32044303797011
20.6247979166669,6.32161491303123
20.6251312500002,6.32018262128986
20.6254645833335,6.31848991286824
20.6257979166669,6.31901074622874
20.6261312500002,6.32487012153433
20.6264645833335,6.32734407999669
20.6267979166667,6.32382845481334
20.62713125,6.31783887116762
20.6274645833333,6.31588574606576
20.6277979166667,6.32187532971148
20.62813125,6.33085970518005
20.6284645833333,6.33606803878502
20.6287979166667,6.3300784551393
20.62913125,6.318229496188
20.6294645833333,6.31796907950775
20.6297979166667,6.32565137157508
20.63013125,6.33750033052638
20.6304645833333,6.33177116356092
20.6307979166667,6.32135449635098
20.63113125,6.32096387133061
20.6314645833333,6.32708366331644
20.6317979166667,6.33476595538377
20.63213125,6.33567741376464
20.6324645833333,6.33151074688067
20.6327979166667,6.33138053854054
20.63313125,6.33294303862203
20.6334645833333,6.33359408032266
20.6337979166667,6.32942741343868
20.63413125,6.32109407967073
20.6344645833333,6.32343782979297
20.6347979166667,6.32812533003744
20.63513125,6.3343753303634
20.6354645833333,6.33177116356092
20.6357979166667,6.33098991352017
20.63613125,6.32838574671769
20.6364645833333,6.32721387165657
20.6367979166667,6.33098991352017
20.63713125,6.33190137190104
20.6374645833334,6.33945345562825
20.6377979166667,6.33645866380539
20.63813125,6.33346387198253
20.6384645833334,6.32734407999669
20.6387979166667,6.32552116323495
20.63913125,6.3268232466362
20.6394645833333,6.32330762145284
20.6397979166667,6.31940137124912
20.64013125,6.31575553772564
20.6404645833333,6.31992220460961
20.6407979166667,6.32903678841831
20.64113125,6.32903678841831
20.6414645833334,6.32408887149359
20.6417979166667,6.318229496188
20.64213125,6.32669303829607
20.6424645833334,6.33294303862203
20.6427979166667,6.32487012153433
20.64313125,6.3091149123793
20.6434645833334,6.30612012055644
20.6437979166667,6.31679720444663
20.64413125,6.32161491303123
20.6444645833334,6.31914095456887
20.6447979166667,6.31705762112688
20.64513125,6.32591178825533
20.6454645833334,6.33541699708439
20.6457979166667,6.33997428898874
20.64613125,6.338151372227
20.6464645833334,6.33307324696216
20.6467979166667,6.32669303829607
20.64713125,6.32617220493557
20.6474645833334,6.32460970485408
20.6477979166667,6.32695345497632
20.64813125,6.32291699643247
20.6484645833334,6.31562532938551
20.6487979166667,6.31028678744042
20.64913125,6.31106803748116
20.6494645833334,6.3220055380516
20.6497979166667,6.32942741343868
20.65013125,6.32552116323495
20.6504645833334,6.31848991286824
20.6507979166667,6.31862012120837
20.65113125,6.32734407999669
20.6514645833334,6.33020866347943
20.6517979166667,6.31966178792936
20.65213125,6.31315137092315
20.6524645833334,6.31705762112688
20.6527979166667,6.32565137157508
20.65313125,6.32500032987446
20.6534645833334,6.317187829467
20.6537979166667,6.31354199594353
20.65413125,6.32161491303123
20.6544645833334,6.32473991319421
20.6547979166667,6.32643262161582
20.65513125,6.32226595473185
20.6554645833334,6.31523470436514
20.6557979166667,6.31184928752191
20.65613125,6.30989616242005
20.6564645833334,6.31653678776638
20.6567979166667,6.3220055380516
20.65713125,6.31914095456887
20.6574645833334,6.31106803748116
20.6577979166667,6.30755241229781
20.65813125,6.31067741246079
20.6584645833334,6.31575553772564
20.6587979166667,6.31145866250154
20.65913125,6.30325553707371
20.6594645833334,6.30403678711446
20.6597979166667,6.30729199561756
20.66013125,6.31562532938551
20.6604645833334,6.31744824614725
20.6607979166667,6.31445345432439
20.66113125,6.3101565791003
20.6614645833334,6.31588574606576
20.6617979166667,6.32213574639172
20.66213125,6.33190137190104
20.6624645833334,6.32369824647321
20.6627979166667,6.31796907950775
20.66313125,6.31354199594353
20.6634645833334,6.31666699610651
20.6637979166667,6.31419303764415
20.6641312500001,6.31041699578054
20.6644645833334,6.3085940790188
20.6647979166667,6.3177086628275
20.66513125,6.32226595473185
20.6654645833334,6.31901074622874
20.6657979166667,6.31588574606576
20.6661312500001,6.31588574606576
20.6664645833334,6.32552116323495
20.6667979166667,6.32395866315346
20.66713125,6.32187532971148
20.6674645833334,6.31731803780713
20.6677979166667,6.31406282930402
20.6681312500001,6.31080762080092
20.6684645833334,6.3085940790188
20.6687979166667,6.318229496188
20.6691312500001,6.32356803813309
20.6694645833334,6.32382845481334
20.6697979166667,6.32473991319421
20.6701312500001,6.32864616339794
20.6704645833334,6.33033887181955
20.6707979166667,6.32317741311272
20.6711312500001,6.31731803780713
20.6714645833334,6.3128909542429
20.6717979166667,6.31067741246079
20.6721312500001,6.30729199561756
20.6724645833334,6.30598991221632
20.6727979166667,6.30625032889657
20.6731312500001,6.31132845416141
20.6734645833334,6.31536491270526
20.6737979166667,6.31510449602501
20.6741312500001,6.31679720444663
20.6744645833334,6.31705762112688
20.6747979166667,6.31979199626949
20.6751312500001,6.31302116258303
20.6754645833334,6.31132845416141
20.6757979166667,6.30976595407992
20.6761312500001,6.31145866250154
20.6764645833334,6.31106803748116
20.6767979166667,6.31471387100464
20.6771312500001,6.31835970452812
20.6774645833334,6.32109407967073
20.6777979166667,6.31536491270526
20.6781312500001,6.31471387100464
20.6784645833334,6.31653678776638
20.6787979166667,6.32447949651396
20.6791312500001,6.32070345465036
20.6794645833334,6.31263053756265
20.6797979166667,6.30130241197185
20.6801312500001,6.30364616209408
20.6804645833334,6.31354199594353
20.6807979166667,6.31875032954849
20.6811312500001,6.31223991254228
20.6814645833334,6.30273470371321
20.6817979166667,6.30442741213483
20.6821312500001,6.30937532905955
20.6824645833334,6.31197949586203
20.6827979166667,6.31354199594353
20.6831312500001,6.30989616242005
20.6834645833334,6.30781282897806
20.6837979166667,6.30299512039346
20.6841312500001,6.30638053723669
20.6844645833334,6.31132845416141
20.6847979166667,6.3096357457398
20.6851312500001,6.31041699578054
20.6854645833334,6.31263053756265
20.6857979166667,6.31744824614725
20.6861312500001,6.31367220428365
20.6864645833334,6.3048180371552
20.6867979166667,6.30273470371321
20.6871312500001,6.3058597038762
20.6874645833334,6.30677116225706
20.6877979166667,6.30846387067868
20.6881312500001,6.30169303699222
20.6884645833334,6.30468782881508
20.6887979166667,6.30976595407992
20.6891312500001,6.31809928784787
20.6894645833334,6.31666699610651
20.6897979166667,6.30572949553607
20.6901312500001,6.30143262031197
20.6904645833334,6.30598991221632
20.6907979166667,6.31406282930402
20.6911312500001,6.32161491303123
20.6914645833334,6.31250032922253
20.6917979166668,6.30716178727744
20.6921312500001,6.30169303699222
20.6924645833334,6.30742220395769
20.6927979166668,6.31002637076017
20.6931312500001,6.3085940790188
20.6934645833334,6.31067741246079
20.6937979166668,6.31627637108613
20.6941312500001,6.31940137124912
20.6944645833334,6.31679720444663
20.6947979166668,6.3101565791003
20.6951312500001,6.31158887084166
20.6954645833334,6.31080762080092
20.6957979166668,6.30677116225706
20.6961312500001,6.30377637043421
20.6964645833334,6.30833366233856
20.6967979166668,6.31614616274601
20.6971312500001,6.318229496188
20.6974645833334,6.31093782914104
20.6977979166668,6.30143262031197
20.6981312500001,6.29856803682924
20.6984645833334,6.3048180371552
20.6987979166668,6.31041699578054
20.6991312500001,6.30898470403918
20.6994645833334,6.30546907885582
20.6997979166668,6.29791699512862
20.7001312500001,6.29648470338725
20.7004645833334,6.29843782848911
20.7007979166668,6.30794303731818
20.7011312500001,6.3053388705157
20.7014645833334,6.29544303666626
20.7017979166668,6.29127636978228
20.7021312500001,6.29414095326502
20.7024645833334,6.30338574541383
20.7027979166668,6.30572949553607
20.7031312500001,6.30091178695147
20.7034645833334,6.29973991189036
20.7037979166668,6.296224286707
20.7041312500001,6.30182324533234
20.7044645833334,6.29322949488415
20.7047979166668,6.28593782783719
20.7051312500001,6.28320345269458
20.7054645833334,6.28958366136067
20.7057979166668,6.29414095326502
20.7061312500001,6.28906282800017
20.7064645833334,6.28346386937483
20.7067979166668,6.28710970289831
20.7071312500001,6.29466178662551
20.7074645833334,6.30559928719595
20.7077979166668,6.30039095359098
20.7081312500001,6.29388053658477
20.7084645833334,6.29023470306129
20.7087979166668,6.29752637010824
20.7091312500001,6.30950553739967
20.7094645833334,6.30937532905955
20.7097979166668,6.3048180371552
20.7101312500001,6.30312532873359
20.7104645833334,6.30416699545458
20.7107979166668,6.30625032889657
20.7111312500001,6.30065137027123
20.7114645833334,6.29583366168663
20.7117979166668,6.29739616176812
20.7121312500001,6.29882845350949
20.7124645833334,6.30312532873359
20.7127979166668,6.30377637043421
20.7131312500001,6.30612012055644
20.7134645833334,6.30690137059719
20.7137979166668,6.30690137059719
20.7141312500001,6.30065137027123
20.7144645833334,6.29869824516936
20.7147979166668,6.29947949521011
20.7151312500001,6.30429720379471
20.7154645833334,6.30468782881508
20.7157979166668,6.30351595375396
20.7161312500001,6.30742220395769
20.7164645833334,6.30572949553607
20.7167979166668,6.30364616209408
20.7171312500001,6.29309928654402
20.7174645833334,6.29921907852986
20.7177979166668,6.3048180371552
20.7181312500001,6.3058597038762
20.7184645833335,6.30377637043421
20.7187979166668,6.30846387067868
20.7191312500001,6.32031282962998
20.7194645833334,6.32109407967073
20.7197979166668,6.30950553739967
20.7201312500001,6.30625032889657
20.7204645833335,6.31263053756265
20.7207979166668,6.3214847046911
20.7211312500001,6.31692741278676
20.7214645833334,6.30546907885582
20.7217979166668,6.30286491205334
20.7221312500001,6.30664095391694
20.7224645833335,6.31250032922253
20.7227979166668,6.31028678744042
20.7231312500001,6.30755241229781
20.7234645833335,6.30690137059719
20.7237979166668,6.30651074557682
20.7241312500001,6.30898470403918
20.7244645833335,6.31080762080092
20.7247979166668,6.31093782914104
20.7251312500001,6.31471387100464
20.7254645833335,6.31809928784787
20.7257979166668,6.32330762145284
20.7261312500001,6.31914095456887
20.7264645833335,6.31575553772564
20.7267979166668,6.31796907950775
20.7271312500001,6.32213574639172
20.7274645833335,6.32265657975222
20.7277979166668,6.31562532938551
20.7281312500001,6.31119824582129
20.7284645833335,6.31484407934477
20.7287979166668,6.31914095456887
20.7291312500001,6.32135449635098
20.7294645833335,6.32018262128986
20.7297979166668,6.32018262128986
20.7301312500001,6.32304720477259
20.7304645833335,6.32526074655471
20.7307979166668,6.31979199626949
20.7311312500001,6.31471387100464
20.7314645833335,6.31354199594353
20.7317979166668,6.32343782979297
20.7321312500001,6.32851595505781
20.7324645833335,6.32617220493557
20.7327979166668,6.32500032987446
20.7331312500001,6.32552116323495
20.7334645833335,6.32513053821458
20.7337979166668,6.31862012120837
20.7341312500001,6.32109407967073
20.7344645833335,6.32695345497632
20.7347979166668,6.32968783011893
20.7351312500001,6.32890658007818
20.7354645833335,6.32447949651396
20.7357979166668,6.33085970518005
20.7361312500001,6.33580762210477
20.7364645833335,6.33984408064862
20.7367979166668,6.33645866380539
20.7371312500001,6.34218783077086
20.7374645833335,6.35039095619868
20.7377979166668,6.35559928980365
20.7381312500001,6.34257845579123
20.7384645833335,6.3348961637239
20.7387979166668,6.33554720542452
20.7391312500001,6.34101595570974
20.7394645833335,6.33515658040415
20.7397979166668,6.32825553837756
20.7401312500001,6.32890658007818
20.7404645833335,6.33880241392763
20.7407979166668,6.34987012283818
20.7411312500001,6.35612012316415
20.7414645833335,6.34960970615794
20.7417979166668,6.33802116388688
20.7421312500001,6.33151074688067
20.7424645833335,6.33880241392763
20.7427979166668,6.34817741441657
20.7431312500001,6.34466178923322
20.7434645833335,6.34192741409061
20.7437979166668,6.34531283093384
20.7441312500001,6.35338574802154
20.7444645833335,6.34791699773632
20.7447979166668,6.34205762243073
20.7451312500001,6.33997428898874
20.7454645833335,6.34648470599495
20.7457979166668,6.35026074785856
20.7461312500001,6.35052116453881
20.7464645833335,6.35065137287893
20.7467979166668,6.35065137287893
20.7471312500002,6.3510419978993
20.7474645833335,6.34817741441657
20.7477979166668,6.34544303927396
20.7481312500001,6.35429720640241
20.7484645833335,6.3639326235716
20.7487979166668,6.36953158219694
20.7491312500002,6.35950554000738
20.7494645833335,6.3563805398444
20.7497979166668,6.35429720640241
20.7501312500002,6.35989616502775
20.7504645833335,6.36054720672837
20.7507979166668,6.36666699871421
20.7511312500002,6.37265658235992
20.7514645833335,6.37421908244141
20.7517979166668,6.36679720705433
20.7521312500002,6.36354199855123
20.7524645833335,6.36757845709508
20.7527979166668,6.37239616567967
20.7531312500002,6.37135449895868
20.7534645833335,6.36927116551669
20.7537979166668,6.37226595733955
20.7541312500002,6.37513054082228
20.7544645833335,6.37617220754328
20.7547979166668,6.37356804074079
20.7551312500002,6.3677086654352
20.7554645833335,6.36705762373458
20.7557979166668,6.36862012381607
20.7561312500002,6.37096387393831
20.7564645833335,6.36432324859197
20.7567979166668,6.3596357483475
20.7571312500002,6.36197949846974
20.7574645833335,6.36940137385682
20.7577979166668,6.37213574899943
20.7581312500002,6.37109408227843
20.7584645833335,6.37174512397905
20.7587979166668,6.37643262422353
20.7591312500002,6.37500033248216
20.7594645833335,6.36484408195247
20.7597979166668,6.35520866478328
20.7601312500002,6.3644534569321
20.7604645833335,6.37799512430502
20.7607979166668,6.38229199952912
20.7611312500002,6.37851595766551
20.7614645833335,6.3730472073803
20.7617979166668,6.37343783240067
20.7621312500002,6.3725263740198
20.7624645833335,6.37929720770626
20.7627979166668,6.38632845807297
20.7631312500002,6.39010449993657
20.7634645833335,6.38997429159645
20.7637979166668,6.38476595799148
20.7641312500002,6.38398470795073
20.7644645833335,6.3816409578285
20.7647979166668,6.38072949944763
20.7651312500002,6.38085970778775
20.7654645833335,6.38424512463098
20.7657979166668,6.38528679135197
20.7661312500002,6.38242220786924
20.7664645833335,6.37447949912166
20.7667979166668,6.37460970746179
20.7671312500002,6.37656283256365
20.7674645833335,6.3816409578285
20.7677979166668,6.3843753329711
20.7681312500002,6.39036491661682
20.7684645833335,6.39453158350079
20.7687979166668,6.39270866673905
20.7691312500002,6.38567741637235
20.7694645833335,6.38072949944763
20.7697979166668,6.3843753329711
20.7701312500002,6.38906283321558
20.7704645833335,6.38463574965135
20.7707979166668,6.37864616600564
20.7711312500002,6.37369824908092
20.7714645833335,6.37877637434576
20.7717979166668,6.39127637499769
20.7721312500002,6.39414095848042
20.7724645833335,6.39244825005881
20.7727979166668,6.38255241620937
20.7731312500002,6.38281283288961
20.7734645833335,6.3859378330526
20.7737979166668,6.3859378330526
20.7741312500002,6.37903679102601
20.7744645833335,6.3730472073803
20.7747979166669,6.37968783272663
20.7751312500002,6.39492220852117
20.7754645833335,6.40885450091446
20.7757979166669,6.41106804269657
20.7761312500002,6.40651075079222
20.7764645833335,6.40442741735023
20.7767979166669,6.40494825071073
20.7771312500002,6.40416700066999
20.7774645833335,6.3977867920039
20.7777979166669,6.38203158284887
20.7781312500002,6.37552116584266
20.7784645833335,6.38085970778775
20.7787979166669,6.39388054180017
20.7791312500002,6.39257845839893
20.7794645833335,6.39062533329707
20.7797979166669,6.3940107501403
20.7801312500002,6.40442741735023
20.7804645833335,6.40182325054775
20.7807979166669,6.39817741702427
20.7811312500002,6.39453158350079
20.7814645833335,6.39648470860266
20.7817979166669,6.38789095815446
20.7821312500002,6.38450554131123
20.7824645833335,6.37929720770626
20.7827979166669,6.38476595799148
20.7831312500002,6.3886722081952
20.7834645833335,6.39101595831744
20.7837979166669,6.38710970811371
20.7841312500002,6.38463574965135
20.7844645833335,6.38203158284887
20.7847979166669,6.38737012479396
20.7851312500002,6.38619824973284
20.7854645833335,6.3929690834193
20.7857979166669,6.39309929175943
20.7861312500002,6.39427116682055
20.7864645833335,6.39231804171868
20.7867979166669,6.39088574997732
20.7871312500002,6.3859378330526
20.7874645833335,6.37981804106676
20.7877979166669,6.37239616567967
20.7881312500002,6.37591179086303
20.7884645833335,6.38216179118899
20.7887979166669,6.401042000507
20.7891312500002,6.40546908407123
20.7894645833335,6.39648470860266
20.7897979166669,6.38789095815446
20.7901312500002,6.39205762503843
20.7904645833335,6.40117220884713
20.7907979166669,6.39752637532365
20.7911312500002,6.38346387459023
20.7914645833335,6.38046908276738
20.7917979166669,6.38125033280812
20.7921312500002,6.38151074948837
20.7924645833335,6.381120124468
20.7927979166669,6.37786491596489
20.7931312500002,6.38697949977359
20.7934645833335,6.3891930415557
20.7937979166669,6.38554720803222
20.7941312500002,6.37981804106676
20.7944645833335,6.37890658268589
20.7947979166669,6.38346387459023
20.7951312500002,6.38333366625011
20.7954645833335,6.37591179086303
20.7957979166669,6.37083366559819
20.7961312500002,6.37122429061856
20.7964645833335,6.37278679070005
20.7967979166669,6.37643262422353
20.7971312500002,6.37513054082228
20.7974645833333,6.37122429061856
20.7977979166667,6.36796908211545
20.79813125,6.36237012349011
20.7984645833333,6.36497429029259
20.7987979166667,6.36328158187098
20.79913125,6.36966179053707
20.7994645833333,6.37330762406055
20.7997979166667,6.37382845742104
20.80013125,6.36471387361235
20.8004645833333,6.36250033183023
20.8007979166667,6.36744824875496
20.80113125,6.37526074916241
20.8014645833333,6.37473991580191
20.8017979166667,6.36601595701359
20.80213125,6.36692741539446
20.8024645833333,6.36992220721731
20.8027979166667,6.37656283256365
20.80313125,6.36666699871421
20.8034645833333,6.3548180397629
20.8037979166667,6.35078158121905
20.80413125,6.36171908178949
20.8044645833333,6.37031283223769
20.8047979166667,6.37122429061856
20.80513125,6.36302116519073
20.8054645833333,6.35937533166725
20.8057979166667,6.36106804008887
20.80613125,6.36289095685061
20.8064645833333,6.36067741506849
20.8067979166667,6.35690137320489
20.80713125,6.34921908113756
20.8074645833333,6.34960970615794
20.8077979166667,6.34895866445731
20.80813125,6.35416699806228
20.8084645833333,6.35651074818452
20.8087979166667,6.35286491466104
20.80913125,6.35247428964067
20.8094645833333,6.34791699773632
20.8097979166667,6.35052116453881
20.81013125,6.34947949781781
20.8104645833334,6.34414095587272
20.8107979166667,6.33984408064862
20.81113125,6.33658887214551
20.8114645833334,6.3386722055875
20.8117979166667,6.33541699708439
20.81213125,6.33411491368315
20.8124645833334,6.33710970550601
20.8127979166667,6.34544303927396
20.81313125,6.34661491433508
20.8134645833334,6.34218783077086
20.8137979166667,6.3343753303634
20.81413125,6.33359408032266
20.8144645833334,6.33906283060787
20.8147979166667,6.34479199757334
20.81513125,6.34531283093384
20.8154645833334,6.34479199757334
20.8157979166667,6.34283887247148
20.81613125,6.34114616404986
20.8164645833334,6.34036491400912
20.8167979166667,6.33281283028191
20.81713125,6.3311201218603
20.8174645833334,6.32916699675843
20.8177979166667,6.33476595538377
20.81813125,6.339193038948
20.8184645833334,6.33593783044489
20.8187979166667,6.33502637206402
20.81913125,6.33281283028191
20.8194645833334,6.33606803878502
20.8197979166667,6.33710970550601
20.82013125,6.34023470566899
20.8204645833334,6.33541699708439
20.8207979166667,6.32981803845905
20.82113125,6.32356803813309
20.8214645833334,6.3305992884998
20.8217979166667,6.33619824712514
20.82213125,6.33945345562825
20.8224645833334,6.32968783011893
20.8227979166667,6.32395866315346
20.82313125,6.31992220460961
20.8234645833334,6.32591178825533
20.8237979166667,6.32552116323495
20.82413125,6.32070345465036
20.8244645833334,6.31966178792936
20.8247979166667,6.31901074622874
20.82513125,6.31419303764415
20.8254645833334,6.3134117876034
20.8257979166667,6.31757845448738
20.82613125,6.32447949651396
20.8264645833334,6.31705762112688
20.8267979166667,6.31640657942626
20.82713125,6.31992220460961
20.8274645833334,6.32382845481334
20.8277979166667,6.32304720477259
20.82813125,6.32122428801085
20.8284645833334,6.31640657942626
20.8287979166667,6.30898470403918
20.82913125,6.30898470403918
20.8294645833334,6.3101565791003
20.8297979166667,6.30885449569905
20.83013125,6.30924512071942
20.8304645833334,6.30924512071942
20.8307979166667,6.30820345399843
20.83113125,6.30885449569905
20.8314645833334,6.3101565791003
20.8317979166667,6.31210970420216
20.83213125,6.30468782881508
20.8324645833334,6.30260449537309
20.8327979166667,6.31093782914104
20.83313125,6.31562532938551
20.8334645833334,6.3085940790188
20.8337979166667,6.30091178695147
20.83413125,6.29348991156439
20.8344645833334,6.29921907852986
20.8347979166667,6.30143262031197
20.83513125,6.30546907885582
20.8354645833334,6.30338574541383
20.8357979166667,6.30026074525085
20.83613125,6.29973991189036
20.8364645833334,6.30703157893731
20.8367979166667,6.31054720412067
20.8371312500001,6.30768262063793
20.8374645833334,6.29648470338725
20.8377979166667,6.29010449472116
20.8381312500001,6.29335970322427
20.8384645833334,6.29791699512862
20.8387979166667,6.29179720314278
20.8391312500001,6.29322949488415
20.8394645833334,6.29635449504713
20.8397979166667,6.30716178727744
20.8401312500001,6.29856803682924
20.8404645833334,6.29348991156439
20.8407979166667,6.29010449472116
20.8411312500001,6.29635449504713
20.8414645833334,6.29505241164588
20.8417979166667,6.28880241131992
20.8421312500001,6.28632845285756
20.8424645833334,6.29127636978228
20.8427979166667,6.29804720346874
20.8431312500001,6.28958366136067
20.8434645833334,6.28216178597359
20.8437979166667,6.27695345236862
20.8441312500001,6.28203157763346
20.8444645833334,6.27864616079023
20.8447979166667,6.27565136896738
20.8451312500001,6.27343782718526
20.8454645833334,6.28046907755197
20.8457979166667,6.28710970289831
20.8461312500001,6.29375032824464
20.8464645833334,6.29322949488415
20.8467979166667,6.28984407804091
20.8471312500001,6.28750032791868
20.8474645833334,6.28268261933408
20.8477979166667,6.28359407771495
20.8481312500001,6.28085970257234
20.8484645833334,6.28203157763346
20.8487979166667,6.28242220265383
20.8491312500001,6.28346386937483
20.8494645833334,6.28997428638104
20.8497979166667,6.29401074492489
20.8501312500001,6.29661491172738
20.8504645833334,6.29322949488415
20.8507979166667,6.28203157763346
20.8511312500001,6.27981803585135
20.8514645833334,6.2800784525316
20.8517979166667,6.28411491107545
20.8521312500001,6.28046907755197
20.8524645833334,6.28151074427297
20.8527979166667,6.28502636945632
20.8531312500001,6.28802116127918
20.8534645833334,6.27929720249085
20.8537979166667,6.27786491074949
20.8541312500001,6.27916699415073
20.8544645833334,6.28411491107545
20.8547979166667,6.28112011925259
20.8551312500001,6.26953157698154
20.8554645833334,6.26927116030129
20.8557979166667,6.27447949390626
20.8561312500001,6.28776074459893
20.8564645833334,6.28997428638104
20.8567979166667,6.28203157763346
20.8571312500001,6.27721386904887
20.8574645833334,6.27421907722601
20.8577979166667,6.2747399105865
20.8581312500001,6.27825553576986
20.8584645833334,6.27343782718526
20.8587979166667,6.27552116062725
20.8591312500001,6.27252636880439
20.8594645833334,6.27825553576986
20.8597979166667,6.27786491074949
20.8601312500001,6.27122428540315
20.8604645833334,6.26953157698154
20.8607979166668,6.26979199366178
20.8611312500001,6.27044303536241
20.8614645833334,6.26653678515868
20.8617979166667,6.26901074362104
20.8621312500001,6.27500032726675
20.8624645833334,6.28268261933408
20.8627979166667,6.27513053560688
20.8631312500001,6.2709638687229
20.8634645833334,6.26809928524017
20.8637979166667,6.27226595212414
20.8641312500001,6.27695345236862
20.8644645833334,6.27278678548464
20.8647979166668,6.27343782718526
20.8651312500001,6.27187532710377
20.8654645833334,6.26914095196116
20.8657979166668,6.27539095228713
20.8661312500001,6.27591178564762
20.8664645833334,6.27994824419147
20.8667979166667,6.2714847020834
20.8671312500001,6.26679720183893
20.8674645833334,6.27044303536241
20.8677979166668,6.26809928524017
20.8681312500001,6.26367220167595
20.8684645833334,6.25455761786725
20.8687979166668,6.25507845122775
20.8691312500001,6.26158886823396
20.8694645833334,6.26822949358029
20.8697979166668,6.27369824386551
20.8701312500001,6.27773470240936
20.8704645833334,6.27643261900812
20.8707979166668,6.27304720216489
20.8711312500001,6.26640657681855
20.8714645833334,6.26796907690005
20.8717979166668,6.2709638687229
20.8721312500001,6.27057324370253
20.8724645833334,6.2634117849957
20.8727979166668,6.25507845122775
20.8731312500001,6.25833365973085
20.8734645833334,6.26901074362104
20.8737979166668,6.2757815773075
20.8741312500001,6.27005241034203
20.8744645833334,6.26054720151296
20.8747979166668,6.2548180345475
20.8751312500001,6.26223990993458
20.8754645833334,6.26432324337657
20.8757979166668,6.26731803519942
20.8761312500001,6.26731803519942
20.8764645833334,6.2666669934988
20.8767979166668,6.26445345171669
20.8771312500001,6.25455761786725
20.8774645833334,6.25651074296911
20.8777979166668,6.25937532645185
20.8781312500001,6.26197949325433
20.8784645833334,6.25716178466973
20.8787979166668,6.26354199333582
20.8791312500001,6.276302410668
20.8794645833334,6.28203157763346
20.8797979166668,6.27018261868216
20.8801312500001,6.26510449341731
20.8804645833334,6.26627636847843
20.8807979166668,6.26927116030129
20.8811312500001,6.26106803487346
20.8814645833334,6.25885449309135
20.8817979166668,6.26484407673706
20.8821312500001,6.27291699382477
20.8824645833334,6.27265657714452
20.8827979166668,6.26679720183893
20.8831312500001,6.26432324337657
20.8834645833334,6.26809928524017
20.8837979166668,6.27252636880439
20.8841312500001,6.27395866054576
20.8844645833334,6.26757845187967
20.8847979166668,6.26783886855992
20.8851312500001,6.26953157698154
20.8854645833334,6.27760449406924
20.8857979166668,6.27799511908961
20.8861312500001,6.27083366038278
20.8864645833334,6.25976595147222
20.8867979166668,6.25898470143147
20.8871312500001,6.26445345171669
20.8874645833334,6.27239616046427
20.8877979166668,6.2677086602198
20.8881312500001,6.2714847020834
20.8884645833334,6.27643261900812
20.8887979166668,6.28398470273532
20.8891312500001,6.27174511876365
20.8894645833334,6.26471386839694
20.8897979166668,6.26184928491421
20.8901312500001,6.27122428540315
20.8904645833334,6.27239616046427
20.8907979166668,6.26848991026054
20.8911312500001,6.26523470175744
20.8914645833335,6.26484407673706
20.8917979166668,6.27304720216489
20.8921312500001,6.27656282734824
20.8924645833335,6.27968782751123
20.8927979166668,6.27669303568837
20.8931312500001,6.27369824386551
20.8934645833335,6.27239616046427
20.8937979166668,6.27487011892663
20.8941312500001,6.27786491074949
20.8944645833335,6.27447949390626
20.8947979166668,6.26888053528091
20.8951312500001,6.26601595179818
20.8954645833335,6.2666669934988
20.8957979166668,6.27343782718526
20.8961312500001,6.2747399105865
20.8964645833335,6.275260743947
20.8967979166668,6.27161491042352
20.8971312500001,6.27682324402849
20.8974645833335,6.28072949423222
20.8977979166668,6.28684928621806
20.8981312500001,6.28619824451744
20.8984645833335,6.28632845285756
20.8987979166668,6.28138053593284
20.8991312500001,6.28632845285756
20.8994645833335,6.29257845318352
20.8997979166668,6.29153678646253
20.9001312500001,6.28046907755197
20.9004645833335,6.28112011925259
20.9007979166668,6.29023470306129
20.9011312500001,6.29453157828539
20.9014645833335,6.2833336610347
20.9017979166668,6.28125032759272
20.9021312500001,6.28880241131992
20.9024645833335,6.29908887018974
20.9027979166668,6.29375032824464
20.9031312500001,6.2876305362588
20.9034645833335,6.28424511941557
20.9037979166668,6.28723991123843
20.9041312500001,6.2929690782039
20.9044645833335,6.29309928654402
20.9047979166668,6.28398470273532
20.9051312500001,6.27877636913036
20.9054645833335,6.28112011925259
20.9057979166668,6.28424511941557
20.9061312500001,6.28229199431371
20.9064645833335,6.2747399105865
20.9067979166668,6.27890657747048
20.9071312500001,6.28059928589209
20.9074645833335,6.28671907787793
20.9077979166668,6.28828157795943
20.9081312500001,6.28854199463967
20.9084645833335,6.29453157828539
20.9087979166668,6.29804720346874
20.9091312500001,6.30195345367247
20.9094645833335,6.29166699480265
20.9097979166668,6.28059928589209
20.9101312500001,6.27539095228713
20.9104645833335,6.2800784525316
20.9107979166668,6.28723991123843
20.9111312500001,6.28567741115694
20.9114645833335,6.28164095261309
20.9117979166668,6.27773470240936
20.9121312500001,6.27656282734824
20.9124645833335,6.28255241099396
20.9127979166668,6.29127636978228
20.9131312500001,6.2924482448434
20.9134645833335,6.28528678613657
20.9137979166668,6.27643261900812
20.9141312500001,6.28059928589209
20.9144645833335,6.28255241099396
20.9147979166668,6.28359407771495
20.9151312500001,6.28567741115694
20.9154645833335,6.28828157795943
20.9157979166668,6.29023470306129
20.9161312500001,6.28710970289831
20.9164645833335,6.28372428605508
20.9167979166668,6.2886722029798
20.9171312500001,6.29322949488415
20.9174645833335,6.29882845350949
20.9177979166668,6.29752637010824
20.9181312500001,6.29843782848911
20.9184645833335,6.30377637043421
20.9187979166668,6.30572949553607
20.9191312500002,6.30651074557682
20.9194645833335,6.30195345367247
20.9197979166668,6.29843782848911
20.9201312500002,6.29453157828539
20.9204645833335,6.30182324533234
20.9207979166668,6.30403678711446
20.9211312500002,6.29817741180887
20.9214645833335,6.28841178629955
20.9217979166668,6.28372428605508
20.9221312500002,6.28776074459893
20.9224645833335,6.29023470306129
20.9227979166668,6.29830762014899
20.9231312500002,6.30625032889657
20.9234645833335,6.30442741213483
20.9237979166668,6.29908887018974
20.9241312500002,6.29479199496564
20.9244645833335,6.29830762014899
20.9247979166668,6.29739616176812
20.9251312500002,6.29140657812241
20.9254645833335,6.28671907787793
20.9257979166668,6.29062532808166
20.9261312500002,6.29752637010824
20.9264645833335,6.29947949521011
20.9267979166668,6.29231803650328
20.9271312500002,6.28841178629955
20.9274645833335,6.28932324468042
20.9277979166668,6.29270866152365
20.9281312500002,6.29427116160514
20.9284645833335,6.28932324468042
20.9287979166668,6.29348991156439
20.9291312500002,6.30169303699222
20.9294645833335,6.30846387067868
20.9297979166668,6.3010419952916
20.9301312500002,6.29466178662551
20.9304645833335,6.29544303666626
20.9307979166668,6.3058597038762
20.9311312500002,6.31067741246079
20.9314645833335,6.31132845416141
20.9317979166668,6.31041699578054
20.9321312500002,6.30520866217557
20.9324645833335,6.30351595375396
20.9327979166668,6.29960970355023
20.9331312500002,6.30169303699222
20.9334645833335,6.30625032889657
20.9337979166668,6.31276074590278
20.9341312500002,6.31484407934477
20.9344645833335,6.31054720412067
20.9347979166668,6.30794303731818
20.9351312500002,6.30833366233856
20.9354645833335,6.3096357457398
20.9357979166668,6.30846387067868
20.9361312500002,6.30468782881508
20.9364645833335,6.31054720412067
20.9367979166668,6.31523470436514
20.9371312500002,6.31549512104539
20.9374645833335,6.3053388705157
20.9377979166668,6.30039095359098
20.9381312500002,6.30390657877433
20.9384645833335,6.31367220428365
20.9387979166668,6.31614616274601
20.9391312500002,6.31692741278676
20.9394645833335,6.31940137124912
20.9397979166668,6.32500032987446
20.9401312500002,6.32760449667694
20.9404645833335,6.31862012120837
20.9407979166668,6.31419303764415
20.9411312500002,6.31445345432439
20.9414645833335,6.31731803780713
20.9417979166668,6.317187829467
20.9421312500002,6.31250032922253
20.9424645833335,6.31171907918179
20.9427979166668,6.31549512104539
20.9431312500002,6.31875032954849
20.9434645833335,6.3268232466362
20.9437979166668,6.32460970485408
20.9441312500002,6.31862012120837
20.9444645833335,6.31497428768489
20.9447979166668,6.31263053756265
20.9451312500002,6.31523470436514
20.9454645833335,6.31067741246079
20.9457979166669,6.30507845383545
20.9461312500002,6.30507845383545
20.9464645833335,6.31119824582129
20.9467979166668,6.32265657975222
20.9471312500002,6.3263024132757
20.9474645833335,6.31601595440589
20.9477979166669,6.30742220395769
20.9481312500002,6.30598991221632
20.9484645833335,6.30182324533234
20.9487979166669,6.29700553674775
20.9491312500002,6.297265953428
20.9494645833335,6.31119824582129
20.9497979166669,6.32356803813309
20.9501312500002,6.31927116290899
20.9504645833335,6.31276074590278
20.9507979166669,6.30690137059719
20.9511312500002,6.30468782881508
20.9514645833335,6.30885449569905
20.9517979166669,6.31432324598427
20.9521312500002,6.31992220460961
20.9524645833335,6.31679720444663
20.9527979166669,6.30794303731818
20.9531312500002,6.30833366233856
20.9534645833335,6.30885449569905
20.9537979166669,6.31002637076017
20.9541312500002,6.30638053723669
20.9544645833335,6.31132845416141
20.9547979166669,6.31549512104539
20.9551312500002,6.32083366299048
20.9554645833335,6.31809928784787
20.9557979166669,6.31380241262377
20.9561312500002,6.30755241229781
20.9564645833335,6.31315137092315
20.9567979166669,6.32395866315346
20.9571312500002,6.32838574671769
20.9574645833335,6.31549512104539
20.9577979166669,6.30742220395769
20.9581312500002,6.31132845416141
20.9584645833335,6.31940137124912
20.9587979166669,6.32161491303123
20.9591312500002,6.31562532938551
20.9594645833335,6.31575553772564
20.9597979166669,6.32330762145284
20.9601312500002,6.32395866315346
20.9604645833335,6.31966178792936
20.9607979166669,6.31106803748116
20.9611312500002,6.30781282897806
20.9614645833335,6.31197949586203
20.9617979166669,6.31419303764415
20.9621312500002,6.31809928784787
20.9624645833335,6.31614616274601
20.9627979166669,6.31315137092315
20.9631312500002,6.31744824614725
20.9634645833335,6.31809928784787
20.9637979166669,6.31744824614725
20.9641312500002,6.31445345432439
20.9644645833335,6.31432324598427
20.9647979166669,6.31979199626949
20.9651312500002,6.31953157958924
20.9654645833335,6.31731803780713
20.9657979166669,6.31614616274601
20.9661312500002,6.31523470436514
20.9664645833335,6.31445345432439
20.9667979166669,6.31158887084166
20.9671312500002,6.31406282930402
20.9674645833335,6.31875032954849
20.9677979166669,6.31783887116762
20.96813125,6.32018262128986
20.9684645833333,6.32044303797011
20.9687979166667,6.31862012120837
20.96913125,6.31380241262377
20.9694645833333,6.31497428768489
20.9697979166667,6.31914095456887
20.97013125,6.31731803780713
20.9704645833333,6.30833366233856
20.9707979166667,6.30950553739967
20.97113125,6.31536491270526
20.9714645833333,6.32500032987446
20.9717979166667,6.32161491303123
20.97213125,6.32044303797011
20.9724645833333,6.317187829467
20.9727979166667,6.318229496188
20.97313125,6.3177086628275
20.9734645833333,6.31653678776638
20.9737979166667,6.31783887116762
20.97413125,6.31380241262377
20.9744645833333,6.31666699610651
20.9747979166667,6.32174512137135
20.97513125,6.32734407999669
20.9754645833333,6.32317741311272
20.9757979166667,6.31888053788862
20.97613125,6.31731803780713
20.9764645833333,6.32174512137135
20.9767979166667,6.32473991319421
20.97713125,6.32890658007818
20.9774645833334,6.33164095522079
20.9777979166667,6.3300784551393
20.97813125,6.3300784551393
20.9784645833333,6.33372428866278
20.9787979166667,6.33424512202328
20.97913125,6.32760449667694
20.9794645833334,6.32213574639172
20.9797979166667,6.32838574671769
20.98013125,6.33528678874427
20.9804645833334,6.34075553902949
20.9807979166667,6.33281283028191
20.98113125,6.33411491368315
20.9814645833334,6.33658887214551
20.9817979166667,6.34609408097458
20.98213125,6.34882845611719
20.9824645833334,6.34075553902949
20.9827979166667,6.33723991384613
20.98313125,6.33619824712514
20.9834645833334,6.34231803911098
20.9837979166667,6.34140658073011
20.98413125,6.33854199724738
20.9844645833334,6.33828158056713
20.9847979166667,6.34414095587272
20.98513125,6.34544303927396
20.9854645833334,6.34921908113756
20.9857979166667,6.34479199757334
20.98613125,6.34973991449806
20.9864645833334,6.34687533101533
20.9867979166667,6.34947949781781
20.98713125,6.34830762275669
20.9874645833334,6.34869824777707
20.9877979166667,6.34466178923322
20.98813125,6.3467451226752
20.9884645833334,6.34739616437582
20.9887979166667,6.34283887247148
20.98913125,6.33268262194179
20.9894645833334,6.32851595505781
20.9897979166667,6.33125033020042
20.99013125,6.33737012218626
20.9904645833334,6.34088574736961
20.9907979166667,6.3477867893962
20.99113125,6.35039095619868
20.9914645833334,6.34856803943694
20.9917979166667,6.35442741474253
20.99213125,6.36679720705433
20.9924645833334,6.37434929078154
20.9927979166667,6.36315137353086
20.99313125,6.35390658138204
20.9934645833334,6.35195345628017
20.9937979166667,6.35794303992589
20.99413125,6.35377637304191
20.9944645833334,6.34557324761409
20.9947979166667,6.33984408064862
20.99513125,6.33737012218626
20.9954645833334,6.34401074753259
20.9957979166667,6.34752637271595
20.99613125,6.3510419978993
20.9964645833334,6.35403678972216
20.9967979166667,6.35455762308266
20.99713125,6.34856803943694
20.9974645833334,6.34231803911098
20.9977979166667,6.33971387230849
20.99813125,6.35052116453881
20.9984645833334,6.35455762308266
20.9987979166667,6.360156581708
20.99913125,6.35677116486477
20.9994645833334,6.35559928980365
20.9997979166667,6.35716178988514
21.00013125,6.35716178988514
21.0004645833334,6.35403678972216
21.0007979166667,6.35364616470179
21.00113125,6.35364616470179
21.0014645833334,6.35677116486477
21.0017979166667,6.35859408162651
21.00213125,6.36171908178949
21.0024645833334,6.36523470697284
21.0027979166667,6.36588574867346
21.00313125,6.36484408195247
21.0034645833334,6.36666699871421
21.0037979166667,6.36484408195247
21.00413125,6.36640658203396
21.0044645833334,6.36601595701359
21.0047979166667,6.36862012381607
21.0051312500001,6.37148470729881
21.0054645833334,6.37148470729881
21.0057979166667,6.36888054049632
21.00613125,6.37369824908092
21.0064645833334,6.37656283256365
21.0067979166667,6.37812533264514
21.0071312500001,6.3730472073803
21.0074645833334,6.37825554098527
21.0077979166667,6.38190137450874
21.00813125,6.38229199952912
21.0084645833334,6.37617220754328
21.0087979166667,6.37864616600564
21.0091312500001,6.37994824940688
21.0094645833334,6.38307324956986
21.0097979166667,6.38085970778775
21.0101312500001,6.38020866608713
21.0104645833334,6.37500033248216
21.0107979166667,6.37539095750253
21.0111312500001,6.37890658268589
21.0114645833334,6.38411491629086
21.0117979166667,6.38984408325632
21.0121312500001,6.39062533329707
21.0124645833334,6.39192741669831
21.0127979166667,6.38802116649458
21.0131312500001,6.39335970843968
21.0134645833334,6.39674512528291
21.0137979166667,6.39700554196315
21.0141312500001,6.38880241653533
21.0144645833334,6.38750033313409
21.0147979166667,6.3929690834193
21.0151312500001,6.40052116714651
21.0154645833334,6.39375033346005
21.0157979166667,6.39388054180017
21.0161312500001,6.39427116682055
21.0164645833334,6.40598991743173
21.0167979166667,6.40703158415272
21.0171312500001,6.40403679232986
21.0174645833334,6.40091179216688
21.0177979166667,6.39856804204464
21.0181312500001,6.40143262552738
21.0184645833334,6.40612012577185
21.0187979166667,6.41054720933607
21.0191312500001,6.41523470958055
21.0194645833334,6.41471387622005
21.0197979166667,6.41510450124042
21.0201312500001,6.42005241816514
21.0204645833334,6.42838575193309
21.0207979166667,6.43007846035471
21.0211312500001,6.42226595994725
21.0214645833334,6.41744825136266
21.0217979166667,6.4192711681244
21.0221312500001,6.42421908504912
21.0224645833334,6.42148470990651
21.0227979166667,6.41848991808365
21.0231312500001,6.41406283451943
21.0234645833334,6.41679720966204
21.0237979166667,6.41848991808365
21.0241312500001,6.42018262650527
21.0244645833334,6.41953158480465
21.0247979166667,6.42591179347073
21.0251312500001,6.43190137711645
21.0254645833334,6.43802116910229
21.0257979166667,6.43802116910229
21.0261312500001,6.43359408553806
21.0264645833334,6.42408887670899
21.0267979166667,6.42291700164788
21.0271312500001,6.42656283517135
21.0274645833334,6.43723991906154
21.0277979166667,6.43359408553806
21.0281312500001,6.43294304383744
21.0284645833334,6.43346387719794
21.0287979166667,6.44609408618999
21.0291312500001,6.45507846165856
21.0294645833334,6.45455762829806
21.0297979166667,6.44596387784986
21.0301312500001,6.43945346084365
21.0304645833334,6.43789096076216
21.0307979166667,6.44505241946899
21.0311312500001,6.4569013784203
21.0314645833334,6.46367221210676
21.0317979166668,6.46132846198452
21.0321312500001,6.45546908667893
21.0324645833334,6.45169304481533
21.0327979166668,6.44973991971347
21.0331312500001,6.44987012805359
21.0334645833334,6.45911492020241
21.0337979166668,6.47252637923521
21.0341312500001,6.47877637956117
21.0344645833334,6.48242221308465
21.0347979166667,6.47903679624142
21.0351312500001,6.47239617089508
21.0354645833334,6.46783887899073
21.0357979166668,6.47109408749384
21.0361312500001,6.48710971332912
21.0364645833334,6.49231804693409
21.0367979166668,6.48737013000937
21.0371312500001,6.48085971300316
21.0374645833334,6.48567742158775
21.0377979166668,6.49895867228042
21.0381312500001,6.50130242240266
21.0384645833334,6.49791700555943
21.0387979166668,6.48671908830875
21.0391312500001,6.48737013000937
21.0394645833334,6.49296908863471
21.0397979166668,6.50013054734154
21.0401312500001,6.49713575551869
21.0404645833334,6.49062533851247
21.0407979166668,6.49479200539645
21.0411312500001,6.50533888094651
21.0414645833334,6.51354200637434
21.0417979166668,6.51536492313608
21.0421312500001,6.51770867325831
21.0424645833334,6.52018263172067
21.0427979166668,6.52434929860465
21.0431312500001,6.52213575682254
21.0434645833334,6.51875033997931
21.0437979166668,6.51731804823794
21.0441312500001,6.51770867325831
21.0444645833334,6.52526075698552
21.0447979166668,6.52174513180216
21.0451312500001,6.52903679884912
21.0454645833334,6.53138054897136
21.0457979166668,6.53984409107943
21.0461312500001,6.53737013261707
21.0464645833334,6.53763054929732
21.0467979166668,6.54283888290229
21.0471312500001,6.55208367505111
21.0474645833334,6.55442742517335
21.0477979166668,6.55677117529558
21.0481312500001,6.55598992525484
21.0484645833334,6.56106805051968
21.0487979166668,6.56002638379869
21.0491312500001,6.56028680047894
21.0494645833334,6.55950555043819
21.0497979166668,6.56367221732217
21.0501312500001,6.57473992623272
21.0504645833334,6.58203159327968
21.0507979166668,6.58502638510254
21.0511312500001,6.58020867651794
21.0514645833334,6.5751305512531
21.0517979166668,6.58098992655869
21.0521312500001,6.59114617708838
21.0524645833334,6.59661492737359
21.0527979166668,6.59453159393161
21.0531312500001,6.59375034389086
21.0534645833334,6.59700555239397
21.0537979166668,6.60377638608043
21.0541312500001,6.60312534437981
21.0544645833334,6.61406284495024
21.0547979166668,6.62096388697683
21.0551312500001,6.63229201256763
21.0554645833334,6.63151076252689
21.0557979166668,6.62721388730279
21.0561312500001,6.62604201224167
21.0564645833334,6.63125034584664
21.0567979166668,6.63541701273061
21.0571312500001,6.63697951281211
21.0574645833334,6.63593784609111
21.0577979166668,6.64192742973683
21.0581312500001,6.64531284658005
21.0584645833334,6.64817743006279
21.0587979166668,6.64622430496093
21.0591312500001,6.65117222188565
21.0594645833335,6.65625034715049
21.0597979166668,6.66744826440117
21.0601312500001,6.66419305589807
21.0604645833335,6.66848993112217
21.0607979166668,6.66822951444192
21.0611312500001,6.67643263986975
21.0614645833334,6.67838576497161
21.0617979166668,6.67760451493086
21.0621312500001,6.67682326489012
21.0624645833335,6.68085972343397
21.0627979166668,6.68437534861732
21.0631312500001,6.6885420155013
21.0634645833335,6.68867222384142
21.0637979166668,6.69817743267049
21.0641312500001,6.70559930805757
21.0644645833335,6.70924514158105
21.0647979166668,6.70833368320018
21.0651312500001,6.70677118311869
21.0654645833335,6.71406285016565
21.0657979166668,6.71223993340391
21.0661312500001,6.71054722498229
21.0664645833335,6.70598993307795
21.0667979166668,6.71354201680515
21.0671312500001,6.72604201745708
21.0674645833335,6.72747430919844
21.0677979166668,6.7223961839336
21.0681312500001,6.72148472555273
21.0684645833335,6.7218753505731
21.0687979166668,6.7304691010213
21.0691312500001,6.73294305948366
21.0694645833335,6.7428388933331
21.0697979166668,6.74609410183621
21.0701312500001,6.74843785195844
21.0704645833335,6.74960972701956
21.0707979166668,6.75104201876093
21.0711312500001,6.75442743560416
21.0714645833335,6.75494826896466
21.0717979166668,6.75338576888316
21.0721312500001,6.75377639390354
21.0724645833335,6.75286493552267
21.0727979166668,6.75989618588937
21.0731312500001,6.76184931099124
21.0734645833335,6.76692743625608
21.0737979166668,6.76783889463695
21.0741312500001,6.76588576953509
21.0744645833335,6.76250035269186
21.0747979166668,6.76197951933136
21.0751312500001,6.76927118637832
21.0754645833335,6.7772138951259
21.0757979166668,6.77656285342528
21.0761312500001,6.7809899369895
21.0764645833335,6.78593785391422
21.0767979166668,6.79440139602229
21.0771312500001,6.79752639618528
21.0774645833335,6.79531285440317
21.0777979166668,6.79231806258031
21.0781312500001,6.79101597917907
21.0784645833335,6.79635452112416
21.0787979166668,6.80325556315074
21.0791312500001,6.80468785489211
21.0794645833335,6.80755243837484
21.0797979166668,6.80468785489211
21.0801312500001,6.80664097999397
21.0804645833335,6.80416702153161
21.0807979166668,6.80468785489211
21.0811312500001,6.80416702153161
21.0814645833335,6.80690139667422
21.0817979166668,6.81328160534031
21.0821312500001,6.81263056363969
21.0824645833335,6.81171910525882
21.0827979166668,6.80976598015695
21.0831312500001,6.82187535578851
21.0834645833335,6.83398473142006
21.0837979166668,6.83867223166453
21.0841312500001,6.83554723150155
21.0844645833335,6.82708368939348
21.0847979166668,6.82812535611447
21.0851312500001,6.82877639781509
21.0854645833335,6.8309899395972
21.0857979166668,6.83112014793733
21.0861312500002,6.83059931457683
21.0864645833335,6.8406253567664
21.0867979166668,6.84700556543248
21.0871312500001,6.85273473239795
21.0874645833335,6.8481774404936
21.0877979166668,6.83971389838553
21.0881312500002,6.83919306502503
21.0884645833335,6.84101598178677
21.0887979166668,6.84479202365037
21.0891312500001,6.84205764850776
21.0894645833335,6.83307327303919
21.0897979166668,6.83997431506577
21.0901312500002,6.84934931555472
21.0904645833335,6.85989619110478
21.0907979166668,6.85768264932267
21.0911312500002,6.84687535709236
21.0914645833335,6.8438805652695
21.0917979166668,6.84713577377261
21.0921312500002,6.85338577409857
21.0924645833335,6.85104202397633
21.0927979166668,6.84583369037136
21.0931312500002,6.84375035692938
21.0934645833335,6.85169306567695
21.0937979166668,6.8572920243023
21.0941312500002,6.85768264932267
21.0944645833335,6.85533889920043
21.0947979166668,6.8486982738541
21.0951312500002,6.85065139895596
21.0954645833335,6.84987014891522
21.0957979166668,6.85664098260168
21.0961312500002,6.86028681612515
21.0964645833335,6.86093785782578
21.0967979166668,6.85598994090106
21.0971312500002,6.85520869086031
21.0974645833335,6.84635452373186
21.0977979166668,6.8481774404936
21.0981312500002,6.85026077393559
21.0984645833335,6.85742223264242
21.0987979166668,6.85833369102329
21.0991312500002,6.84791702381335
21.0994645833335,6.84830764883372
21.0997979166668,6.8476566071331
21.1001312500002,6.84544306535099
21.1004645833335,6.84166702348739
21.1007979166668,6.84088577344664
21.1011312500002,6.85338577409857
21.1014645833335,6.86028681612515
21.1017979166668,6.85312535741832
21.1021312500002,6.84309931522876
21.1024645833335,6.84440139863
21.1027979166668,6.85000035725534
21.1031312500002,6.85468785749981
21.1034645833335,6.84973994057509
21.1037979166668,6.8481774404936
21.1041312500002,6.84583369037136
21.1044645833335,6.83880244000466
21.1047979166668,6.83138056461758
21.1051312500002,6.82408889757062
21.1054645833335,6.8266930643731
21.1057979166668,6.83515660648118
21.1061312500002,6.83723993992317
21.1064645833335,6.8315107729577
21.1067979166668,6.82330764752987
21.1071312500002,6.81953160566627
21.1074645833335,6.82317743918975
21.1077979166668,6.82682327271323
21.1081312500002,6.83359410639969
21.1084645833335,6.8320316063182
21.1087979166668,6.8315107729577
21.1091312500002,6.82213577246876
21.1094645833335,6.81666702218354
21.1097979166668,6.80794306339521
21.1101312500002,6.80781285505509
21.1104645833335,6.80664097999397
21.1107979166668,6.80898473011621
21.1111312500002,6.81354202202056
21.1114645833335,6.81419306372118
21.1117979166668,6.80807327173534
21.1121312500002,6.79987014630751
21.1124645833335,6.79505243772292
21.1127979166668,6.80039097966801
21.1131312500002,6.80651077165385
21.1134645833335,6.81263056363969
21.1137979166669,6.81250035529956
21.1141312500002,6.81158889691869
21.1144645833335,6.80559931327298
21.1147979166669,6.80221389642975
21.1151312500002,6.79362014598155
21.1154645833335,6.79257847926056
21.1157979166669,6.79778681286553
21.1161312500002,6.80052118800813
21.1164645833335,6.801432646389
21.1167979166669,6.79049514581857
21.1171312500002,6.78242222873087
21.1174645833335,6.77942743690801
21.1177979166669,6.77916702022776
21.1181312500002,6.77955764524813
21.1184645833335,6.78085972864938
21.1187979166669,6.78033889528888
21.1191312500002,6.78190139537037
21.1194645833335,6.77877639520739
21.1197979166669,6.78229202039074
21.1201312500002,6.77369826994254
21.1204645833335,6.76705764459621
21.1207979166669,6.75846389414801
21.1211312500002,6.76354201941285
21.1214645833335,6.76210972767149
21.1217979166669,6.77031285309931
21.1221312500002,6.77161493650056
21.1224645833335,6.77343785326229
21.1227979166669,6.76666701957584
21.1231312500002,6.76080764427025
21.1234645833335,6.76145868597087
21.1237979166669,6.7638024360931
21.1241312500002,6.76210972767149
21.1244645833335,6.75416701892391
21.1247979166669,6.74856806029857
21.1251312500002,6.75221389382205
21.1254645833335,6.75794306078751
21.1257979166669,6.75039097706031
21.1261312500002,6.73684930968739
21.1264645833335,6.73294305948366
21.1267979166669,6.74166701827198
21.1271312500002,6.74739618523745
21.1274645833335,6.73750035138801
21.1277979166669,6.72643264247745
21.1281312500002,6.72773472587869
21.1284645833335,6.73880243478925
21.1287979166669,6.73971389317012
21.1291312500002,6.72591180911695
21.1294645833335,6.71927118377062
21.1297979166669,6.72122430887248
21.1301312500002,6.72916701762006
21.1304645833335,6.72591180911695
21.1307979166669,6.71692743364838
21.1311312500002,6.71692743364838
21.1314645833335,6.71666701696813
21.1317979166669,6.71536493356689
21.1321312500002,6.7100263916218
21.1324645833335,6.70247430789459
21.1327979166669,6.70625034975819
21.1331312500002,6.70846389154031
21.1334645833335,6.70924514158105
21.1337979166669,6.70286493291496
21.1341312500002,6.69856805769086
21.1344645833335,6.70533889137732
21.1347979166669,6.70481805801683
21.1351312500002,6.69987014109211
21.1354645833335,6.68411493193708
21.1357979166669,6.68085972343397
21.1361312500002,6.68151076513459
21.1364645833335,6.68554722367844
21.1367979166669,6.68489618197782
21.1371312500002,6.67291701468639
21.1374645833335,6.66354201419745
21.1377979166669,6.66549513929931
21.1381312500002,6.67695347323024
21.1384645833335,6.68593784869881
21.1387979166667,6.67643263986975
21.13913125,6.67031284788391
21.1394645833333,6.66302118083695
21.1397979166667,6.66367222253757
21.14013125,6.66210972245608
21.1404645833333,6.65755243055173
21.1407979166667,6.65885451395297
21.14113125,6.66197951411596
21.1414645833333,6.66744826440117
21.1417979166667,6.66562534763944
21.14213125,6.65833368059248
21.1424645833333,6.65989618067397
21.1427979166667,6.65833368059248
21.14313125,6.65455763872888
21.1434645833333,6.65000034682453
21.1437979166667,6.64583367994055
21.14413125,6.64765659670229
21.1444645833333,6.64322951313807
21.1447979166667,6.64049513799546
21.14513125,6.63893263791397
21.1454645833333,6.63763055451273
21.1457979166667,6.63893263791397
21.14613125,6.63893263791397
21.1464645833333,6.63619826277136
21.1467979166667,6.63281284592813
21.14713125,6.62968784576515
21.1474645833333,6.63255242924788
21.1477979166667,6.6380211795331
21.14813125,6.64010451297509
21.1484645833333,6.63294305426825
21.1487979166667,6.62591180390155
21.14913125,6.62005242859596
21.1494645833334,6.62239617871819
21.1497979166667,6.62343784543919
21.15013125,6.62591180390155
21.1504645833334,6.62369826211943
21.1507979166667,6.62096388697683
21.15113125,6.62044305361633
21.1514645833334,6.62382847045956
21.1517979166667,6.62187534535769
21.15213125,6.61471388665086
21.1524645833334,6.61132846980763
21.1527979166667,6.61497430333111
21.15313125,6.61770867847372
21.1534645833334,6.6170576367731
21.1537979166667,6.61145867814776
21.15413125,6.60716180292366
21.1544645833334,6.60859409466502
21.1547979166667,6.60638055288291
21.15513125,6.60429721944092
21.1554645833334,6.59205763546925
21.1557979166667,6.58619826016366
21.15613125,6.59010451036738
21.1564645833334,6.60299513603968
21.1567979166667,6.61315138656937
21.15713125,6.61575555337186
21.1574645833334,6.60677117790328
21.1577979166667,6.60403680276068
21.15813125,6.61028680308664
21.1584645833334,6.61822951183422
21.1587979166667,6.61679722009285
21.15913125,6.60065138591745
21.1594645833334,6.59440138559148
21.1597979166667,6.59440138559148
21.16013125,6.5950524272921
21.1604645833334,6.59427117725136
21.1607979166667,6.58684930186428
21.16113125,6.59153680210875
21.1614645833334,6.59466180227173
21.1617979166667,6.59921909417608
21.16213125,6.59427117725136
21.1624645833334,6.58619826016366
21.1627979166667,6.58880242696614
21.16313125,6.590755552068
21.1634645833334,6.58789096858527
21.1637979166667,6.57565138461359
21.16413125,6.57434930121235
21.1644645833334,6.57487013457285
21.1647979166667,6.58112013489881
21.16513125,6.5826826349803
21.1654645833334,6.58554721846304
21.1657979166667,6.58437534340192
21.16613125,6.5837243017013
21.1664645833334,6.58593784348341
21.1667979166667,6.58723992688465
21.16713125,6.58619826016366
21.1674645833334,6.59257846882974
21.1677979166667,6.59414096891123
21.16813125,6.59283888550999
21.1684645833334,6.58437534340192
21.1687979166667,6.58072950987844
21.16913125,6.5826826349803
21.1694645833334,6.58385451004142
21.1697979166667,6.58059930153831
21.17013125,6.57968784315745
21.1704645833334,6.57903680145682
21.1707979166667,6.58880242696614
21.17113125,6.58658888518403
21.1714645833334,6.58567742680316
21.1717979166667,6.58190138493956
21.17213125,6.59023471870751
21.1724645833334,6.59153680210875
21.1727979166667,6.58841180194577
21.17313125,6.58333367668092
21.1734645833334,6.58177117659943
21.1737979166667,6.58463576008217
21.17413125,6.58046909319819
21.1744645833334,6.58085971821856
21.1747979166667,6.58359409336117
21.17513125,6.58684930186428
21.1754645833334,6.58307326000068
21.1757979166667,6.569792009308
21.1761312500001,6.56380242566229
21.1764645833334,6.56862013424689
21.1767979166667,6.57526075959322
21.17713125,6.5821618016198
21.1774645833334,6.58424513506179
21.1777979166667,6.58489617676241
21.1781312500001,6.58255242664018
21.1784645833334,6.58294305166055
21.1787979166667,6.58112013489881
21.1791312500001,6.57330763449136
21.1794645833334,6.57187534274999
21.1797979166667,6.58398471838154
21.1801312500001,6.59583367733285
21.1804645833334,6.59570346899272
21.1807979166667,6.59062534372788
21.1811312500001,6.58528680178279
21.1814645833334,6.58020867651794
21.1817979166667,6.57213575943024
21.1821312500001,6.57226596777036
21.1824645833334,6.57656284299446
21.1827979166667,6.57786492639571
21.1831312500001,6.57395867619198
21.1834645833334,6.57226596777036
21.1837979166667,6.57695346801484
21.1841312500001,6.58190138493956
21.1844645833334,6.58125034323894
21.1847979166667,6.57656284299446
21.1851312500001,6.57487013457285
21.1854645833334,6.57526075959322
21.1857979166667,6.5783857597562
21.1861312500001,6.57226596777036
21.1864645833334,6.56757846752589
21.1867979166667,6.57005242598825
21.1871312500001,6.57630242631421
21.1874645833334,6.58072950987844
21.1877979166667,6.57760450971546
21.1881312500001,6.56927117594751
21.1884645833334,6.56575555076415
21.1887979166667,6.56445346736291
21.1891312500001,6.57317742615123
21.1894645833334,6.57903680145682
21.1897979166667,6.57968784315745
21.1901312500001,6.58229200995993
21.1904645833334,6.57825555141608
21.1907979166667,6.57187534274999
21.1911312500001,6.5617190922203
21.1914645833334,6.55390659181285
21.1917979166667,6.55182325837086
21.1921312500001,6.55455763351347
21.1924645833334,6.56484409238328
21.1927979166667,6.57330763449136
21.1931312500001,6.57565138461359
21.1934645833334,6.57291700947098
21.1937979166667,6.57057325934875
21.1941312500001,6.57161492606974
21.1944645833334,6.57552117627347
21.1947979166667,6.58359409336117
21.1951312500001,6.58567742680316
21.1954645833334,6.58177117659943
21.1957979166667,6.57382846785186
21.1961312500001,6.56341180064192
21.1964645833334,6.55403680015297
21.1967979166667,6.55208367505111
21.1971312500001,6.55976596711844
21.1974645833334,6.57135450938949
21.1977979166667,6.56640659246477
21.1981312500001,6.55898471707769
21.1984645833334,6.55612013359496
21.1987979166667,6.55885450873757
21.1991312500001,6.56744825918577
21.1994645833334,6.56966180096788
21.1997979166667,6.57591180129384
21.2001312500001,6.57500034291297
21.2004645833334,6.57864617643645
21.2007979166667,6.57591180129384
21.2011312500001,6.57421909287223
21.2014645833334,6.5703128426685
21.2017979166668,6.56966180096788
21.2021312500001,6.57070346768887
21.2024645833334,6.56822950922651
21.2027979166667,6.57122430104937
21.2031312500001,6.57265659279074
21.2034645833334,6.57760450971546
21.2037979166667,6.57643263465434
21.2041312500001,6.57382846785186
21.2044645833334,6.56718784250552
21.2047979166668,6.56445346736291
21.2051312500001,6.569792009308
21.2054645833334,6.57682325967471
21.2057979166667,6.5794274264772
21.2061312500001,6.57070346768887
21.2064645833334,6.55976596711844
21.2067979166668,6.55937534209807
21.2071312500001,6.569792009308
21.2074645833334,6.57773471805558
21.2077979166668,6.57226596777036
21.2081312500001,6.56458367570303
21.2084645833334,6.56835971756664
21.2087979166668,6.58059930153831
21.2091312500001,6.58190138493956
21.2094645833334,6.56901075926726
21.2097979166668,6.55234409173136
21.2101312500001,6.55065138330974
21.2104645833334,6.55937534209807
21.2107979166668,6.56184930056043
21.2111312500001,6.55338575845235
21.2114645833334,6.55169305003074
21.2117979166668,6.56093784217956
21.2121312500001,6.57265659279074
21.2124645833334,6.56888055092713
21.2127979166668,6.56731805084564
21.2131312500001,6.56862013424689
21.2134645833334,6.57591180129384
21.2137979166668,6.57304721781111
21.2141312500001,6.57278680113086
21.2144645833334,6.5665368008049
21.2147979166668,6.56341180064192
21.2151312500001,6.55807325869682
21.2154645833334,6.55807325869682
21.2157979166668,6.56328159230179
21.2161312500001,6.56354200898204
21.2164645833334,6.56432325902279
21.2167979166668,6.56822950922651
21.2171312500001,6.56888055092713
21.2174645833334,6.56940138428763
21.2177979166668,6.56471388404316
21.2181312500001,6.56614617578453
21.2184645833334,6.56744825918577
21.2187979166668,6.56822950922651
21.2191312500001,6.56914096760738
21.2194645833334,6.56302117562154
21.2197979166668,6.55755242533633
21.2201312500001,6.55612013359496
21.2204645833334,6.56666700914502
21.2207979166668,6.57825555141608
21.2211312500001,6.57864617643645
21.2214645833334,6.570833676029
21.2217979166668,6.56237013392092
21.2221312500001,6.56080763383943
21.2224645833334,6.56614617578453
21.2227979166668,6.56744825918577
21.2231312500001,6.56992221764813
21.2234645833334,6.56822950922651
21.2237979166668,6.57343784283148
21.2241312500001,6.57395867619198
21.2244645833334,6.58333367668092
21.2247979166668,6.5869795102044
21.2251312500001,6.58593784348341
21.2254645833334,6.57487013457285
21.2257979166668,6.56328159230179
21.2261312500001,6.56093784217956
21.2264645833334,6.56796909254626
21.2267979166668,6.57278680113086
21.2271312500001,6.57851596809633
21.2274645833334,6.56848992590676
21.2277979166668,6.56380242566229
21.2281312500001,6.5665368008049
21.2284645833334,6.57395867619198
21.2287979166668,6.58033888485807
21.2291312500001,6.58229200995993
21.2294645833334,6.57981805149757
21.2297979166668,6.58020867651794
21.2301312500001,6.56705763416539
21.2304645833334,6.56692742582527
21.2307979166668,6.57044305100862
21.2311312500001,6.5783857597562
21.2314645833334,6.57864617643645
21.2317979166668,6.57812534307595
21.2321312500001,6.58398471838154
21.2324645833335,6.58463576008217
21.2327979166668,6.57760450971546
21.2331312500001,6.56575555076415
21.2334645833335,6.56210971724067
21.2337979166668,6.5622399255808
21.2341312500001,6.56770867586602
21.2344645833335,6.57005242598825
21.2347979166668,6.57369825951173
21.2351312500001,6.57161492606974
21.2354645833335,6.57747430137533
21.2357979166668,6.57656284299446
21.2361312500001,6.58177117659943
21.2364645833335,6.57721388469509
21.2367979166668,6.57994825983769
21.2371312500001,6.57617221797409
21.2374645833335,6.56966180096788
21.2377979166668,6.57187534274999
21.2381312500001,6.57786492639571
21.2384645833335,6.5832034683408
21.2387979166668,6.57708367635496
21.2391312500001,6.57161492606974
21.2394645833335,6.57161492606974
21.2397979166668,6.5665368008049
21.2401312500001,6.56796909254626
21.2404645833335,6.57278680113086
21.2407979166668,6.57825555141608
21.2411312500001,6.56953159262776
21.2414645833335,6.56237013392092
21.2417979166668,6.56901075926726
21.2421312500001,6.58307326000068
21.2424645833335,6.59244826048962
21.2427979166668,6.58619826016366
21.2431312500001,6.58020867651794
21.2434645833335,6.58424513506179
21.2437979166668,6.59192742712912
21.2441312500001,6.59817742745509
21.2444645833335,6.58867221862602
21.2447979166668,6.57669305133459
21.2451312500001,6.57630242631421
21.2454645833335,6.58476596842229
21.2457979166668,6.59791701077484
21.2461312500001,6.59166701044887
21.2464645833335,6.57903680145682
21.2467979166668,6.57252638445061
21.2471312500001,6.56848992590676
21.2474645833335,6.57044305100862
21.2477979166668,6.56783888420614
21.2481312500001,6.56666700914502
21.2484645833335,6.56627638412465
21.2487979166668,6.56536492574378
21.2491312500001,6.56888055092713
21.2494645833335,6.57239617611049
21.2497979166668,6.57773471805558
21.2501312500001,6.57929721813707
21.2504645833335,6.57708367635496
21.2507979166668,6.57643263465434
21.2511312500001,6.57812534307595
21.2514645833335,6.58072950987844
21.2517979166668,6.57747430137533
21.2521312500001,6.5821618016198
21.2524645833335,6.58177117659943
21.2527979166668,6.58645867684391
21.2531312500001,6.57929721813707
21.2534645833335,6.57955763481732
21.2537979166668,6.58138055157906
21.2541312500001,6.58710971854453
21.2544645833335,6.58997430202726
21.2547979166668,6.58645867684391
21.2551312500001,6.58333367668092
21.2554645833335,6.58645867684391
21.2557979166668,6.58815138526552
21.2561312500001,6.58554721846304
21.2564645833335,6.58489617676241
21.2567979166668,6.58489617676241
21.2571312500001,6.58723992688465
21.2574645833335,6.58294305166055
21.2577979166668,6.57916700979695
21.2581312500001,6.57955763481732
21.2584645833335,6.58046909319819
21.2587979166668,6.58867221862602
21.2591312500002,6.59453159393161
21.2594645833335,6.59283888550999
21.2597979166668,6.58815138526552
21.2601312500002,6.5869795102044
21.2604645833335,6.59635451069335
21.2607979166668,6.5998701358767
21.2611312500002,6.591797218789
21.2614645833335,6.57174513440987
21.2617979166668,6.56471388404316
21.2621312500002,6.56614617578453
21.2624645833335,6.5794274264772
21.2627979166668,6.57643263465434
21.2631312500002,6.56770867586602
21.2634645833335,6.56510450906353
21.2637979166668,6.57148471772962
21.2641312500002,6.58098992655869
21.2644645833335,6.58411492672167
21.2647979166668,6.58125034323894
21.2651312500002,6.58593784348341
21.2654645833335,6.58333367668092
21.2657979166668,6.58502638510254
21.2661312500002,6.58072950987844
21.2664645833335,6.58737013522477
21.2667979166668,6.5923180521495
21.2671312500002,6.59518263563223
21.2674645833335,6.58789096858527
21.2677979166668,6.58945346866676
21.2681312500002,6.60000034421682
21.2684645833335,6.60572951118229
21.2687979166668,6.59856805247546
21.2691312500002,6.58424513506179
21.2694645833335,6.58203159327968
21.2697979166668,6.58710971854453
21.2701312500002,6.59244826048962
21.2704645833335,6.58880242696614
21.2707979166668,6.57851596809633
21.2711312500002,6.57669305133459
21.2714645833335,6.57968784315745
21.2717979166668,6.58658888518403
21.2721312500002,6.590755552068
21.2724645833335,6.58437534340192
21.2727979166668,6.58554721846304
21.2731312500002,6.58398471838154
21.2734645833335,6.59062534372788
21.2737979166668,6.58424513506179
21.2741312500002,6.58190138493956
21.2744645833335,6.58828159360564
21.2747979166668,6.60638055288291
21.2751312500002,6.6074222196039
21.2754645833335,6.6003909692372
21.2757979166668,6.59414096891123
21.2761312500002,6.59856805247546
21.2764645833335,6.60572951118229
21.2767979166668,6.60273471935943
21.2771312500002,6.60377638608043
21.2774645833335,6.5993493025162
21.2777979166668,6.59570346899272
21.2781312500002,6.59153680210875
21.2784645833335,6.58893263530627
21.2787979166668,6.59622430235322
21.2791312500002,6.60208367765881
21.2794645833335,6.60859409466502
21.2797979166668,6.60572951118229
21.2801312500002,6.6003909692372
21.2804645833335,6.60598992786254
21.2807979166668,6.61119826146751
21.2811312500002,6.60677117790328
21.2814645833335,6.59661492737359
21.2817979166668,6.59375034389086
21.2821312500002,6.60559930284217
21.2824645833335,6.60885451134527
21.2827979166669,6.60638055288291
21.2831312500002,6.60013055255695
21.2834645833335,6.60338576106005
21.2837979166668,6.61393263661012
21.2841312500002,6.62226597037807
21.2844645833335,6.61822951183422
21.2847979166668,6.6089847196854
21.2851312500002,6.60716180292366
21.2854645833335,6.6132815949095
21.2857979166668,6.61731805345335
21.2861312500002,6.6122399281885
21.2864645833335,6.60533888616192
21.2867979166669,6.60859409466502
21.2871312500002,6.61627638673235
21.2874645833335,6.62421909547993
21.2877979166669,6.62096388697683
21.2881312500002,6.61848992851446
21.2884645833335,6.61953159523546
21.2887979166668,6.62382847045956
21.2891312500002,6.62005242859596
21.2894645833335,6.61341180324962
21.2897979166669,6.61354201158974
21.2901312500002,6.61862013685459
21.2904645833335,6.62161492867745
21.2907979166669,6.62148472033732
21.2911312500002,6.61901076187496
21.2914645833335,6.62343784543919
21.2917979166669,6.62526076220092
21.2921312500002,6.6251305538608
21.2924645833335,6.61888055353484
21.2927979166669,6.61562534503173
21.2931312500002,6.61862013685459
21.2934645833335,6.62304722041881
21.2937979166669,6.62109409531695
21.2941312500002,6.61692742843297
21.2944645833335,6.62018263693608
21.2947979166669,6.62682326228242
21.2951312500002,6.63307326260838
21.2954645833335,6.62825555402378
21.2957979166669,6.62487013718055
21.2961312500002,6.63098992916639
21.2964645833335,6.63593784609111
21.2967979166669,6.63437534600962
21.2971312500002,6.62148472033732
21.2974645833335,6.6203128452762
21.2977979166669,6.62265659539844
21.2981312500002,6.63255242924788
21.2984645833335,6.64205763807695
21.2987979166669,6.64427117985906
21.2991312500002,6.64335972147819
21.2994645833335,6.63984409629484
21.2997979166669,6.63984409629484
21.3001312500002,6.64401076317881
21.3004645833335,6.6412763880362
21.3007979166669,6.64362013815844
21.3011312500002,6.64726597168192
21.3014645833335,6.64843784674304
21.3017979166669,6.6423180547572
21.3021312500002,6.63255242924788
21.3024645833335,6.63125034584664
21.3027979166669,6.64244826309732
21.3031312500002,6.65312534698751
21.3034645833335,6.65078159686527
21.3037979166669,6.64453159653931
21.3041312500002,6.63580763775099
21.3044645833335,6.64036492965534
21.3047979166669,6.64335972147819
21.3051312500002,6.64322951313807
21.3054645833335,6.63567742941086
21.3057979166669,6.63411492932937
21.3061312500002,6.63945347127446
21.3064645833335,6.65013055516465
21.3067979166669,6.64856805508316
21.3071312500002,6.63958367961459
21.3074645833335,6.63606805443123
21.3077979166669,6.64075555467571
21.3081312500002,6.65507847208937
21.3084645833335,6.65976597233385
21.3087979166669,6.65664097217086
21.3091312500002,6.65156284690602
21.3094645833333,6.65000034682453
21.3097979166667,6.64830763840291
21.31013125,6.63776076285285
21.3104645833333,6.62669305394229
21.3107979166667,6.62903680406453
21.31113125,6.64257847143745
21.3114645833333,6.65208368026652
21.3117979166667,6.64895868010353
21.31213125,6.64622430496093
21.3124645833333,6.64166701305658
21.3127979166667,6.64153680471645
21.31313125,6.64388055483869
21.3134645833333,6.65156284690602
21.3137979166667,6.65442743038875
21.31413125,6.64713576334179
21.3144645833333,6.63502638771024
21.3147979166667,6.63893263791397
21.31513125,6.63971388795471
21.3154645833333,6.64257847143745
21.3157979166667,6.63346388762875
21.31613125,6.63164097086701
21.3164645833333,6.64257847143745
21.3167979166667,6.65403680536838
21.31713125,6.65716180553136
21.3174645833333,6.65065138852515
21.3177979166667,6.64947951346403
21.31813125,6.65625034715049
21.3184645833334,6.65911493063322
21.3187979166667,6.65000034682453
21.31913125,6.64166701305658
21.3194645833333,6.63463576268987
21.3197979166667,6.63619826277136
21.32013125,6.63528680439049
21.3204645833334,6.63515659605037
21.3207979166667,6.64713576334179
21.32113125,6.65377638868813
21.3214645833333,6.6552086804295
21.3217979166667,6.64218784641707
21.32213125,6.64114617969608
21.3224645833334,6.64869826342329
21.3227979166667,6.65364618034801
21.32313125,6.64895868010353
21.3234645833334,6.64492222155968
21.3237979166667,6.64921909678378
21.32413125,6.65117222188565
21.3244645833334,6.64570347160043
21.3247979166667,6.63502638771024
21.32513125,6.6428388881177
21.3254645833334,6.64869826342329
21.3257979166667,6.64973993014428
21.32613125,6.6423180547572
21.3264645833334,6.63841180455347
21.3267979166667,6.64257847143745
21.32713125,6.64088576301583
21.3274645833334,6.64414097151894
21.3277979166667,6.63906284625409
21.32813125,6.63906284625409
21.3284645833334,6.64453159653931
21.3287979166667,6.65208368026652
21.32913125,6.65065138852515
21.3294645833334,6.63580763775099
21.3297979166667,6.62916701240465
21.33013125,6.63658888779173
21.3304645833334,6.65559930544987
21.3307979166667,6.66289097249683
21.33113125,6.64869826342329
21.3314645833334,6.63645867945161
21.3317979166667,6.6412763880362
21.33213125,6.65664097217086
21.3324645833334,6.66263055581658
21.3327979166667,6.65742222221161
21.33313125,6.65338576366776
21.3334645833334,6.65872430561285
21.3337979166667,6.65924513897335
21.33413125,6.66731805606105
21.3344645833334,6.66614618099993
21.3347979166667,6.66640659768018
21.33513125,6.65546909710975
21.3354645833334,6.64726597168192
21.3357979166667,6.64973993014428
21.33613125,6.65429722204863
21.3364645833334,6.65820347225235
21.3367979166667,6.64908888844366
21.33713125,6.64192742973683
21.3374645833334,6.64322951313807
21.3377979166667,6.65481805540912
21.33813125,6.66028680569434
21.3384645833334,6.65403680536838
21.3387979166667,6.64101597135596
21.33913125,6.64153680471645
21.3394645833334,6.64622430496093
21.3397979166667,6.64817743006279
21.34013125,6.63697951281211
21.3404645833334,6.63085972082627
21.3407979166667,6.63671909613186
21.34113125,6.64882847176341
21.3414645833334,6.65013055516465
21.3417979166667,6.64205763807695
21.34213125,6.63945347127446
21.3424645833334,6.64257847143745
21.3427979166667,6.65221388860664
21.34313125,6.65364618034801
21.3434645833334,6.64466180487943
21.3437979166667,6.63958367961459
21.34413125,6.63450555434974
21.3444645833334,6.64934930512391
21.3447979166667,6.6584638889326
21.3451312500001,6.67109409792465
21.3454645833334,6.67005243120366
21.3457979166667,6.66341180585732
21.34613125,6.65455763872888
21.3464645833334,6.65533888876962
21.3467979166667,6.66158888909558
21.34713125,6.66692743104068
21.3474645833334,6.66028680569434
21.3477979166667,6.65312534698751
21.34813125,6.65013055516465
21.3484645833334,6.6584638889326
21.3487979166667,6.66536493095919
21.3491312500001,6.6627607641567
21.3494645833334,6.65260451362701
21.3497979166667,6.64492222155968
21.3501312500001,6.65130243022577
21.3504645833334,6.65937534731347
21.3507979166667,6.65963576399372
21.3511312500001,6.65234409694676
21.3514645833334,6.6509118052054
21.3517979166667,6.65572951378999
21.3521312500001,6.6622399307962
21.3524645833334,6.65559930544987
21.3527979166667,6.64791701338254
21.3531312500001,6.64921909678378
21.3534645833334,6.66041701403447
21.3537979166667,6.66627638934006
21.3541312500001,6.65807326391223
21.3544645833334,6.64414097151894
21.3547979166667,6.64114617969608
21.3551312500001,6.64674513832142
21.3554645833334,6.65703159719124
21.3557979166667,6.66210972245608
21.3561312500001,6.66158888909558
21.3564645833334,6.65546909710975
21.3567979166667,6.65130243022577
21.3571312500001,6.64440138819919
21.3574645833334,6.64205763807695
21.3577979166667,6.63333367928863
21.3581312500001,6.63177117920714
21.3584645833334,6.63033888746577
21.3587979166667,6.63958367961459
21.3591312500001,6.64622430496093
21.3594645833334,6.65104201354552
21.3597979166667,6.64869826342329
21.3601312500001,6.64947951346403
21.3604645833334,6.64921909678378
21.3607979166667,6.65377638868813
21.3611312500001,6.64908888844366
21.3614645833334,6.64713576334179
21.3617979166667,6.63385451264912
21.3621312500001,6.63046909580589
21.3624645833334,6.63411492932937
21.3627979166667,6.64088576301583
21.3631312500001,6.6455732632603
21.3634645833334,6.63828159621335
21.3637979166667,6.63554722107074
21.3641312500001,6.63294305426825
21.3644645833334,6.63138055418676
21.3647979166667,6.63125034584664
21.3651312500001,6.63164097086701
21.3654645833334,6.6294274290849
21.3657979166667,6.63138055418676
21.3661312500001,6.62278680373856
21.3664645833334,6.61731805345335
21.3667979166667,6.61888055353484
21.3671312500001,6.62916701240465
21.3674645833334,6.63229201256763
21.3677979166667,6.62122430365707
21.3681312500001,6.61679722009285
21.3684645833334,6.62760451232316
21.3687979166667,6.64010451297509
21.3691312500001,6.64036492965534
21.3694645833334,6.63489617937012
21.3697979166667,6.6289065957244
21.3701312500001,6.63333367928863
21.3704645833334,6.63593784609111
21.3707979166667,6.63593784609111
21.3711312500001,6.62617222058179
21.3714645833334,6.62174513701757
21.3717979166667,6.62929722074478
21.3721312500001,6.64114617969608
21.3724645833334,6.64479201321956
21.3727979166667,6.63476597102999
21.3731312500001,6.62760451232316
21.3734645833334,6.62669305394229
21.3737979166667,6.62786492900341
21.3741312500001,6.61835972017434
21.3744645833334,6.61184930316813
21.3747979166667,6.61731805345335
21.3751312500001,6.62955763742502
21.3754645833334,6.63489617937012
21.3757979166667,6.62838576236391
21.3761312500001,6.6256513872213
21.3764645833334,6.62500034552068
21.3767979166668,6.62825555402378
21.3771312500001,6.62487013718055
21.3774645833334,6.6251305538608
21.3777979166668,6.62864617904415
21.3781312500001,6.63554722107074
21.3784645833334,6.63997430463496
21.3787979166668,6.63697951281211
21.3791312500001,6.63437534600962
21.3794645833334,6.63945347127446
21.3797979166668,6.63971388795471
21.3801312500001,6.63880242957384
21.3804645833334,6.63346388762875
21.3807979166668,6.64036492965534
21.3811312500001,6.64101597135596
21.3814645833334,6.63737013783248
21.3817979166668,6.62578159556142
21.3821312500001,6.62903680406453
21.3824645833334,6.63632847111148
21.3827979166668,6.64713576334179
21.3831312500001,6.64101597135596
21.3834645833334,6.6289065957244
21.3837979166668,6.62955763742502
21.3841312500001,6.63867222123372
21.3844645833334,6.64622430496093
21.3847979166668,6.63619826277136
21.3851312500001,6.63684930447198
21.3854645833334,6.64153680471645
21.3857979166668,6.65325555532763
21.3861312500001,6.64505242989981
21.3864645833334,6.63828159621335
21.3867979166668,6.63072951248614
21.3871312500001,6.633724304309
21.3874645833334,6.63216180422751
21.3877979166668,6.6332034709485
21.3881312500001,6.63723992949235
21.3884645833334,6.64362013815844
21.3887979166668,6.64492222155968
21.3891312500001,6.64244826309732
21.3894645833334,6.64244826309732
21.3897979166668,6.64453159653931
21.3901312500001,6.64088576301583
21.3904645833334,6.63385451264912
21.3907979166668,6.63046909580589
21.3911312500001,6.63945347127446
21.3914645833334,6.64192742973683
21.3917979166668,6.63216180422751
21.3921312500001,6.62317742875894
21.3924645833334,6.63072951248614
21.3927979166668,6.64218784641707
21.3931312500001,6.64309930479794
21.3934645833334,6.62903680406453
21.3937979166668,6.62604201224167
21.3941312500001,6.63580763775099
21.3944645833334,6.64804722172266
21.3947979166668,6.65052118018502
21.3951312500001,6.63411492932937
21.3954645833334,6.63151076252689
21.3957979166668,6.63463576268987
21.3961312500001,6.6460940966208
21.3964645833334,6.64322951313807
21.3967979166668,6.6380211795331
21.3971312500001,6.63776076285285
21.3974645833334,6.64635451330105
21.3977979166668,6.64817743006279
21.3981312500001,6.63932326293434
21.3984645833334,6.62708367896266
21.3987979166668,6.62708367896266
21.3991312500001,6.63671909613186
21.3994645833334,6.64531284658005
21.3997979166668,6.64505242989981
21.4001312500001,6.64010451297509
21.4004645833334,6.63567742941086
21.4007979166668,6.63541701273061
21.4011312500001,6.63919305459422
21.4014645833335,6.63828159621335
21.4017979166668,6.63776076285285
21.4021312500001,6.63411492932937
21.4024645833334,6.63671909613186
21.4027979166668,6.63593784609111
21.4031312500001,6.63684930447198
21.4034645833335,6.64362013815844
21.4037979166668,6.64895868010353
21.4041312500001,6.64687534666155
21.4044645833334,6.63997430463496
21.4047979166668,6.63815138787322
21.4051312500001,6.6412763880362
21.4054645833335,6.63502638771024
21.4057979166668,6.62929722074478
21.4061312500001,6.62721388730279
21.4064645833335,6.63776076285285
21.4067979166668,6.6428388881177
21.4071312500001,6.64010451297509
21.4074645833335,6.63177117920714
21.4077979166668,6.62981805410527
21.4081312500001,6.63437534600962
21.4084645833335,6.63919305459422
21.4087979166668,6.63593784609111
21.4091312500001,6.63216180422751
21.4094645833335,6.6294274290849
21.4097979166668,6.63268263758801
21.4101312500001,6.63658888779173
21.4104645833335,6.63216180422751
21.4107979166668,6.62669305394229
21.4111312500001,6.62968784576515
21.4114645833335,6.6375003461726
21.4117979166668,6.64375034649857
21.4121312500001,6.63541701273061
21.4124645833335,6.62421909547993
21.4127979166668,6.61575555337186
21.4131312500001,6.62304722041881
21.4134645833335,6.63619826277136
21.4137979166668,6.64062534633558
21.4141312500001,6.6342451376695
21.4144645833335,6.62955763742502
21.4147979166668,6.63268263758801
21.4151312500001,6.63815138787322
21.4154645833335,6.63671909613186
21.4157979166668,6.63450555434974
21.4161312500001,6.63046909580589
21.4164645833335,6.633724304309
21.4167979166668,6.63190138754726
21.4171312500001,6.62669305394229
21.4174645833335,6.61380242826999
21.4177979166668,6.61184930316813
21.4181312500001,6.62018263693608
21.4184645833335,6.63203159588738
21.4187979166668,6.63346388762875
21.4191312500001,6.63151076252689
21.4194645833335,6.63072951248614
21.4197979166668,6.62968784576515
21.4201312500001,6.62552117888117
21.4204645833335,6.62174513701757
21.4207979166668,6.62903680406453
21.4211312500001,6.63203159588738
21.4214645833335,6.63072951248614
21.4217979166668,6.62812534568366
21.4221312500001,6.62330763709906
21.4224645833335,6.62148472033732
21.4227979166668,6.61783888681384
21.4231312500001,6.62304722041881
21.4234645833335,6.63242222090776
21.4237979166668,6.63632847111148
21.4241312500001,6.63398472098925
21.4244645833335,6.62682326228242
21.4247979166668,6.62304722041881
21.4251312500001,6.63138055418676
21.4254645833335,6.63541701273061
21.4257979166668,6.63658888779173
21.4261312500001,6.62552117888117
21.4264645833335,6.61731805345335
21.4267979166668,6.61145867814776
21.4271312500001,6.60937534470577
21.4274645833335,6.60729201126378
21.4277979166668,6.60598992786254
21.4281312500001,6.60585971952242
21.4284645833335,6.61197951150825
21.4287979166668,6.61302117822925
21.4291312500002,6.60989617806627
21.4294645833335,6.6074222196039
21.4297979166668,6.6079430529644
21.4301312500001,6.61315138656937
21.4304645833335,6.61158888648788
21.4307979166668,6.61210971984838
21.4311312500001,6.61393263661012
21.4314645833335,6.61393263661012
21.4317979166668,6.61106805312738
21.4321312500002,6.60312534437981
21.4324645833335,6.60989617806627
21.4327979166668,6.61835972017434
21.4331312500002,6.6208336786367
21.4334645833335,6.60533888616192
21.4337979166668,6.59335971887049
21.4341312500002,6.59687534405384
21.4344645833335,6.60768263628415
21.4347979166668,6.61197951150825
21.4351312500002,6.60325555271993
21.4354645833335,6.59817742745509
21.4357979166668,6.60585971952242
21.4361312500002,6.61888055353484
21.4364645833335,6.62174513701757
21.4367979166668,6.61106805312738
21.4371312500002,6.59856805247546
21.4374645833335,6.59713576073409
21.4377979166668,6.59869826081558
21.4381312500002,6.59739617741434
21.4384645833335,6.59270867716987
21.4387979166668,6.60091180259769
21.4391312500002,6.61263055320887
21.4394645833335,6.62200555369782
21.4397979166668,6.61237013652863
21.4401312500002,6.60976596972614
21.4404645833335,6.60455763612117
21.4407979166668,6.60507846948167
21.4411312500002,6.59622430235322
21.4414645833335,6.59362013555074
21.4417979166668,6.60143263595819
21.4421312500002,6.60572951118229
21.4424645833335,6.60703159458353
21.4427979166668,6.60221388599894
21.4431312500002,6.60143263595819
21.4434645833335,6.59427117725136
21.4437979166668,6.59036492704763
21.4441312500002,6.59036492704763
21.4444645833335,6.59296909385012
21.4447979166668,6.59791701077484
21.4451312500002,6.60208367765881
21.4454645833335,6.60612013620266
21.4457979166668,6.60182326097856
21.4461312500002,6.60026076089707
21.4464645833335,6.60247430267919
21.4467979166668,6.60690138624341
21.4471312500002,6.60299513603968
21.4474645833335,6.59375034389086
21.4477979166668,6.58854201028589
21.4481312500002,6.5912763854285
21.4484645833335,6.59791701077484
21.4487979166668,6.59726596907422
21.4491312500002,6.59244826048962
21.4494645833335,6.59036492704763
21.4497979166668,6.59622430235322
21.4501312500002,6.60598992786254
21.4504645833335,6.60638055288291
21.4507979166668,6.60143263595819
21.4511312500002,6.60013055255695
21.4514645833335,6.60442742778105
21.4517979166668,6.60260451101931
21.4521312500002,6.5875003435649
21.4524645833335,6.57747430137533
21.4527979166668,6.58138055157906
21.4531312500002,6.59296909385012
21.4534645833335,6.60299513603968
21.4537979166668,6.59778680243471
21.4541312500002,6.59414096891123
21.4544645833335,6.59088576040813
21.4547979166668,6.59414096891123
21.4551312500002,6.59335971887049
21.4554645833335,6.59140659376863
21.4557979166669,6.58841180194577
21.4561312500002,6.58932326032664
21.4564645833335,6.58919305198651
21.4567979166668,6.58684930186428
21.4571312500002,6.58515659344266
21.4574645833335,6.5912763854285
21.4577979166668,6.59687534405384
21.4581312500002,6.5998701358767
21.4584645833335,6.59153680210875
21.4587979166668,6.58528680178279
21.4591312500002,6.58151075991918
21.4594645833335,6.58515659344266
21.4597979166669,6.58580763514328
21.4601312500002,6.58177117659943
21.4604645833335,6.57695346801484
21.4607979166669,6.5837243017013
21.4611312500002,6.58958367700689
21.4614645833335,6.59114617708838
21.4617979166669,6.58880242696614
21.4621312500002,6.59322951053036
21.4624645833335,6.5912763854285
21.4627979166669,6.5880211769254
21.4631312500002,6.5826826349803
21.4634645833335,6.58632846850378
21.4637979166669,6.58515659344266
21.4641312500002,6.58554721846304
21.4644645833335,6.58671909352415
21.4647979166669,6.58424513506179
21.4651312500002,6.58098992655869
21.4654645833335,6.57604200963397
21.4657979166669,6.5740888845321
21.4661312500002,6.5746097178926
21.4664645833335,6.57148471772962
21.4667979166669,6.57135450938949
21.4671312500002,6.56796909254626
21.4674645833335,6.57643263465434
21.4677979166669,6.58125034323894
21.4681312500002,6.57786492639571
21.4684645833335,6.56848992590676
21.4687979166669,6.56341180064192
21.4691312500002,6.57291700947098
21.4694645833335,6.57500034291297
21.4697979166669,6.57343784283148
21.4701312500002,6.5660159674444
21.4704645833335,6.57070346768887
21.4707979166669,6.57565138461359
21.4711312500002,6.58203159327968
21.4714645833335,6.57695346801484
21.4717979166669,6.56835971756664
21.4721312500002,6.56835971756664
21.4724645833335,6.57356805117161
21.4727979166669,6.57786492639571
21.4731312500002,6.56718784250552
21.4734645833335,6.55677117529558
21.4737979166669,6.5622399255808
21.4741312500002,6.57226596777036
21.4744645833335,6.57656284299446
21.4747979166669,6.56992221764813
21.4751312500002,6.55833367537707
21.4754645833335,6.55494825853384
21.4757979166669,6.55390659181285
21.4761312500002,6.55885450873757
21.4764645833335,6.55937534209807
21.4767979166669,6.56197950890055
21.4771312500002,6.55976596711844
21.4774645833335,6.56302117562154
21.4777979166669,6.55924513375794
21.4781312500002,6.55807325869682
21.4784645833335,6.55677117529558
21.4787979166669,6.55625034193508
21.4791312500002,6.55664096695546
21.4794645833335,6.55117221667024
21.4797979166669,6.55273471675173
21.48013125,6.54856804986776
21.4804645833333,6.54830763318751
21.4807979166667,6.54401075796341
21.48113125,6.54192742452142
21.4814645833333,6.54609409140539
21.4817979166667,6.54895867488813
21.48213125,6.55963575877831
21.4824645833333,6.55885450873757
21.4827979166667,6.55533888355421
21.48313125,6.55000034160912
21.4834645833333,6.55273471675173
21.4837979166667,6.56002638379869
21.48413125,6.55664096695546
21.4844645833333,6.54088575780043
21.4847979166667,6.53046909059049
21.48513125,6.53398471577384
21.4854645833333,6.54713575812639
21.4857979166667,6.54362013294303
21.48613125,6.53932325771893
21.4864645833333,6.53541700751521
21.4867979166667,6.5412763828208
21.48713125,6.54583367472515
21.4874645833333,6.54414096630353
21.4877979166667,6.54661492476589
21.48813125,6.54596388306527
21.4884645833333,6.54726596646651
21.4887979166667,6.54700554978626
21.48913125,6.55000034160912
21.4894645833334,6.55260450841161
21.4897979166667,6.55351596679247
21.49013125,6.54375034128316
21.4904645833334,6.53450554913434
21.4907979166667,6.5321617990121
21.49113125,6.53528679917508
21.4914645833334,6.53580763253558
21.4917979166667,6.52929721552937
21.49213125,6.52291700686328
21.4924645833333,6.52916700718925
21.4927979166667,6.53619825755595
21.49313125,6.53880242435844
21.4934645833334,6.53372429909359
21.4937979166667,6.52955763220962
21.49413125,6.53046909059049
21.4944645833334,6.53112013229111
21.4947979166667,6.52604200702626
21.49513125,6.52604200702626
21.4954645833334,6.52760450710775
21.4957979166667,6.53294304905285
21.49613125,6.53112013229111
21.4964645833334,6.52395867358428
21.4967979166667,6.52747429876763
21.49713125,6.5240888819244
21.4974645833334,6.53125034063123
21.4977979166667,6.52773471544788
21.49813125,6.527864923788
21.4984645833334,6.52018263172067
21.4987979166667,6.51770867325831
21.49913125,6.51731804823794
21.4994645833334,6.52369825690403
21.4997979166667,6.52161492346204
21.50013125,6.527864923788
21.5004645833334,6.53020867391024
21.5007979166667,6.5375003409572
21.50113125,6.53177117399173
21.5014645833334,6.52122429844167
21.5017979166667,6.50937533949036
21.50213125,6.50703158936813
21.5024645833334,6.50833367276937
21.5027979166667,6.51276075633359
21.50313125,6.51809929827869
21.5034645833334,6.5165367981972
21.5037979166667,6.51666700653732
21.50413125,6.51679721487744
21.5044645833334,6.51953159002005
21.5047979166667,6.51940138167993
21.50513125,6.51458367309533
21.5054645833334,6.51328158969409
21.5057979166667,6.50612013098726
21.50613125,6.50807325608912
21.5064645833334,6.51484408977558
21.5067979166667,6.52421909026452
21.50713125,6.52721388208738
21.5074645833334,6.52343784022378
21.5077979166667,6.51966179836018
21.50813125,6.51966179836018
21.5084645833334,6.5192711733398
21.5087979166667,6.51796908993856
21.50913125,6.51276075633359
21.5094645833334,6.5111982562521
21.5097979166667,6.5165367981972
21.51013125,6.51614617317682
21.5104645833334,6.51289096467372
21.5107979166667,6.49856804726005
21.51113125,6.49544304709707
21.5114645833334,6.49440138037608
21.5117979166667,6.49713575551869
21.51213125,6.49388054701558
21.5124645833334,6.49895867228042
21.5127979166667,6.51210971463297
21.51313125,6.52278679852316
21.5134645833334,6.51315138135396
21.5137979166667,6.50078158904216
21.51413125,6.49466179705633
21.5144645833334,6.50156283908291
21.5147979166667,6.50208367244341
21.51513125,6.49726596385881
21.5154645833334,6.49036492183222
21.5157979166667,6.4912763802131
21.51613125,6.49414096369583
21.5164645833334,6.49648471381806
21.5167979166667,6.48776075502974
21.5171312500001,6.4811201296834
21.5174645833334,6.48372429648589
21.5177979166667,6.49362013033533
21.5181312500001,6.49804721389955
21.5184645833334,6.4945315887162
21.5187979166667,6.49218783859396
21.51913125,6.49257846361434
21.5194645833334,6.49322950531496
21.5197979166667,6.49062533851247
21.5201312500001,6.48684929664887
21.5204645833334,6.48815138005011
21.5207979166667,6.49362013033533
21.5211312500001,6.49153679689334
21.5214645833334,6.48489617154701
21.5217979166667,6.48072950466303
21.5221312500001,6.48815138005011
21.5224645833334,6.49205763025384
21.5227979166667,6.48750033834949
21.5231312500001,6.48125033802353
21.5234645833334,6.4811201296834
21.5237979166667,6.485937838268
21.5241312500001,6.49231804693409
21.5244645833334,6.4864586716285
21.5247979166667,6.48007846296241
21.5251312500001,6.4735680459562
21.5254645833334,6.47421908765682
21.5257979166667,6.4735680459562
21.5261312500001,6.47330762927595
21.5264645833334,6.46718783729011
21.5267979166667,6.46250033704564
21.5271312500001,6.45950554522278
21.5274645833334,6.46796908733086
21.5277979166667,6.47851596288092
21.5281312500001,6.48072950466303
21.5284645833334,6.47265658757533
21.5287979166667,6.46679721226974
21.5291312500001,6.46640658724937
21.5294645833334,6.47526075437781
21.5297979166667,6.48007846296241
21.5301312500001,6.47617221275868
21.5304645833334,6.46953158741235
21.5307979166667,6.46679721226974
21.5311312500001,6.46992221243272
21.5314645833334,6.4740888793167
21.5317979166667,6.46914096239198
21.5321312500001,6.46484408716788
21.5324645833334,6.46106804530427
21.5327979166667,6.46757846231048
21.5331312500001,6.47994825462229
21.5334645833334,6.48554721324763
21.5337979166667,6.48385450482601
21.5341312500001,6.47942742126179
21.5344645833334,6.47747429615993
21.5347979166667,6.4783857545408
21.5351312500001,6.47317742093583
21.5354645833334,6.4644534621475
21.5357979166667,6.45885450352216
21.5361312500001,6.45807325348142
21.5364645833334,6.47278679591545
21.5367979166667,6.47903679624142
21.5371312500001,6.47799512952042
21.5374645833334,6.47057325413334
21.5377979166667,6.46953158741235
21.5381312500001,6.47291700425558
21.5384645833334,6.47669304611918
21.5387979166667,6.47500033769757
21.5391312500001,6.47565137939819
21.5394645833334,6.47278679591545
21.5397979166667,6.46510450384813
21.5401312500001,6.466015962229
21.5404645833334,6.464974295508
21.5407979166667,6.46679721226974
21.5411312500001,6.46666700392962
21.5414645833334,6.46302117040614
21.5417979166667,6.46458367048763
21.5421312500001,6.46002637858328
21.5424645833334,6.46132846198452
21.5427979166667,6.45924512854254
21.5431312500001,6.45716179510055
21.5434645833334,6.45950554522278
21.5437979166668,6.46536492052837
21.5441312500001,6.46536492052837
21.5444645833334,6.45794304514129
21.5447979166668,6.45716179510055
21.5451312500001,6.45989617024316
21.5454645833334,6.46197950368514
21.5457979166668,6.45651075339993
21.5461312500001,6.4563805450598
21.5464645833334,6.46223992036539
21.5467979166667,6.46757846231048
21.5471312500001,6.46054721194378
21.5474645833334,6.44765658627148
21.5477979166668,6.44257846100663
21.5481312500001,6.44362012772763
21.5484645833334,6.45572950335918
21.5487979166668,6.45820346182154
21.5491312500001,6.46458367048763
21.5494645833334,6.45820346182154
21.5497979166668,6.45481804497831
21.5501312500001,6.44726596125111
21.5504645833334,6.44270866934676
21.5507979166668,6.43906283582328
21.5511312500001,6.44010450254427
21.5514645833334,6.43997429420415
21.5517979166668,6.44570346116962
21.5521312500001,6.45000033639371
21.5524645833334,6.45221387817583
21.5527979166668,6.44609408618999
21.5531312500001,6.43958366918378
21.5534645833334,6.44335971104738
21.5537979166668,6.4483076279721
21.5541312500001,6.45546908667893
21.5544645833334,6.4526045031962
21.5547979166668,6.45091179477458
21.5551312500001,6.44713575291098
21.5554645833334,6.45390658659744
21.5557979166668,6.4563805450598
21.5561312500001,6.45507846165856
21.5564645833334,6.44583366950974
21.5567979166668,6.44843783631222
21.5571312500001,6.44843783631222
21.5574645833334,6.4531253365567
21.5577979166668,6.44869825299247
21.5581312500001,6.44817741963198
21.5584645833334,6.45078158643446
21.5587979166668,6.45104200311471
21.5591312500001,6.44947950303322
21.5594645833334,6.4391930441634
21.5597979166668,6.43880241914303
21.5601312500001,6.44440137776837
21.5604645833334,6.44362012772763
21.5607979166668,6.43789096076216
21.5611312500001,6.43046908537508
21.5614645833334,6.43671908570104
21.5617979166668,6.43476596059918
21.5621312500001,6.43580762732017
21.5624645833334,6.43098991873558
21.5627979166668,6.43333366885781
21.5631312500001,6.4321617937967
21.5634645833334,6.43033887703496
21.5637979166668,6.43268262715719
21.5641312500001,6.43177116877632
21.5644645833334,6.43046908537508
21.5647979166668,6.42591179347073
21.5651312500001,6.42226595994725
21.5654645833334,6.42226595994725
21.5657979166668,6.42799512691272
21.5661312500001,6.43684929404117
21.5664645833334,6.43776075242204
21.5667979166668,6.42916700197384
21.5671312500001,6.42747429355222
21.5674645833334,6.43385450221831
21.5677979166668,6.43671908570104
21.5681312500001,6.42513054342999
21.5684645833334,6.41510450124042
21.5687979166668,6.41718783468241
21.5691312500001,6.42447950172937
21.5694645833334,6.42552116845036
21.5697979166668,6.42109408488614
21.5701312500001,6.42291700164788
21.5704645833334,6.42473991840962
21.5707979166668,6.42903679363371
21.5711312500001,6.42838575193309
21.5714645833335,6.42408887670899
21.5717979166668,6.42369825168862
21.5721312500001,6.42070345986576
21.5724645833335,6.43333366885781
21.5727979166668,6.43085971039545
21.5731312500001,6.4348961689393
21.5734645833335,6.42942741865409
21.5737979166668,6.42434929338924
21.5741312500001,6.41145866771694
21.5744645833335,6.4096357509552
21.5747979166668,6.41562533460092
21.5751312500001,6.42109408488614
21.5754645833335,6.41523470958055
21.5757979166668,6.41562533460092
21.5761312500001,6.4182295014034
21.5764645833335,6.4187503347639
21.5767979166668,6.41341179281881
21.5771312500001,6.40885450091446
21.5774645833335,6.40494825071073
21.5777979166668,6.4015628338675
21.5781312500001,6.40195345888788
21.5784645833335,6.40820345921384
21.5787979166668,6.41315137613856
21.5791312500001,6.40820345921384
21.5794645833335,6.40143262552738
21.5797979166668,6.39895866706502
21.5801312500001,6.40716179249284
21.5804645833335,6.40833366755396
21.5807979166668,6.39934929208539
21.5811312500001,6.38710970811371
21.5814645833335,6.39192741669831
21.5817979166668,6.40117220884713
21.5821312500001,6.40442741735023
21.5824645833335,6.39283887507918
21.5827979166668,6.39114616665756
21.5831312500001,6.40234408390825
21.5834645833335,6.41210970941756
21.5837979166668,6.41184929273732
21.5841312500001,6.40937533427496
21.5844645833335,6.41158887605707
21.5847979166668,6.41380241783918
21.5851312500001,6.40351595896937
21.5854645833335,6.40065137548663
21.5857979166668,6.3972659586434
21.5861312500001,6.40130241718725
21.5864645833335,6.40455762569036
21.5867979166668,6.40768262585334
21.5871312500001,6.4101565843157
21.5874645833335,6.4026045005885
21.5877979166668,6.39765658366378
21.5881312500001,6.39843783370452
21.5884645833335,6.39752637532365
21.5887979166668,6.39973991710576
21.5891312500001,6.39596387524216
21.5894645833335,6.39908887540514
21.5897979166668,6.39804720868415
21.5901312500001,6.39895866706502
21.5904645833335,6.40481804237061
21.5907979166668,6.41041700099595
21.5911312500001,6.41223991775769
21.5914645833335,6.40468783403048
21.5917979166668,6.40234408390825
21.5921312500001,6.40559929241135
21.5924645833335,6.40546908407123
21.5927979166668,6.39869825038477
21.5931312500001,6.39934929208539
21.5934645833335,6.40533887573111
21.5937979166668,6.4096357509552
21.5941312500001,6.4058597090916
21.5944645833335,6.39648470860266
21.5947979166668,6.39700554196315
21.5951312500001,6.40169304220763
21.5954645833335,6.40807325087371
21.5957979166668,6.39739616698353
21.5961312500001,6.38828158317483
21.5964645833335,6.38945345823595
21.5967979166668,6.40169304220763
21.5971312500001,6.39843783370452
21.5974645833335,6.38984408325632
21.5977979166668,6.38580762471247
21.5981312500002,6.39309929175943
21.5984645833335,6.39661491694278
21.5987979166668,6.39674512528291
21.5991312500001,6.39440137516067
21.5994645833335,6.39335970843968
21.5997979166668,6.39218783337856
21.6001312500002,6.39231804171868
21.6004645833335,6.39270866673905
21.6007979166668,6.38671908309334
21.6011312500002,6.38177116616862
21.6014645833335,6.38307324956986
21.6017979166668,6.38750033313409
21.6021312500002,6.39388054180017
21.6024645833335,6.38906283321558
21.6027979166668,6.38632845807297
21.6031312500002,6.37747429094452
21.6034645833335,6.37838574932539
21.6037979166668,6.38359408293036
21.6041312500002,6.3859378330526
21.6044645833335,6.38554720803222
21.6047979166668,6.37942741604638
21.6051312500002,6.38072949944763
21.6054645833335,6.38606804139272
21.6057979166668,6.38828158317483
21.6061312500002,6.38632845807297
21.6064645833335,6.38085970778775
21.6067979166668,6.37565137418278
21.6071312500002,6.36640658203396
21.6074645833335,6.36588574867346
21.6077979166668,6.37395866576117
21.6081312500002,6.39049512495694
21.6084645833335,6.38945345823595
21.6087979166668,6.38450554131123
21.6091312500002,6.37513054082228
21.6094645833335,6.37500033248216
21.6097979166668,6.36992220721731
21.6101312500002,6.36796908211545
21.6104645833335,6.37161491563893
21.6107979166668,6.38125033280812
21.6111312500002,6.38671908309334
21.6114645833335,6.38033887442725
21.6117979166668,6.37460970746179
21.6121312500002,6.37382845742104
21.6124645833335,6.37708366592415
21.6127979166668,6.37656283256365
21.6131312500002,6.37070345725806
21.6134645833335,6.36809929045558
21.6137979166668,6.37005241555744
21.6141312500002,6.37226595733955
21.6144645833335,6.37278679070005
21.6147979166668,6.36757845709508
21.6151312500002,6.36666699871421
21.6154645833335,6.35937533166725
21.6157979166668,6.36067741506849
21.6161312500002,6.36575554033334
21.6164645833335,6.37500033248216
21.6167979166668,6.37487012414204
21.6171312500002,6.36796908211545
21.6174645833335,6.36627637369384
21.6177979166668,6.36783887377533
21.6181312500002,6.37408887410129
21.6184645833335,6.37669304090378
21.6187979166668,6.3763024158834
21.6191312500002,6.36927116551669
21.6194645833335,6.36289095685061
21.6197979166668,6.36796908211545
21.6201312500002,6.36862012381607
21.6204645833335,6.37174512397905
21.6207979166668,6.36380241523148
21.6211312500002,6.36458366527222
21.6214645833335,6.36380241523148
21.6217979166668,6.36184929012961
21.6221312500002,6.35716178988514
21.6224645833335,6.36080762340862
21.6227979166668,6.3687503321562
21.6231312500002,6.37317741572042
21.6234645833335,6.36562533199322
21.6237979166669,6.36263054017036
21.6241312500002,6.36119824842899
21.6244645833335,6.3639326235716
21.6247979166668,6.36002637336787
21.6251312500002,6.35416699806228
21.6254645833335,6.35507845644315
21.6257979166668,6.35559928980365
21.6261312500002,6.36041699838825
21.6264645833335,6.35221387296042
21.6267979166669,6.35286491466104
21.6271312500002,6.35755241490551
21.6274645833335,6.36328158187098
21.6277979166668,6.35937533166725
21.6281312500002,6.35026074785856
21.6284645833335,6.34752637271595
21.6287979166669,6.3515628312598
21.6291312500002,6.35468783142278
21.6294645833335,6.36276074851048
21.6297979166669,6.36484408195247
21.6301312500002,6.37031283223769
21.6304645833335,6.36028679004812
21.6307979166669,6.35286491466104
21.6311312500002,6.35078158121905
21.6314645833335,6.3548180397629
21.6317979166669,6.3558597064839
21.6321312500002,6.35000033117831
21.6324645833335,6.34114616404986
21.6327979166669,6.33645866380539
21.6331312500002,6.33958366396837
21.6334645833335,6.34583366429433
21.6337979166669,6.34752637271595
21.6341312500002,6.34088574736961
21.6344645833335,6.33802116388688
21.6347979166669,6.34062533068936
21.6351312500002,6.34010449732887
21.6354645833335,6.33450553870353
21.6357979166669,6.32760449667694
21.6361312500002,6.33359408032266
21.6364645833335,6.34414095587272
21.6367979166669,6.3520836646203
21.6371312500002,6.34570345595421
21.6374645833335,6.34309928915172
21.6377979166669,6.34505241425359
21.6381312500002,6.34882845611719
21.6384645833335,6.34713574769557
21.6387979166669,6.3429690808116
21.6391312500002,6.34492220591346
21.6394645833335,6.34492220591346
21.6397979166669,6.34036491400912
21.6401312500002,6.33411491368315
21.6404645833335,6.3295576217788
21.6407979166669,6.33854199724738
21.6411312500002,6.34335970583197
21.6414645833335,6.34192741409061
21.6417979166669,6.32773470501707
21.6421312500002,6.32031282962998
21.6424645833335,6.31901074622874
21.6427979166669,6.32447949651396
21.6431312500002,6.32721387165657
21.6434645833335,6.3348961637239
21.6437979166669,6.33619824712514
21.6441312500002,6.33463574704365
21.6444645833335,6.33151074688067
21.6447979166669,6.33177116356092
21.6451312500002,6.32799512169731
21.6454645833335,6.318229496188
21.6457979166669,6.31901074622874
21.6461312500002,6.3263024132757
21.6464645833335,6.33789095554675
21.6467979166669,6.33072949683992
21.6471312500002,6.32135449635098
21.6474645833335,6.32109407967073
21.6477979166669,6.32408887149359
21.6481312500002,6.32539095489483
21.6484645833335,6.31601595440589
21.6487979166669,6.31315137092315
21.6491312500002,6.31640657942626
21.6494645833335,6.32278678809235
21.6497979166669,6.32825553837756
21.6501312500002,6.32487012153433
21.6504645833335,6.32122428801085
21.6507979166667,6.31875032954849
21.65113125,6.32460970485408
21.6514645833333,6.32343782979297
21.6517979166667,6.31705762112688
21.65213125,6.31119824582129
21.6524645833333,6.31419303764415
21.6527979166667,6.3225263714121
21.65313125,6.32213574639172
21.6534645833333,6.31549512104539
21.6537979166667,6.31328157926328
21.65413125,6.3128909542429
21.6544645833333,6.31562532938551
21.6547979166667,6.31497428768489
21.65513125,6.31653678776638
21.6554645833333,6.31302116258303
21.6557979166667,6.30989616242005
21.65613125,6.31419303764415
21.6564645833333,6.32382845481334
21.6567979166667,6.32695345497632
21.65713125,6.32473991319421
21.6574645833333,6.32018262128986
21.6577979166667,6.31627637108613
21.65813125,6.31679720444663
21.6584645833333,6.31367220428365
21.6587979166667,6.31601595440589
21.65913125,6.31484407934477
21.6594645833334,6.31171907918179
21.6597979166667,6.30807324565831
21.66013125,6.30403678711446
21.6604645833333,6.30351595375396
21.6607979166667,6.30013053691073
21.66113125,6.29960970355023
21.6614645833333,6.29375032824464
21.6617979166667,6.2967451200675
21.66213125,6.30351595375396
21.6624645833334,6.31484407934477
21.6627979166667,6.31523470436514
21.66313125,6.30286491205334
21.6634645833334,6.29648470338725
21.6637979166667,6.29557324500638
21.66413125,6.29778678678849
21.6644645833334,6.29544303666626
21.6647979166667,6.28789095293905
21.66513125,6.29166699480265
21.6654645833334,6.29283886986377
21.6657979166667,6.29609407836688
21.66613125,6.29166699480265
21.6664645833334,6.28841178629955
21.6667979166667,6.28658886953781
21.66713125,6.2843753277557
21.6674645833334,6.28710970289831
21.6677979166667,6.2876305362588
21.66813125,6.2876305362588
21.6684645833334,6.2800784525316
21.6687979166667,6.27643261900812
21.66913125,6.27721386904887
21.6694645833334,6.28606803617731
21.6697979166667,6.29114616144216
21.67013125,6.28502636945632
21.6704645833334,6.27799511908961
21.6707979166667,6.27916699415073
21.67113125,6.28476595277607
21.6714645833334,6.28281282767421
21.6717979166667,6.27356803552539
21.67213125,6.27539095228713
21.6724645833334,6.29088574476191
21.6727979166667,6.30807324565831
21.67313125,6.30872428735893
21.6734645833334,6.29843782848911
21.6737979166667,6.28880241131992
21.67413125,6.28307324435446
21.6744645833334,6.27864616079023
21.6747979166667,6.27682324402849
21.67513125,6.2790367858106
21.6754645833334,6.28476595277607
21.6757979166667,6.28411491107545
21.67613125,6.27877636913036
21.6764645833334,6.27981803585135
21.6767979166667,6.28151074427297
21.67713125,6.2876305362588
21.6774645833334,6.28151074427297
21.6777979166667,6.27864616079023
21.67813125,6.27500032726675
21.6784645833334,6.28320345269458
21.6787979166667,6.28541699447669
21.67913125,6.2790367858106
21.6794645833334,6.26484407673706
21.6797979166667,6.26692741017905
21.68013125,6.27968782751123
21.6804645833334,6.28932324468042
21.6807979166667,6.27734407738899
21.68113125,6.26653678515868
21.6814645833334,6.26927116030129
21.6817979166667,6.28138053593284
21.68213125,6.28424511941557
21.6824645833334,6.27747428572911
21.6827979166667,6.27604199398775
21.68313125,6.28580761949706
21.6834645833334,6.29127636978228
21.6837979166667,6.28398470273532
21.68413125,6.27552116062725
21.6844645833334,6.26979199366178
21.6847979166667,6.27239616046427
21.68513125,6.26692741017905
21.6854645833334,6.26132845155371
21.6857979166667,6.26093782653334
21.6861312500001,6.2709638687229
21.6864645833334,6.28085970257234
21.6867979166667,6.28164095261309
21.68713125,6.27174511876365
21.6874645833334,6.27109407706303
21.6877979166667,6.27317741050501
21.68813125,6.27851595245011
21.6884645833334,6.27734407738899
21.6887979166667,6.27213574378402
21.68913125,6.27513053560688
21.6894645833334,6.27695345236862
21.6897979166667,6.27695345236862
21.6901312500001,6.27617220232787
21.6904645833334,6.27122428540315
21.6907979166667,6.27135449374328
21.6911312500001,6.26692741017905
21.6914645833334,6.26419303503644
21.6917979166667,6.26315136831545
21.6921312500001,6.26302115997532
21.6924645833334,6.26523470175744
21.6927979166667,6.27135449374328
21.6931312500001,6.27408886888588
21.6934645833334,6.27252636880439
21.6937979166667,6.26862011860067
21.6941312500001,6.26601595179818
21.6944645833334,6.27226595212414
21.6947979166667,6.27591178564762
21.6951312500001,6.27838574410998
21.6954645833334,6.27304720216489
21.6957979166667,6.27408886888588
21.6961312500001,6.27799511908961
21.6964645833334,6.28085970257234
21.6967979166667,6.27070345204265
21.6971312500001,6.26210970159446
21.6974645833334,6.2585940764111
21.6977979166667,6.26210970159446
21.6981312500001,6.26067740985309
21.6984645833334,6.26276074329508
21.6987979166667,6.26328157665557
21.6991312500001,6.26015657649259
21.6994645833334,6.26106803487346
21.6997979166667,6.26536491009756
21.7001312500001,6.26862011860067
21.7004645833334,6.25742220134998
21.7007979166667,6.24700553414005
21.7011312500001,6.24765657584067
21.7014645833334,6.26315136831545
21.7017979166667,6.26953157698154
21.7021312500001,6.27083366038278
21.7024645833334,6.27031282702228
21.7027979166667,6.27122428540315
21.7031312500001,6.26328157665557
21.7034645833334,6.2537763678265
21.7037979166667,6.2494794926024
21.7041312500001,6.25156282604439
21.7044645833334,6.2510419926839
21.7047979166667,6.2500003259629
21.7051312500001,6.25208365940489
21.7054645833334,6.26054720151296
21.7057979166667,6.26080761819321
21.7061312500001,6.2671878268593
21.7064645833334,6.26171907657408
21.7067979166667,6.26354199333582
21.7071312500001,6.2591149097716
21.7074645833334,6.26210970159446
21.7077979166667,6.26119824321358
21.7081312500001,6.26002636815247
21.7084645833334,6.2510419926839
21.7087979166667,6.24557324239868
21.7091312500001,6.24505240903818
21.7094645833334,6.25078157600365
21.7097979166667,6.25572949292837
21.7101312500001,6.25312532612588
21.7104645833334,6.24466178401781
21.7107979166667,6.24166699219495
21.7111312500001,6.24231803389557
21.7114645833334,6.24114615883445
21.7117979166667,6.24335970061657
21.7121312500001,6.2467451174598
21.7124645833334,6.25416699284688
21.7127979166667,6.25572949292837
21.7131312500001,6.25455761786725
21.7134645833334,6.25625032628887
21.7137979166667,6.25755240969011
21.7141312500001,6.25781282637036
21.7144645833334,6.24739615916042
21.7147979166667,6.24127636717458
21.7151312500001,6.24440136733756
21.7154645833334,6.25013053430303
21.7157979166667,6.24960970094253
21.7161312500001,6.24023470045358
21.7164645833334,6.24205761721532
21.7167979166668,6.24635449243942
21.7171312500001,6.25494824288762
21.7174645833334,6.25442740952713
21.7177979166668,6.25546907624812
21.7181312500001,6.25416699284688
21.7184645833334,6.26354199333582
21.7187979166668,6.2623701182747
21.7191312500001,6.25937532645185
21.7194645833334,6.24726595082029
21.7197979166668,6.24869824256166
21.7201312500001,6.25520865956787
21.7204645833334,6.26080761819321
21.7207979166668,6.25716178466973
21.7211312500001,6.25898470143147
21.7214645833334,6.26158886823396
21.7217979166668,6.26276074329508
21.7221312500001,6.25364615948638
21.7224645833334,6.23971386709309
21.7227979166668,6.23750032531098
21.7231312500001,6.24036490879371
21.7234645833334,6.2494794926024
21.7237979166668,6.25026074264315
21.7241312500001,6.24882845090178
21.7244645833334,6.25559928458824
21.7247979166668,6.26106803487346
21.7251312500001,6.26328157665557
21.7254645833334,6.25390657616663
21.7257979166668,6.24765657584067
21.7261312500001,6.24791699252091
21.7264645833334,6.25247428442526
21.7267979166668,6.25442740952713
21.7271312500001,6.25156282604439
21.7274645833334,6.24843782588141
21.7277979166668,6.24583365907893
21.7281312500001,6.24648470077955
21.7284645833334,6.24479199235793
21.7287979166668,6.24414095065731
21.7291312500001,6.24114615883445
21.7294645833334,6.24179720053508
21.7297979166668,6.23776074199122
21.7301312500001,6.22942740822327
21.7304645833334,6.22500032465905
21.7307979166668,6.23359407510725
21.7311312500001,6.24635449243942
21.7314645833334,6.24765657584067
21.7317979166668,6.23932324207272
21.7321312500001,6.23932324207272
21.7324645833334,6.24257845057582
21.7327979166668,6.24257845057582
21.7331312500001,6.23502636684862
21.7334645833334,6.23528678352886
21.7337979166668,6.23867220037209
21.7341312500001,6.23684928361036
21.7344645833334,6.22630240806029
21.7347979166668,6.22343782457756
21.7351312500001,6.2338544917875
21.7354645833334,6.24804720086104
21.7357979166668,6.24817740920116
21.7361312500001,6.23098990830477
21.7364645833334,6.22343782457756
21.7367979166668,6.22565136635967
21.7371312500001,6.23229199170601
21.7374645833334,6.22734407478129
21.7377979166668,6.21888053267321
21.7381312500001,6.22070344943495
21.7384645833334,6.22825553316216
21.7387979166668,6.23502636684862
21.7391312500001,6.233333658427
21.7394645833334,6.23255240838626
21.7397979166668,6.23203157502576
21.7401312500001,6.23359407510725
21.7404645833335,6.22695344976091
21.7407979166668,6.22643261640042
21.7411312500001,6.22812532482203
21.7414645833334,6.23177115834551
21.7417979166668,6.233333658427
21.7421312500001,6.23216178336588
21.7424645833335,6.22825553316216
21.7427979166668,6.22083365777507
21.7431312500001,6.212370115667
21.7434645833334,6.22070344943495
21.7437979166668,6.22604199138004
21.7441312500001,6.2328128250665
21.7444645833335,6.22187532449607
21.7447979166668,6.22330761623743
21.7451312500001,6.22890657486278
21.7454645833335,6.23880240871222
21.7457979166668,6.23528678352886
21.7461312500001,6.22135449113557
21.7464645833335,6.21497428246948
21.7467979166668,6.21419303242874
21.7471312500001,6.22057324109483
21.7474645833335,6.22187532449607
21.7477979166668,6.22057324109483
21.7481312500001,6.21835969931272
21.7484645833335,6.21276074068737
21.7487979166668,6.21862011599296
21.7491312500001,6.22643261640042
21.7494645833335,6.23164095000539
21.7497979166668,6.22083365777507
21.7501312500001,6.21067740724539
21.7504645833335,6.20924511550402
21.7507979166668,6.22226594951644
21.7511312500001,6.22682324142079
21.7514645833335,6.2204430327547
21.7517979166668,6.21263053234725
21.7521312500001,6.21263053234725
21.7524645833335,6.22031282441458
21.7527979166668,6.22018261607445
21.7531312500001,6.21783886595222
21.7534645833335,6.21953157437383
21.7537979166668,6.22174511615595
21.7541312500001,6.21914094935346
21.7544645833335,6.21106803226576
21.7547979166668,6.21354199072812
21.7551312500001,6.21757844927197
21.7554645833335,6.21497428246948
21.7557979166668,6.21080761558551
21.7561312500001,6.20911490716389
21.7564645833335,6.21223990732688
21.7567979166668,6.21510449080961
21.7571312500001,6.21627636587073
21.7574645833335,6.21940136603371
21.7577979166668,6.21393261574849
21.7581312500001,6.20937532384414
21.7584645833335,6.20937532384414
21.7587979166668,6.20846386546327
21.7591312500001,6.20703157372191
21.7594645833335,6.20390657355893
21.7597979166668,6.20794303210278
21.7601312500001,6.21328157404787
21.7604645833335,6.21380240740837
21.7607979166668,6.2037763652188
21.7611312500001,6.20338574019843
21.7614645833335,6.20638053202129
21.7617979166668,6.21705761591147
21.7621312500001,6.21536490748986
21.7624645833335,6.2042971985793
21.7627979166668,6.20117219841632
21.7631312500001,6.20651074036141
21.7634645833335,6.2118492823065
21.7637979166668,6.20442740691942
21.7641312500001,6.19401073970948
21.7644645833335,6.19309928132862
21.7647979166668,6.19895865663421
21.7651312500001,6.19908886497433
21.7654645833335,6.19531282311073
21.7657979166668,6.18606803096191
21.7661312500001,6.19036490618601
21.7664645833335,6.19674511485209
21.7667979166668,6.20247428181756
21.7671312500002,6.19635448983172
21.7674645833335,6.191406572907
21.7677979166668,6.18919303112489
21.7681312500001,6.19726594821259
21.7684645833335,6.19934928165458
21.7687979166668,6.19869823995396
21.7691312500001,6.18997428116563
21.7694645833335,6.19010448950576
21.7697979166668,6.19479198975023
21.7701312500001,6.19752636489284
21.7704645833335,6.18854198942427
21.7707979166668,6.17487011371122
21.7711312500002,6.1699221967865
21.7714645833335,6.1709638635075
21.7717979166668,6.18203157241806
21.7721312500002,6.18867219776439
21.7724645833335,6.19036490618601
21.7727979166668,6.18893261444464
21.7731312500002,6.18398469751992
21.7734645833335,6.19479198975023
21.7737979166668,6.19609407315147
21.7741312500002,6.19166698958725
21.7744645833335,6.18242219743843
21.7747979166668,6.18841178108414
21.7751312500002,6.20104199007619
21.7754645833335,6.20690136538178
21.7757979166668,6.19817740659346
21.7761312500002,6.18971386448539
21.7764645833335,6.19309928132862
21.7767979166668,6.19700553153234
21.7771312500002,6.19492219809035
21.7774645833335,6.1785159472347
21.7777979166668,6.16953157176613
21.7781312500002,6.17539094707172
21.7784645833335,6.18450553088042
21.7787979166668,6.18593782262178
21.7791312500002,6.18489615590079
21.7794645833335,6.18190136407793
21.7797979166668,6.1828128224588
21.7801312500002,6.1795576139557
21.7804645833335,6.18190136407793
21.7807979166668,6.18619823930203
21.7811312500002,6.18177115573781
21.7814645833335,6.1795576139557
21.7817979166668,6.17539094707172
21.7821312500002,6.17968782229582
21.7824645833335,6.18072948901681
21.7827979166668,6.18164094739768
21.7831312500002,6.17812532221433
21.7834645833335,6.17304719694948
21.7837979166668,6.17617219711247
21.7841312500002,6.18684928100265
21.7844645833335,6.19388053136936
21.7847979166668,6.18841178108414
21.7851312500002,6.17591178043222
21.7854645833335,6.17447948869085
21.7857979166668,6.18203157241806
21.7861312500002,6.18828157274402
21.7864645833335,6.18020865565632
21.7867979166668,6.16627636326302
21.7871312500002,6.16914094674576
21.7874645833335,6.1795576139557
21.7877979166668,6.18867219776439
21.7881312500002,6.17578157209209
21.7884645833335,6.16393261314079
21.7887979166668,6.16289094641979
21.7891312500002,6.17278678026924
21.7894645833335,6.17994823897607
21.7897979166668,6.17825553055445
21.7901312500002,6.17877636391495
21.7904645833335,6.18098990569706
21.7907979166668,6.18697948934278
21.7911312500002,6.18294303079892
21.7914645833335,6.17539094707172
21.7917979166668,6.17018261346675
21.7921312500002,6.1752607387316
21.7924645833335,6.18007844731619
21.7927979166668,6.17968782229582
21.7931312500002,6.17317740528961
21.7934645833335,6.17265657192911
21.7937979166668,6.16822948836489
21.7941312500002,6.16119823799818
21.7944645833335,6.15559927937284
21.7947979166668,6.15963573791669
21.7951312500002,6.16979198844638
21.7954645833335,6.16770865500439
21.7957979166668,6.16250032139942
21.7961312500002,6.16679719662352
21.7964645833335,6.17617219711247
21.7967979166668,6.17838573889458
21.7971312500002,6.16367219646054
21.7974645833335,6.15455761265184
21.7977979166668,6.15820344617532
21.7981312500002,6.16210969637905
21.7984645833335,6.16041698795743
21.7987979166669,6.15169302916911
21.7991312500002,6.15455761265184
21.7994645833335,6.16028677961731
21.7997979166669,6.16406282148091
21.8001312500002,6.16302115475992
21.8004645833335,6.16705761330377
21.8007979166669,6.16966178010625
21.8011312500002,6.16744823832414
21.8014645833335,6.1575524044747
21.8017979166669,6.14882844568638
21.8021312500002,6.15364615427097
21.8024645833335,6.1661461549229
21.8027979166669,6.17330761362973
21.8031312500002,6.1656253215624
21.8034645833335,6.16002636293706
21.8037979166669,6.15989615459694
21.8041312500002,6.16627636326302
21.8044645833335,6.16119823799818
21.8047979166669,6.15403677929135
21.8051312500002,6.14791698730551
21.8054645833335,6.15533886269259
21.8057979166669,6.16536490488215
21.8061312500002,6.170443030147
21.8064645833335,6.16367219646054
21.8067979166669,6.15468782099197
21.8071312500002,6.14869823734625
21.8074645833335,6.1527346958901
21.8077979166669,6.16015657127718
21.8081312500002,6.16536490488215
21.8084645833335,6.15625032107346
21.8087979166669,6.15781282115495
21.8091312500002,6.16263052973955
21.8094645833335,6.17031282180688
21.8097979166669,6.16393261314079
21.8101312500002,6.15065136244812
21.8104645833335,6.14492219548265
21.8107979166669,6.14973990406725
21.8111312500002,6.15625032107346
21.8114645833335,6.15664094609383
21.8117979166669,6.15143261248886
21.8121312500002,6.15091177912837
21.8124645833335,6.15664094609383
21.8127979166669,6.16210969637905
21.8131312500002,6.16354198812041
21.8134645833335,6.16223990471917
21.8137979166669,6.1623701130593
21.8141312500002,6.16510448820191
21.8144645833335,6.16901073840563
21.8147979166669,6.17395865533035
21.8151312500002,6.17239615524886
21.8154645833335,6.16640657160315
21.8157979166669,6.16041698795743
21.8161312500002,6.16093782131793
21.8164645833335,6.16080761297781
21.8167979166669,6.15026073742774
21.8171312500002,6.14322948706104
21.8174645833335,6.14557323718327
21.8177979166669,6.15651073775371
21.8181312500002,6.15898469621607
21.8184645833335,6.15494823767222
21.8187979166669,6.15052115410799
21.8191312500002,6.15208365418948
21.8194645833335,6.15820344617532
21.8197979166669,6.15572948771296
21.8201312500002,6.15351594593085
21.8204645833335,6.15026073742774
21.8207979166669,6.15742219613458
21.8211312500002,6.16171907135868
21.8214645833333,6.15859407119569
21.8217979166667,6.1500003207475
21.82213125,6.14726594560489
21.8224645833333,6.15533886269259
21.8227979166667,6.16731802998402
21.82313125,6.16484407152166
21.8234645833333,6.15143261248886
21.8237979166667,6.13776073677582
21.82413125,6.13789094511594
21.8244645833333,6.14817740398576
21.8247979166667,6.15195344584936
21.82513125,6.15768261281482
21.8254645833333,6.15598990439321
21.8257979166667,6.16002636293706
21.82613125,6.15494823767222
21.8264645833333,6.15572948771296
21.8267979166667,6.15911490455619
21.82713125,6.15937532123644
21.8274645833333,6.15651073775371
21.8277979166667,6.14687532058451
21.82813125,6.14505240382278
21.8284645833333,6.148437820666
21.8287979166667,6.15768261281482
21.82913125,6.16354198812041
21.8294645833333,6.15742219613458
21.8297979166667,6.14882844568638
21.83013125,6.14231802868017
21.8304645833333,6.14362011208141
21.8307979166667,6.14544302884315
21.83113125,6.14388052876166
21.8314645833333,6.14609407054377
21.8317979166667,6.14869823734625
21.83213125,6.15351594593085
21.8324645833333,6.15221386252961
21.8327979166667,6.14270865370054
21.83313125,6.14309927872091
21.8334645833333,6.14414094544191
21.8337979166667,6.14713573726476
21.83413125,6.14101594527892
21.8344645833334,6.13645865337458
21.8347979166667,6.13671907005482
21.83513125,6.14427115378203
21.8354645833334,6.14583365386352
21.8357979166667,6.14401073710178
21.83613125,6.13268261151097
21.8364645833334,6.13880240349681
21.8367979166667,6.14765657062526
21.83713125,6.15052115410799
21.8374645833334,6.14401073710178
21.8377979166667,6.14674511224439
21.83813125,6.15533886269259
21.8384645833334,6.15507844601234
21.8387979166667,6.14127636195917
21.83913125,6.13632844503445
21.8394645833334,6.14309927872091
21.8397979166667,6.15468782099197
21.84013125,6.15364615427097
21.8404645833334,6.14427115378203
21.8407979166667,6.13789094511594
21.84113125,6.14114615361905
21.8414645833334,6.14583365386352
21.8417979166667,6.14505240382278
21.84213125,6.13632844503445
21.8424645833334,6.13515656997333
21.8427979166667,6.14440136212215
21.84313125,6.15716177945433
21.8434645833334,6.15130240414874
21.8437979166667,6.13802115345607
21.84413125,6.1279951112665
21.8444645833334,6.13372427823197
21.8447979166667,6.14023469523818
21.84513125,6.13932323685731
21.8454645833334,6.13932323685731
21.8457979166667,6.13697948673507
21.84613125,6.13802115345607
21.8464645833334,6.1371096950752
21.8467979166667,6.13554719499371
21.84713125,6.13619823669433
21.8474645833334,6.1403649035783
21.8477979166667,6.14348990374128
21.84813125,6.14765657062526
21.8484645833334,6.14375032042153
21.8487979166667,6.14479198714253
21.84913125,6.14023469523818
21.8494645833334,6.13828157013632
21.8497979166667,6.13476594495296
21.85013125,6.13411490325234
21.8504645833334,6.12994823636836
21.8507979166667,6.12408886106277
21.85113125,6.12682323620538
21.8514645833334,6.13242219483073
21.8517979166667,6.1371096950752
21.85213125,6.1328128198511
21.8524645833334,6.1317711531301
21.8527979166667,6.13450552827271
21.85313125,6.14270865370054
21.8534645833334,6.14270865370054
21.8537979166667,6.13684927839495
21.85413125,6.12656281952514
21.8544645833334,6.12812531960663
21.8547979166667,6.13515656997333
21.85513125,6.14075552859867
21.8554645833334,6.13854198681656
21.8557979166667,6.12890656964737
21.85613125,6.12382844438253
21.8564645833334,6.12304719434178
21.8567979166667,6.12604198616464
21.85713125,6.12382844438253
21.8574645833334,6.11289094381209
21.8577979166667,6.11328156883246
21.85813125,6.12005240251892
21.8584645833334,6.12565136114426
21.8587979166667,6.11927115247818
21.8591312500001,6.11354198551271
21.8594645833334,6.11106802705035
21.8597979166667,6.12460969442327
21.86013125,6.13125031976961
21.8604645833334,6.13854198681656
21.8607979166667,6.13164094478998
21.8611312500001,6.12526073612389
21.8614645833334,6.12226594430104
21.8617979166667,6.12500031944364
21.86213125,6.12356802770228
21.8624645833334,6.12252636098128
21.8627979166667,6.11237011045159
21.8631312500001,6.11341177717259
21.8634645833334,6.11718781903619
21.8637979166667,6.12148469426029
21.8641312500001,6.12083365255967
21.8644645833334,6.11302115215222
21.8647979166667,6.107552401867
21.8651312500001,6.107552401867
21.8654645833334,6.11250031879172
21.8657979166667,6.11354198551271
21.8661312500001,6.10364615166327
21.8664645833334,6.10169302656141
21.8667979166667,6.10664094348613
21.8671312500001,6.12226594430104
21.8674645833334,6.12330761102203
21.8677979166667,6.11445344389358
21.8681312500001,6.10742219352687
21.8684645833334,6.10911490194849
21.8687979166667,6.11679719401582
21.8691312500001,6.11445344389358
21.8694645833334,6.10963573530899
21.8697979166667,6.11041698534973
21.8701312500001,6.11549511061458
21.8704645833334,6.11718781903619
21.8707979166667,6.11536490227445
21.8711312500001,6.11901073579793
21.8714645833334,6.11953156915843
21.8717979166667,6.12070344421954
21.8721312500001,6.11250031879172
21.8724645833334,6.1037763600034
21.8727979166667,6.10195344324166
21.8731312500001,6.10677115182625
21.8734645833334,6.12148469426029
21.8737979166667,6.12252636098128
21.8741312500001,6.11888052745781
21.8744645833334,6.11731802737631
21.8747979166667,6.11901073579793
21.8751312500001,6.12330761102203
21.8754645833334,6.11744823571644
21.8757979166667,6.11757844405656
21.8761312500001,6.12057323587942
21.8764645833334,6.12304719434178
21.8767979166667,6.11523469393433
21.8771312500001,6.10416698502377
21.8774645833334,6.10507844340464
21.8777979166667,6.11432323555346
21.8781312500001,6.12239615264116
21.8784645833334,6.12304719434178
21.8787979166667,6.11953156915843
21.8791312500001,6.12005240251892
21.8794645833334,6.11536490227445
21.8797979166667,6.11197948543122
21.8801312500001,6.1032555266429
21.8804645833334,6.10156281822128
21.8807979166667,6.1027346932824
21.8811312500001,6.10690136016638
21.8814645833334,6.1070315685065
21.8817979166667,6.10507844340464
21.8821312500001,6.10598990178551
21.8824645833334,6.10859406858799
21.8827979166667,6.10768261020712
21.8831312500001,6.10351594332315
21.8834645833334,6.10403677668364
21.8837979166667,6.11393261053308
21.8841312500001,6.12278677766153
21.8844645833334,6.12382844438253
21.8847979166667,6.12070344421954
21.8851312500001,6.11666698567569
21.8854645833334,6.11848990243743
21.8857979166668,6.11914094413805
21.8861312500001,6.1156253189547
21.8864645833334,6.10872427692812
21.8867979166668,6.10455761004414
21.8871312500001,6.1118492770911
21.8874645833334,6.11757844405656
21.8877979166668,6.11718781903619
21.8881312500001,6.11002636032936
21.8884645833334,6.10625031846575
21.8887979166667,6.11041698534973
21.8891312500001,6.11002636032936
21.8894645833334,6.11432323555346
21.8897979166668,6.11679719401582
21.8901312500001,6.11848990243743
21.8904645833334,6.11210969377134
21.8907979166668,6.10169302656141
21.8911312500001,6.10143260988116
21.8914645833334,6.10234406826203
21.8917979166668,6.10130240154103
21.8921312500001,6.10234406826203
21.8924645833334,6.10598990178551
21.8927979166668,6.11445344389358
21.8931312500001,6.11276073547197
21.8934645833334,6.10833365190774
21.8937979166668,6.10416698502377
21.8941312500001,6.10507844340464
21.8944645833334,6.107552401867
21.8947979166668,6.10312531830277
21.8951312500001,6.0989586514188
21.8954645833334,6.09492219287495
21.8957979166668,6.10130240154103
21.8961312500001,6.10104198486079
21.8964645833334,6.09687531797681
21.8967979166668,6.09023469263048
21.8971312500001,6.08867219254898
21.8974645833334,6.09596385959594
21.8977979166668,6.09531281789532
21.8981312500001,6.09648469295644
21.8984645833334,6.0903649009706
21.8987979166668,6.09153677603172
21.8991312500001,6.08684927578725
21.8994645833334,6.09492219287495
21.8997979166668,6.1032555266429
21.9001312500001,6.11054719368986
21.9004645833334,6.10312531830277
21.9007979166668,6.09921906809905
21.9011312500001,6.10403677668364
21.9014645833334,6.10989615198923
21.9017979166668,6.1118492770911
21.9021312500001,6.10546906842501
21.9024645833334,6.10729198518675
21.9027979166668,6.11106802705035
21.9031312500001,6.11809927741706
21.9034645833334,6.11862011077756
21.9037979166668,6.11250031879172
21.9041312500001,6.10872427692812
21.9044645833334,6.11601594397507
21.9047979166668,6.11744823571644
21.9051312500001,6.11328156883246
21.9054645833334,6.10156281822128
21.9057979166668,6.10299510996265
21.9061312500001,6.10911490194849
21.9064645833334,6.10820344356762
21.9067979166668,6.10234406826203
21.9071312500001,6.09856802639843
21.9074645833334,6.10247427660215
21.9077979166668,6.1070315685065
21.9081312500001,6.106510735146
21.9084645833334,6.10989615198923
21.9087979166668,6.11445344389358
21.9091312500001,6.11692740235594
21.9094645833334,6.11627636065532
21.9097979166668,6.10846386024787
21.9101312500001,6.10429719336389
21.9104645833334,6.10013052647992
21.9107979166668,6.09921906809905
21.9111312500001,6.10026073482004
21.9114645833334,6.10065135984041
21.9117979166668,6.10598990178551
21.9121312500001,6.11002636032936
21.9124645833334,6.11015656866948
21.9127979166668,6.10585969344538
21.9131312500001,6.10507844340464
21.9134645833335,6.10546906842501
21.9137979166668,6.10091177652066
21.9141312500001,6.09192740105209
21.9144645833334,6.09283885943296
21.9147979166668,6.10768261020712
21.9151312500001,6.11966177749855
21.9154645833334,6.11536490227445
21.9157979166668,6.10664094348613
21.9161312500001,6.10130240154103
21.9164645833334,6.10572948510526
21.9167979166668,6.10820344356762
21.9171312500001,6.11432323555346
21.9174645833335,6.11744823571644
21.9177979166668,6.11497427725408
21.9181312500001,6.10729198518675
21.9184645833335,6.1037763600034
21.9187979166668,6.10572948510526
21.9191312500001,6.10937531862874
21.9194645833335,6.107552401867
21.9197979166668,6.09882844307867
21.9201312500001,6.09622427627619
21.9204645833335,6.10208365158178
21.9207979166668,6.10963573530899
21.9211312500001,6.10859406858799
21.9214645833335,6.10338573498302
21.9217979166668,6.09908885975892
21.9221312500001,6.10416698502377
21.9224645833335,6.10859406858799
21.9227979166668,6.11393261053308
21.9231312500001,6.10807323522749
21.9234645833335,6.10533886008489
21.9237979166668,6.10494823506451
21.9241312500001,6.10520865174476
21.9244645833335,6.0989586514188
21.9247979166668,6.09973990145954
21.9251312500001,6.10143260988116
21.9254645833335,6.10364615166327
21.9257979166668,6.09687531797681
21.9261312500001,6.09049510931072
21.9264645833335,6.09687531797681
21.9267979166668,6.10338573498302
21.9271312500001,6.11015656866948
21.9274645833335,6.10247427660215
21.9277979166668,6.10768261020712
21.9281312500001,6.11497427725408
21.9284645833335,6.12161490260041
21.9287979166668,6.11263052713184
21.9291312500001,6.09987010979967
21.9294645833335,6.09739615133731
21.9297979166668,6.09739615133731
21.9301312500001,6.10026073482004
21.9304645833335,6.09062531765085
21.9307979166668,6.08750031748787
21.9311312500001,6.09648469295644
21.9314645833335,6.11002636032936
21.9317979166668,6.11406281887321
21.9321312500001,6.10130240154103
21.9324645833335,6.08919302590948
21.9327979166668,6.09166698437184
21.9331312500001,6.10117219320091
21.9334645833335,6.10716177684663
21.9337979166668,6.10052115150029
21.9341312500001,6.09492219287495
21.9344645833335,6.09427115117433
21.9347979166668,6.10260448494228
21.9351312500001,6.10000031813979
21.9354645833335,6.09739615133731
21.9357979166668,6.09453156785457
21.9361312500001,6.09687531797681
21.9364645833335,6.0994794847793
21.9367979166668,6.10065135984041
21.9371312500001,6.10442740170402
21.9374645833335,6.10833365190774
21.9377979166668,6.10338573498302
21.9381312500001,6.10247427660215
21.9384645833335,6.10533886008489
21.9387979166668,6.11250031879172
21.9391312500001,6.11093781871023
21.9394645833335,6.10742219352687
21.9397979166668,6.10338573498302
21.9401312500002,6.10403677668364
21.9404645833335,6.09830760971818
21.9407979166668,6.09817740137805
21.9411312500001,6.09973990145954
21.9414645833335,6.10182323490153
21.9417979166668,6.10638052680588
21.9421312500002,6.10195344324166
21.9424645833335,6.10442740170402
21.9427979166668,6.10286490162252
21.9431312500001,6.10625031846575
21.9434645833335,6.107552401867
21.9437979166668,6.10338573498302
21.9441312500002,6.10898469360836
21.9444645833335,6.10989615198923
21.9447979166668,6.10963573530899
21.9451312500002,6.10690136016638
21.9454645833335,6.10091177652066
21.9457979166668,6.10533886008489
21.9461312500002,6.10716177684663
21.9464645833335,6.11237011045159
21.9467979166668,6.11158886041085
21.9471312500002,6.10585969344538
21.9474645833335,6.106510735146
21.9477979166668,6.10468781838426
21.9481312500002,6.10638052680588
21.9484645833335,6.10546906842501
21.9487979166668,6.10013052647992
21.9491312500002,6.10208365158178
21.9494645833335,6.10351594332315
21.9497979166668,6.10911490194849
21.9501312500002,6.10664094348613
21.9504645833335,6.09505240121507
21.9507979166668,6.09362010947371
21.9511312500002,6.09179719271197
21.9514645833335,6.09830760971818
21.9517979166668,6.09804719303793
21.9521312500002,6.09908885975892
21.9524645833335,6.09674510963669
21.9527979166668,6.09544302623544
21.9531312500002,6.09492219287495
21.9534645833335,6.1027346932824
21.9537979166668,6.10312531830277
21.9541312500002,6.10742219352687
21.9544645833335,6.10664094348613
21.9547979166668,6.10494823506451
21.9551312500002,6.10195344324166
21.9554645833335,6.10494823506451
21.9557979166668,6.11145865207072
21.9561312500002,6.11197948543122
21.9564645833335,6.107552401867
21.9567979166668,6.10885448526824
21.9571312500002,6.11575552729482
21.9574645833335,6.11666698567569
21.9577979166668,6.11093781871023
21.9581312500002,6.10507844340464
21.9584645833335,6.10234406826203
21.9587979166668,6.10442740170402
21.9591312500002,6.10091177652066
21.9594645833335,6.09973990145954
21.9597979166668,6.10039094316016
21.9601312500002,6.10468781838426
21.9604645833335,6.10598990178551
21.9607979166668,6.10416698502377
21.9611312500002,6.10299510996265
21.9614645833335,6.10572948510526
21.9617979166668,6.11028677700961
21.9621312500002,6.11054719368986
21.9624645833335,6.10794302688737
21.9627979166668,6.09973990145954
21.9631312500002,6.09921906809905
21.9634645833335,6.1037763600034
21.9637979166668,6.10911490194849
21.9641312500002,6.09908885975892
21.9644645833335,6.09140656769159
21.9647979166668,6.08854198420886
21.9651312500002,6.08723990080762
21.9654645833335,6.08841177586874
21.9657979166668,6.0941409428342
21.9661312500002,6.10898469360836
21.9664645833335,6.10885448526824
21.9667979166668,6.09987010979967
21.9671312500002,6.09479198453482
21.9674645833335,6.09856802639843
21.9677979166669,6.10911490194849
21.9681312500002,6.11119823539048
21.9684645833335,6.10963573530899
21.9687979166669,6.10416698502377
21.9691312500002,6.09830760971818
21.9694645833335,6.09570344291569
21.9697979166669,6.09596385959594
21.9701312500002,6.10351594332315
21.9704645833335,6.10559927676513
21.9707979166668,6.10247427660215
21.9711312500002,6.09817740137805
21.9714645833335,6.09570344291569
21.9717979166669,6.08893260922923
21.9721312500002,6.08919302590948
21.9724645833335,6.09440135951445
21.9727979166669,6.10169302656141
21.9731312500002,6.09856802639843
21.9734645833335,6.09075552599097
21.9737979166669,6.09453156785457
21.9741312500002,6.10403677668364
21.9744645833335,6.11302115215222
21.9747979166669,6.11250031879172
21.9751312500002,6.10013052647992
21.9754645833335,6.09609406793607
21.9757979166669,6.09427115117433
21.9761312500002,6.09778677635768
21.9764645833335,6.08971385926998
21.9767979166669,6.08333365060389
21.9771312500002,6.08346385894401
21.9774645833335,6.0908857343311
21.9777979166669,6.0941409428342
21.9781312500002,6.09114615101134
21.9784645833335,6.09492219287495
21.9787979166669,6.09739615133731
21.9791312500002,6.1032555266429
21.9794645833335,6.09635448461631
21.9797979166669,6.10000031813979
21.9801312500002,6.09987010979967
21.9804645833335,6.10390656834352
21.9807979166669,6.10091177652066
21.9811312500002,6.09570344291569
21.9814645833335,6.09335969279346
21.9817979166669,6.09075552599097
21.9821312500002,6.09166698437184
21.9824645833335,6.0908857343311
21.9827979166669,6.08476594234526
21.9831312500002,6.08320344226377
21.9834645833335,6.08450552566501
21.9837979166669,6.09244823441259
21.9841312500002,6.09218781773234
21.9844645833335,6.09609406793607
21.9847979166669,6.09765656801756
21.9851312500002,6.10351594332315
21.9854645833335,6.09713573465706
21.9857979166669,6.08372427562426
21.9861312500002,6.07864615035942
21.9864645833335,6.08046906712116
21.9867979166669,6.09270865109284
21.9871312500002,6.0946617761947
21.9874645833335,6.09335969279346
21.9877979166669,6.09817740137805
21.9881312500002,6.10520865174476
21.9884645833335,6.11093781871023
21.9887979166669,6.10247427660215
21.9891312500002,6.0903649009706
21.9894645833335,6.08437531732489
21.9897979166669,6.08750031748787
21.9901312500002,6.09544302623544
21.9904645833335,6.0951826095552
21.9907979166669,6.09987010979967
21.9911312500002,6.10403677668364
21.9914645833335,6.10625031846575
21.9917979166669,6.09622427627619
21.99213125,6.08710969246749
21.9924645833333,6.08893260922923
21.9927979166667,6.09596385959594
21.99313125,6.09778677635768
21.9934645833333,6.09140656769159
21.9937979166667,6.08385448396439
21.99413125,6.08437531732489
21.9944645833333,6.08450552566501
21.9947979166667,6.08763052582799
21.99513125,6.08593781740638
21.9954645833333,6.08945344258973
21.9957979166667,6.08919302590948
21.99613125,6.085547192386
21.9964645833333,6.085547192386
21.9967979166667,6.08450552566501
21.99713125,6.08697948412737
21.9974645833333,6.08593781740638
21.9977979166667,6.08789094250824
21.99813125,6.08997427595023
21.9984645833333,6.08619823408662
21.9987979166667,6.08281281724339
21.99913125,6.08033885878103
21.9994645833333,6.07942740040016
21.9997979166667,6.08164094218228
22.00013125,6.08268260890327
22.0004645833333,6.08085969214153
22.0007979166667,6.08085969214153
22.00113125,6.07942740040016
22.0014645833334,6.08463573400513
22.0017979166667,6.07825552533905
22.00213125,6.07591177521681
22.0024645833334,6.07864615035942
22.0027979166667,6.08346385894401
22.00313125,6.08697948412737
22.0034645833334,6.08880240088911
22.0037979166667,6.09322948445333
22.00413125,6.09075552599097
22.0044645833334,6.08593781740638
22.0047979166667,6.08385448396439
22.00513125,6.08906281756936
22.0054645833334,6.08802115084836
22.0057979166667,6.08294302558352
22.00613125,6.07330760841433
22.0064645833334,6.07669302525756
22.0067979166667,6.07929719206004
22.00713125,6.08242219222302
22.0074645833334,6.07539094185631
22.0077979166667,6.07265656671371
22.00813125,6.07330760841433
22.0084645833334,6.07812531699892
22.0087979166667,6.08789094250824
22.00913125,6.09283885943296
22.0094645833334,6.08971385926998
22.0097979166667,6.08307323392364
22.01013125,6.08346385894401
22.0104645833334,6.08697948412737
22.0107979166667,6.08789094250824
22.01113125,6.08828156752861
22.0114645833334,6.08776073416812
22.0117979166667,6.08971385926998
22.01213125,6.08489615068538
22.0124645833334,6.08046906712116
22.0127979166667,6.07890656703967
22.01313125,6.08645865076687
22.0134645833334,6.09635448461631
22.0137979166667,6.09257844275271
22.01413125,6.08750031748787
22.0144645833334,6.09010448429035
22.0147979166667,6.09348990113358
22.01513125,6.08802115084836
22.0154645833334,6.07265656671371
22.0157979166667,6.07083364995197
22.01613125,6.07604198355693
22.0164645833334,6.08216177554277
22.0167979166667,6.08320344226377
22.01713125,6.0812503171619
22.0174645833334,6.07929719206004
22.0177979166667,6.08151073384215
22.01813125,6.07773469197855
22.0184645833334,6.07434927513532
22.0187979166667,6.07500031683594
22.01913125,6.08112010882178
22.0194645833334,6.08580760906625
22.0197979166667,6.08385448396439
22.02013125,6.08268260890327
22.0204645833334,6.08255240056315
22.0207979166667,6.08007844210079
22.02113125,6.07890656703967
22.0214645833334,6.08437531732489
22.0217979166667,6.0908857343311
22.02213125,6.09296906777308
22.0224645833334,6.09205760939221
22.0227979166667,6.08893260922923
22.02313125,6.09023469263048
22.0234645833334,6.08255240056315
22.0237979166667,6.07825552533905
22.02413125,6.07643260857731
22.0244645833334,6.07942740040016
22.0247979166667,6.08723990080762
22.02513125,6.08867219254898
22.0254645833334,6.08945344258973
22.0257979166667,6.08437531732489
22.02613125,6.08020865044091
22.0264645833334,6.07604198355693
22.0267979166667,6.07161489999271
22.02713125,6.07408885845507
22.0274645833334,6.07473990015569
22.0277979166667,6.0785159420193
22.02813125,6.08307323392364
22.0284645833334,6.09192740105209
22.0287979166667,6.0941409428342
22.0291312500001,6.09140656769159
22.0294645833334,6.09075552599097
22.0297979166667,6.09257844275271
22.0301312500001,6.09283885943296
22.0304645833334,6.08854198420886
22.0307979166667,6.08294302558352
22.0311312500001,6.07955760874029
22.0314645833334,6.08645865076687
22.0317979166667,6.08971385926998
22.0321312500001,6.09348990113358
22.0324645833334,6.07942740040016
22.0327979166667,6.07539094185631
22.0331312500001,6.07343781675445
22.0334645833334,6.07721385861805
22.0337979166667,6.08463573400513
22.0341312500001,6.0903649009706
22.0344645833334,6.0941409428342
22.0347979166667,6.0860680257465
22.0351312500001,6.07656281691743
22.0354645833334,6.08541698404588
22.0357979166667,6.09596385959594
22.0361312500001,6.09908885975892
22.0364645833334,6.086588859107
22.0367979166667,6.08190135886253
22.0371312500001,6.09049510931072
22.0374645833334,6.0989586514188
22.0377979166667,6.09427115117433
22.0381312500001,6.08242219222302
22.0384645833334,6.08385448396439
22.0387979166667,6.09335969279346
22.0391312500001,6.09700552631693
22.0394645833334,6.08828156752861
22.0397979166667,6.08515656736563
22.0401312500001,6.08476594234526
22.0404645833334,6.08541698404588
22.0407979166667,6.07304719173408
22.0411312500001,6.06471385796613
22.0414645833334,6.06497427464638
22.0417979166667,6.07473990015569
22.0421312500001,6.08632844242675
22.0424645833334,6.08723990080762
22.0427979166667,6.07955760874029
22.0431312500001,6.07513052517607
22.0434645833334,6.07487010849582
22.0437979166667,6.07916698371992
22.0441312500001,6.07460969181557
22.0444645833334,6.07500031683594
22.0447979166667,6.07135448331246
22.0451312500001,6.07421906679519
22.0454645833334,6.07161489999271
22.0457979166667,6.07356802509457
22.0461312500001,6.07200552501308
22.0464645833334,6.07187531667296
22.0467979166667,6.0769534419378
22.0471312500001,6.08242219222302
22.0474645833334,6.08190135886253
22.0477979166667,6.08059927546128
22.0481312500001,6.07630240023718
22.0484645833334,6.0817711505224
22.0487979166667,6.07721385861805
22.0491312500001,6.07981802542054
22.0494645833334,6.07838573367917
22.0497979166667,6.08072948380141
22.0501312500001,6.07994823376066
22.0504645833334,6.08007844210079
22.0507979166667,6.08528677570575
22.0511312500001,6.08971385926998
22.0514645833334,6.08789094250824
22.0517979166667,6.08398469230451
22.0521312500001,6.0822919838829
22.0524645833334,6.08750031748787
22.0527979166667,6.08932323424961
22.0531312500001,6.09049510931072
22.0534645833334,6.09010448429035
22.0537979166667,6.09140656769159
22.0541312500001,6.09427115117433
22.0544645833334,6.09739615133731
22.0547979166667,6.09427115117433
22.0551312500001,6.08971385926998
22.0554645833334,6.08502635902551
22.0557979166668,6.08841177586874
22.0561312500001,6.0941409428342
22.0564645833334,6.09127635935147
22.0567979166667,6.08802115084836
22.0571312500001,6.08411490064464
22.0574645833334,6.08932323424961
22.0577979166668,6.08971385926998
22.0581312500001,6.08789094250824
22.0584645833334,6.0785159420193
22.0587979166668,6.07994823376066
22.0591312500001,6.08085969214153
22.0594645833334,6.08489615068538
22.0597979166668,6.08437531732489
22.0601312500001,6.08880240088911
22.0604645833334,6.09583365125582
22.0607979166668,6.09687531797681
22.0611312500001,6.09283885943296
22.0614645833334,6.08997427595023
22.0617979166668,6.09388052615395
22.0621312500001,6.09622427627619
22.0624645833334,6.09114615101134
22.0627979166668,6.08112010882178
22.0631312500001,6.07265656671371
22.0634645833334,6.07500031683594
22.0637979166668,6.08046906712116
22.0641312500001,6.08385448396439
22.0644645833334,6.07955760874029
22.0647979166668,6.08697948412737
22.0651312500001,6.09570344291569
22.0654645833334,6.10130240154103
22.0657979166668,6.09882844307867
22.0661312500001,6.09479198453482
22.0664645833334,6.09322948445333
22.0667979166668,6.09075552599097
22.0671312500001,6.08489615068538
22.0674645833334,6.08645865076687
22.0677979166668,6.08359406728414
22.0681312500001,6.08645865076687
22.0684645833334,6.08567740072613
22.0687979166668,6.09127635935147
22.0691312500001,6.09674510963669
22.0694645833334,6.10442740170402
22.0697979166668,6.09817740137805
22.0701312500001,6.08307323392364
22.0704645833334,6.07617219189706
22.0707979166668,6.08112010882178
22.0711312500001,6.09479198453482
22.0714645833334,6.09557323457557
22.0717979166668,6.09505240121507
22.0721312500001,6.09179719271197
22.0724645833334,6.08593781740638
22.0727979166668,6.08372427562426
22.0731312500001,6.07968781708041
22.0734645833334,6.08098990048166
22.0737979166668,6.08112010882178
22.0741312500001,6.08203156720265
22.0744645833334,6.08216177554277
22.0747979166668,6.08112010882178
22.0751312500001,6.07981802542054
22.0754645833334,6.08580760906625
22.0757979166668,6.09179719271197
22.0761312500001,6.10130240154103
22.0764645833334,6.10260448494228
22.0767979166668,6.0946617761947
22.0771312500001,6.08502635902551
22.0774645833334,6.08424510898476
22.0777979166668,6.08671906744712
22.0781312500001,6.08424510898476
22.0784645833334,6.07487010849582
22.0787979166668,6.0769534419378
22.0791312500001,6.08203156720265
22.0794645833334,6.08476594234526
22.0797979166668,6.08190135886253
22.0801312500001,6.08098990048166
22.0804645833334,6.08112010882178
22.0807979166668,6.085547192386
22.0811312500001,6.08476594234526
22.0814645833335,6.08112010882178
22.0817979166668,6.07278677505383
22.0821312500001,6.07434927513532
22.0824645833334,6.07864615035942
22.0827979166668,6.07565135853656
22.0831312500001,6.06809927480936
22.0834645833334,6.06679719140811
22.0837979166668,6.07617219189706
22.0841312500001,6.0860680257465
22.0844645833335,6.08750031748787
22.0847979166668,6.07994823376066
22.0851312500001,6.07604198355693
22.0854645833335,6.07656281691743
22.0857979166668,6.07877635869954
22.0861312500001,6.07773469197855
22.0864645833335,6.07656281691743
22.0867979166668,6.08203156720265
22.0871312500001,6.09023469263048
22.0874645833335,6.09570344291569
22.0877979166668,6.09596385959594
22.0881312500001,6.09166698437184
22.0884645833335,6.08867219254898
22.0887979166668,6.08333365060389
22.0891312500001,6.0769534419378
22.0894645833335,6.07200552501308
22.0897979166668,6.07864615035942
22.0901312500001,6.08880240088911
22.0904645833335,6.09440135951445
22.0907979166668,6.08645865076687
22.0911312500001,6.08476594234526
22.0914645833335,6.08684927578725
22.0917979166668,6.09309927611321
22.0921312500001,6.08684927578725
22.0924645833335,6.08763052582799
22.0927979166668,6.08671906744712
22.0931312500001,6.0903649009706
22.0934645833335,6.08684927578725
22.0937979166668,6.08072948380141
22.0941312500001,6.07916698371992
22.0944645833335,6.08072948380141
22.0947979166668,6.08541698404588
22.0951312500001,6.08697948412737
22.0954645833335,6.08906281756936
22.0957979166668,6.09166698437184
22.0961312500001,6.09596385959594
22.0964645833335,6.09192740105209
22.0967979166668,6.08632844242675
22.0971312500001,6.07903677537979
22.0974645833335,6.08320344226377
22.0977979166668,6.09270865109284
22.0981312500001,6.09856802639843
22.0984645833335,6.09348990113358
22.0987979166668,6.08307323392364
22.0991312500001,6.08333365060389
22.0994645833335,6.08906281756936
22.0997979166668,6.09557323457557
22.1001312500001,6.09166698437184
22.1004645833335,6.08072948380141
22.1007979166668,6.085547192386
22.1011312500001,6.09453156785457
22.1014645833335,6.10950552696886
22.1017979166668,6.1032555266429
22.1021312500001,6.08997427595023
22.1024645833335,6.08424510898476
22.1027979166668,6.08802115084836
22.1031312500001,6.09453156785457
22.1034645833335,6.09296906777308
22.1037979166668,6.08190135886253
22.1041312500001,6.08307323392364
22.1044645833335,6.08737010914774
22.1047979166668,6.09479198453482
22.1051312500001,6.08815135918849
22.1054645833335,6.08398469230451
22.1057979166668,6.08502635902551
22.1061312500001,6.08867219254898
22.1064645833335,6.09075552599097
22.1067979166668,6.08723990080762
22.1071312500001,6.08164094218228
22.1074645833335,6.07864615035942
22.1077979166668,6.08085969214153
22.1081312500002,6.085547192386
22.1084645833335,6.08268260890327
22.1087979166668,6.07460969181557
22.1091312500001,6.07421906679519
22.1094645833335,6.07408885845507
22.1097979166668,6.08476594234526
22.1101312500001,6.08476594234526
22.1104645833335,6.08242219222302
22.1107979166668,6.07890656703967
22.1111312500001,6.07656281691743
22.1114645833335,6.07252635837358
22.1117979166668,6.07005239991122
22.1121312500002,6.07617219189706
22.1124645833335,6.08385448396439
22.1127979166668,6.08450552566501
22.1131312500002,6.08450552566501
22.1134645833335,6.08776073416812
22.1137979166668,6.0898440676101
22.1141312500002,6.08346385894401
22.1144645833335,6.07838573367917
22.1147979166668,6.07500031683594
22.1151312500002,6.07473990015569
22.1154645833335,6.07513052517607
22.1157979166668,6.07812531699892
22.1161312500002,6.085547192386
22.1164645833335,6.08997427595023
22.1167979166668,6.09023469263048
22.1171312500002,6.08372427562426
22.1174645833335,6.07669302525756
22.1177979166668,6.0785159420193
22.1181312500002,6.08242219222302
22.1184645833335,6.08632844242675
22.1187979166668,6.08046906712116
22.1191312500002,6.07721385861805
22.1194645833335,6.0812503171619
22.1197979166668,6.08958365092985
22.1201312500002,6.08867219254898
22.1204645833335,6.07903677537979
22.1207979166668,6.07200552501308
22.1211312500002,6.07825552533905
22.1214645833335,6.08789094250824
22.1217979166668,6.09270865109284
22.1221312500002,6.09127635935147
22.1224645833335,6.09010448429035
22.1227979166668,6.09127635935147
22.1231312500002,6.09270865109284
22.1234645833335,6.08906281756936
22.1237979166668,6.08359406728414
22.1241312500002,6.08059927546128
22.1244645833335,6.08255240056315
22.1247979166668,6.07942740040016
22.1251312500002,6.07890656703967
22.1254645833335,6.07669302525756
22.1257979166668,6.08033885878103
22.1261312500002,6.07057323327172
22.1264645833335,6.06184927448339
22.1267979166668,6.06223989950377
22.1271312500002,6.06588573302724
22.1274645833335,6.07213573335321
22.1277979166668,6.0699221915711
22.1281312500002,6.07421906679519
22.1284645833335,6.07669302525756
22.1287979166668,6.07604198355693
22.1291312500002,6.07578156687669
22.1294645833335,6.07395865011495
22.1297979166668,6.07239615003346
22.1301312500002,6.07083364995197
22.1304645833335,6.06901073319023
22.1307979166668,6.06705760808836
22.1311312500002,6.06106802444265
22.1314645833335,6.05690135755867
22.1317979166668,6.06184927448339
22.1321312500002,6.06614614970749
22.1324645833335,6.0683596914896
22.1327979166668,6.06770864978898
22.1331312500002,6.07395865011495
22.1334645833335,6.08151073384215
22.1337979166668,6.07760448363842
22.1341312500002,6.06862010816985
22.1344645833335,6.06497427464638
22.1347979166668,6.07018260825134
22.1351312500002,6.07591177521681
22.1354645833335,6.0774742752983
22.1357979166668,6.0683596914896
22.1361312500002,6.06119823278277
22.1364645833335,6.05846385764016
22.1367979166668,6.06523469132662
22.1371312500002,6.06640656638774
22.1374645833335,6.07018260825134
22.1377979166668,6.0688805248501
22.1381312500002,6.07682323359768
22.1384645833335,6.07382844177482
22.1387979166669,6.08033885878103
22.1391312500002,6.08164094218228
22.1394645833335,6.07760448363842
22.1397979166669,6.0699221915711
22.1401312500002,6.06367219124513
22.1404645833335,6.06796906646923
22.1407979166669,6.06953156655072
22.1411312500002,6.06822948314948
22.1414645833335,6.06757844144886
22.1417979166669,6.07161489999271
22.1421312500002,6.07487010849582
22.1424645833335,6.07291698339395
22.1427979166669,6.065625316347
22.1431312500002,6.06041698274203
22.1434645833335,6.06158885780315
22.1437979166669,6.06223989950377
22.1441312500002,6.06705760808836
22.1444645833335,6.06549510800687
22.1447979166669,6.05963573270128
22.1451312500002,6.05520864913706
22.1454645833335,6.05351594071544
22.1457979166669,6.06197948282352
22.1461312500002,6.06106802444265
22.1464645833335,6.05533885747718
22.1467979166669,6.05156281561358
22.1471312500002,6.05546906581731
22.1474645833335,6.06158885780315
22.1477979166669,6.05976594104141
22.1481312500002,6.05664094087842
22.1484645833335,6.06041698274203
22.1487979166669,6.06523469132662
22.1491312500002,6.06328156622476
22.1494645833335,6.05351594071544
22.1497979166669,6.05091177391296
22.1501312500002,6.04960969051172
22.1504645833335,6.05481802411669
22.1507979166669,6.05364614905557
22.1511312500002,6.06197948282352
22.1514645833335,6.06666698306799
22.1517979166669,6.0683596914896
22.1521312500002,6.06354198290501
22.1524645833335,6.05885448266054
22.1527979166669,6.06276073286426
22.1531312500002,6.06549510800687
22.1534645833335,6.06445344128588
22.1537979166669,6.05807323261979
22.1541312500002,6.05338573237532
22.1544645833335,6.0608076077624
22.1547979166669,6.064583649626
22.1551312500002,6.06796906646923
22.1554645833335,6.05585969083768
22.1557979166669,6.05286489901482
22.1561312500002,6.05104198225308
22.1564645833335,6.05533885747718
22.1567979166669,6.05052114889259
22.1571312500002,6.05416698241606
22.1574645833335,6.06145864946302
22.1577979166669,6.07018260825134
22.1581312500002,6.0613284411229
22.1584645833335,6.05156281561358
22.1587979166669,6.04921906549134
22.1591312500002,6.04987010719197
22.1594645833335,6.05286489901482
22.1597979166669,6.04908885715122
22.1601312500002,6.05208364897408
22.1604645833335,6.05533885747718
22.1607979166669,6.05742219091917
22.1611312500002,6.05390656573582
22.1614645833335,6.04765656540985
22.1617979166669,6.04622427366849
22.1621312500002,6.05546906581731
22.1624645833336,6.06002635772165
22.1627979166667,6.06015656606178
22.16313125,6.04882844047097
22.1634645833333,6.04726594038948
22.1637979166667,6.04609406532836
22.16413125,6.04987010719197
22.1644645833333,6.04648469034874
22.1647979166667,6.04817739877035
22.16513125,6.05117219059321
22.1654645833333,6.06106802444265
22.1657979166667,6.06210969116364
22.16613125,6.06184927448339
22.1664645833333,6.04726594038948
22.1667979166667,6.04492219026724
22.16713125,6.04648469034874
22.1674645833333,6.05442739909631
22.1677979166667,6.05195344063395
22.16813125,6.04401073188638
22.1684645833333,6.04127635674377
22.1687979166667,6.04622427366849
22.16913125,6.0473961487296
22.1694645833333,6.04322948184563
22.1697979166667,6.04075552338327
22.17013125,6.0484378154506
22.1704645833334,6.06223989950377
22.1707979166667,6.06575552468712
22.17113125,6.06015656606178
22.1714645833333,6.05000031553209
22.1717979166667,6.04453156524687
22.17213125,6.04947948217159
22.1724645833333,6.05286489901482
22.1727979166667,6.05091177391296
22.17313125,6.04596385698824
22.1734645833333,6.04648469034874
22.1737979166667,6.05533885747718
22.17413125,6.05820344095992
22.1744645833334,6.05377635739569
22.1747979166667,6.05481802411669
22.17513125,6.05520864913706
22.1754645833334,6.06419302460563
22.1757979166667,6.06197948282352
22.17613125,6.06067739942228
22.1764645833334,6.05065135723271
22.1767979166667,6.04479198192712
22.17713125,6.04192739844439
22.1774645833334,6.04635448200861
22.1777979166667,6.04921906549134
22.17813125,6.0527346906747
22.1784645833334,6.0559898991778
22.1787979166667,6.05898469100066
22.17913125,6.05742219091917
22.1794645833334,6.05729198257905
22.1797979166667,6.05156281561358
22.18013125,6.05130239893333
22.1804645833334,6.04778677374998
22.1807979166667,6.0527346906747
22.18113125,6.05208364897408
22.1814645833334,6.05260448233457
22.1817979166667,6.04960969051172
22.18213125,6.0479169820901
22.1824645833334,6.04778677374998
22.1827979166667,6.04726594038948
22.18313125,6.05013052387221
22.1834645833334,6.0522138573142
22.1837979166667,6.04921906549134
22.18413125,6.04348989852588
22.1844645833334,6.03841177326103
22.1847979166667,6.04101594006352
22.18513125,6.0527346906747
22.1854645833334,6.05729198257905
22.1857979166667,6.05755239925929
22.18613125,6.05078156557283
22.1864645833334,6.05546906581731
22.1867979166667,6.05768260759942
22.18713125,6.05833364930004
22.1874645833334,6.04804719043023
22.1877979166667,6.04895864881109
22.18813125,6.05768260759942
22.1884645833334,6.07070344161184
22.1887979166667,6.07044302493159
22.18913125,6.06302114954451
22.1894645833334,6.05429719075619
22.1897979166667,6.05351594071544
22.19013125,6.05585969083768
22.1904645833334,6.06223989950377
22.1907979166667,6.07057323327172
22.19113125,6.07500031683594
22.1914645833334,6.07239615003346
22.1917979166667,6.07226594169333
22.19213125,6.06822948314948
22.1924645833334,6.07278677505383
22.1927979166667,6.07265656671371
22.19313125,6.07591177521681
22.1934645833334,6.07265656671371
22.1937979166667,6.07291698339395
22.19413125,6.07473990015569
22.1944645833334,6.07617219189706
22.1947979166667,6.06848989982973
22.19513125,6.06575552468712
22.1954645833334,6.06822948314948
22.1957979166667,6.07539094185631
22.19613125,6.07604198355693
22.1964645833334,6.06406281626551
22.1967979166667,6.05807323261979
22.19713125,6.05781281593954
22.1974645833334,6.06575552468712
22.1977979166667,6.06614614970749
22.1981312500001,6.0608076077624
22.1984645833334,6.06341177456488
22.1987979166667,6.07005239991122
22.19913125,6.07356802509457
22.1994645833334,6.07239615003346
22.1997979166667,6.07031281659147
22.2001312500001,6.07291698339395
22.2004645833334,6.07057323327172
22.2007979166667,6.06627635804762
22.20113125,6.06445344128588
22.2014645833334,6.064583649626
22.2017979166667,6.06406281626551
22.2021312500001,6.05716177423892
22.2024645833334,6.05429719075619
22.2027979166667,6.0565107325383
22.2031312500001,6.06536489966675
22.2034645833334,6.07200552501308
22.2037979166667,6.06862010816985
22.2041312500001,6.06718781642849
22.2044645833334,6.06445344128588
22.2047979166667,6.06354198290501
22.2051312500001,6.05859406598029
22.2054645833334,6.06119823278277
22.2057979166667,6.06145864946302
22.2061312500001,6.06184927448339
22.2064645833334,6.05468781577656
22.2067979166667,6.06041698274203
22.2071312500001,6.0694013582106
22.2074645833334,6.07500031683594
22.2077979166667,6.07096385829209
22.2081312500001,6.07122427497234
22.2084645833334,6.07864615035942
22.2087979166667,6.08789094250824
22.2091312500001,6.08593781740638
22.2094645833334,6.0774742752983
22.2097979166667,6.07617219189706
22.2101312500001,6.08502635902551
22.2104645833334,6.09179719271197
22.2107979166667,6.08828156752861
22.2111312500001,6.08033885878103
22.2114645833334,6.07877635869954
22.2117979166667,6.08463573400513
22.2121312500001,6.08541698404588
22.2124645833334,6.07942740040016
22.2127979166667,6.07005239991122
22.2131312500001,6.06549510800687
22.2134645833334,6.07226594169333
22.2137979166667,6.08098990048166
22.2141312500001,6.0817711505224
22.2144645833334,6.07617219189706
22.2147979166667,6.07187531667296
22.2151312500001,6.07552115019644
22.2154645833334,6.07721385861805
22.2157979166667,6.07252635837358
22.2161312500001,6.07161489999271
22.2164645833334,6.0694013582106
22.2167979166667,6.0736982334347
22.2171312500001,6.0731774000742
22.2174645833334,6.07447948347544
22.2177979166667,6.07356802509457
22.2181312500001,6.07304719173408
22.2184645833334,6.07981802542054
22.2187979166667,6.08294302558352
22.2191312500001,6.08541698404588
22.2194645833334,6.07916698371992
22.2197979166667,6.0785159420193
22.2201312500001,6.07994823376066
22.2204645833334,6.08190135886253
22.2207979166667,6.0774742752983
22.2211312500001,6.07304719173408
22.2214645833334,6.07617219189706
22.2217979166667,6.08281281724339
22.2221312500001,6.08737010914774
22.2224645833334,6.08450552566501
22.2227979166667,6.0812503171619
22.2231312500001,6.07981802542054
22.2234645833334,6.08346385894401
22.2237979166667,6.08541698404588
22.2241312500001,6.08398469230451
22.2244645833334,6.08580760906625
22.2247979166668,6.08398469230451
22.2251312500001,6.08450552566501
22.2254645833334,6.07877635869954
22.2257979166667,6.08072948380141
22.2261312500001,6.08723990080762
22.2264645833334,6.09049510931072
22.2267979166668,6.09375031781383
22.2271312500001,6.0860680257465
22.2274645833334,6.08971385926998
22.2277979166667,6.09388052615395
22.2281312500001,6.09791698469781
22.2284645833334,6.09427115117433
22.2287979166668,6.09140656769159
22.2291312500001,6.09765656801756
22.2294645833334,6.1027346932824
22.2297979166668,6.10078156818054
22.2301312500001,6.09075552599097
22.2304645833334,6.08541698404588
22.2307979166668,6.08906281756936
22.2311312500001,6.10065135984041
22.2314645833334,6.10872427692812
22.2317979166668,6.1037763600034
22.2321312500001,6.10143260988116
22.2324645833334,6.10520865174476
22.2327979166668,6.11289094381209
22.2331312500001,6.11419302721333
22.2334645833334,6.10013052647992
22.2337979166668,6.09531281789532
22.2341312500001,6.09765656801756
22.2344645833334,6.1070315685065
22.2347979166668,6.10546906842501
22.2351312500001,6.09869823473855
22.2354645833334,6.09427115117433
22.2357979166668,6.09752635967743
22.2361312500001,6.0994794847793
22.2364645833334,6.10468781838426
22.2367979166668,6.10559927676513
22.2371312500001,6.09869823473855
22.2374645833334,6.09362010947371
22.2377979166668,6.09804719303793
22.2381312500001,6.10507844340464
22.2384645833334,6.10533886008489
22.2387979166668,6.09401073449408
22.2391312500001,6.0908857343311
22.2394645833334,6.08841177586874
22.2397979166668,6.09010448429035
22.2401312500001,6.09244823441259
22.2404645833334,6.0908857343311
22.2407979166668,6.09348990113358
22.2411312500001,6.09739615133731
22.2414645833334,6.10768261020712
22.2417979166668,6.11197948543122
22.2421312500001,6.1027346932824
22.2424645833334,6.09856802639843
22.2427979166668,6.10117219320091
22.2431312500001,6.11002636032936
22.2434645833334,6.11341177717259
22.2437979166668,6.10104198486079
22.2441312500001,6.09205760939221
22.2444645833334,6.09153677603172
22.2447979166668,6.10559927676513
22.2451312500001,6.11848990243743
22.2454645833334,6.11731802737631
22.2457979166668,6.10963573530899
22.2461312500001,6.10807323522749
22.2464645833334,6.11835969409731
22.2467979166668,6.12669302786526
22.2471312500001,6.11953156915843
22.2474645833334,6.10442740170402
22.2477979166668,6.10000031813979
22.2481312500001,6.10429719336389
22.2484645833334,6.10598990178551
22.2487979166668,6.10182323490153
22.2491312500001,6.10403677668364
22.2494645833334,6.1108076103701
22.2497979166668,6.11549511061458
22.2501312500001,6.10781281854725
22.2504645833334,6.10364615166327
22.2507979166668,6.10872427692812
22.2511312500001,6.12018261085905
22.2514645833334,6.12903677798749
22.2517979166668,6.12708365288563
22.2521312500001,6.11901073579793
22.2524645833334,6.1156253189547
22.2527979166668,6.1118492770911
22.2531312500001,6.11627636065532
22.2534645833334,6.11406281887321
22.2537979166668,6.11744823571644
22.2541312500001,6.11666698567569
22.2544645833334,6.11458365223371
22.2547979166668,6.11393261053308
22.2551312500001,6.11536490227445
22.2554645833334,6.11888052745781
22.2557979166668,6.11953156915843
22.2561312500001,6.12278677766153
22.2564645833335,6.12343781936215
22.2567979166668,6.11757844405656
22.2571312500001,6.10872427692812
22.2574645833335,6.10833365190774
22.2577979166668,6.11640656899545
22.2581312500001,6.1242190694029
22.2584645833335,6.12721386122576
22.2587979166668,6.12239615264116
22.2591312500001,6.1199221941788
22.2594645833335,6.11679719401582
22.2597979166668,6.12460969442327
22.2601312500001,6.12981802802824
22.2604645833335,6.1317711531301
22.2607979166668,6.127474277906
22.2611312500001,6.12239615264116
22.2614645833335,6.1199221941788
22.2617979166668,6.12343781936215
22.2621312500001,6.12916698632762
22.2624645833335,6.12617219450476
22.2627979166668,6.12617219450476
22.2631312500001,6.12460969442327
22.2634645833335,6.13059927806899
22.2637979166668,6.13203156981035
22.2641312500001,6.13033886138874
22.2644645833335,6.12734406956588
22.2647979166668,6.12669302786526
22.2651312500001,6.13385448657209
22.2654645833335,6.14427115378203
22.2657979166668,6.14492219548265
22.2661312500001,6.13932323685731
22.2664645833335,6.127474277906
22.2667979166668,6.12291698600166
22.2671312500001,6.12669302786526
22.2674645833335,6.13476594495296
22.2677979166668,6.13671907005482
22.2681312500001,6.13424511159246
22.2684645833335,6.13632844503445
22.2687979166668,6.14414094544191
22.2691312500001,6.14479198714253
22.2694645833335,6.14101594527892
22.2697979166668,6.13346386155172
22.2701312500001,6.13294302819122
22.2704645833335,6.13242219483073
22.2707979166668,6.13737011175544
22.2711312500001,6.14244823702029
22.2714645833335,6.14596386220364
22.2717979166668,6.14453157046228
22.2721312500001,6.14453157046228
22.2724645833335,6.14921907070675
22.2727979166668,6.14882844568638
22.2731312500001,6.13880240349681
22.2734645833335,6.12604198616464
22.2737979166668,6.12578156948439
22.2741312500001,6.14309927872091
22.2744645833335,6.15729198779445
22.2747979166668,6.16106802965806
22.2751312500001,6.15026073742774
22.2754645833335,6.15117219580861
22.2757979166668,6.15625032107346
22.2761312500001,6.16054719629756
22.2764645833335,6.15052115410799
22.2767979166668,6.14283886204066
22.2771312500001,6.14713573726476
22.2774645833335,6.15846386285557
22.2777979166668,6.16575552990253
22.2781312500001,6.15859407119569
22.2784645833335,6.15351594593085
22.2787979166668,6.15104198746849
22.2791312500001,6.15598990439321
22.2794645833335,6.1575524044747
22.2797979166668,6.15612011273333
22.2801312500001,6.15729198779445
22.2804645833335,6.15442740431172
22.2807979166668,6.15546907103271
22.2811312500002,6.15625032107346
22.2814645833335,6.15677115443396
22.2817979166668,6.15677115443396
22.2821312500001,6.15989615459694
22.2824645833335,6.16796907168464
22.2827979166668,6.17578157209209
22.2831312500002,6.17500032205135
22.2834645833335,6.16640657160315
22.2837979166668,6.15924511289632
22.2841312500001,6.16119823799818
22.2844645833335,6.17148469686799
22.2847979166668,6.17317740528961
22.2851312500002,6.16171907135868
22.2854645833335,6.15872427953582
22.2857979166668,6.1623701130593
22.2861312500002,6.17617219711247
22.2864645833335,6.17682323881309
22.2867979166668,6.17148469686799
22.2871312500002,6.17304719694948
22.2874645833335,6.17408886367048
22.2877979166668,6.17747428051371
22.2881312500002,6.16848990504514
22.2884645833335,6.15638052941358
22.2887979166668,6.15781282115495
22.2891312500002,6.16302115475992
22.2894645833335,6.1742190720106
22.2897979166668,6.17343782196986
22.2901312500002,6.16406282148091
22.2904645833335,6.15898469621607
22.2907979166668,6.15924511289632
22.2911312500002,6.16705761330377
22.2914645833335,6.17122428018774
22.2917979166668,6.16653677994327
22.2921312500002,6.16770865500439
22.2924645833335,6.17812532221433
22.2927979166668,6.19101594788663
22.2931312500002,6.19127636456688
22.2934645833335,6.1779951138742
22.2937979166668,6.17330761362973
22.2941312500002,6.1699221967865
22.2944645833335,6.17109407184762
22.2947979166668,6.16510448820191
22.2951312500002,6.16263052973955
22.2954645833335,6.16197948803892
22.2957979166668,6.16471386318153
22.2961312500002,6.16862011338526
22.2964645833335,6.16914094674576
22.2967979166668,6.17447948869085
22.2971312500002,6.1822919890983
22.2974645833335,6.18684928100265
22.2977979166668,6.1785159472347
22.2981312500002,6.16888053006551
22.2984645833335,6.16718782164389
22.2987979166668,6.16835969670501
22.2991312500002,6.16718782164389
22.2994645833335,6.16653677994327
22.2997979166668,6.17057323848712
22.3001312500002,6.17513053039147
22.3004645833335,6.16914094674576
22.3007979166668,6.1709638635075
22.3011312500002,6.17109407184762
22.3014645833335,6.17812532221433
22.3017979166668,6.17057323848712
22.3021312500002,6.17278678026924
22.3024645833335,6.17395865533035
22.3027979166668,6.17838573889458
22.3031312500002,6.17161490520812
22.3034645833335,6.16484407152166
22.3037979166668,6.16536490488215
22.3041312500002,6.17369823865011
22.3044645833335,6.18020865565632
22.3047979166668,6.17500032205135
22.3051312500002,6.17083365516737
22.3054645833335,6.16796907168464
22.3057979166668,6.17252636358899
22.3061312500002,6.16679719662352
22.3064645833335,6.16497427986178
22.3067979166668,6.16757844666427
22.3071312500002,6.1747399053711
22.3074645833335,6.17812532221433
22.3077979166669,6.17539094707172
22.3081312500002,6.1747399053711
22.3084645833335,6.17187532188837
22.3087979166669,6.16914094674576
22.3091312500002,6.16744823832414
22.3094645833335,6.16835969670501
22.3097979166669,6.17226594690874
22.3101312500002,6.17669303047296
22.3104645833335,6.17890657225507
22.3107979166668,6.1779951138742
22.3111312500002,6.17239615524886
22.3114645833335,6.1747399053711
22.3117979166669,6.17330761362973
22.3121312500002,6.16979198844638
22.3124645833335,6.16783886334452
22.3127979166669,6.17304719694948
22.3131312500002,6.18476594756066
22.3134645833335,6.18606803096191
22.3137979166669,6.17838573889458
22.3141312500002,6.17591178043222
22.3144645833335,6.17539094707172
22.3147979166669,6.18020865565632
22.3151312500002,6.17395865533035
22.3154645833335,6.16588573824265
22.3157979166669,6.16848990504514
22.3161312500002,6.1699221967865
22.3164645833335,6.1785159472347
22.3167979166669,6.17643261379271
22.3171312500002,6.17343782196986
22.3174645833335,6.16731802998402
22.3177979166669,6.16523469654203
22.3181312500002,6.16914094674576
22.3184645833335,6.16653677994327
22.3187979166669,6.15859407119569
22.3191312500002,6.15625032107346
22.3194645833335,6.1656253215624
22.3197979166669,6.16914094674576
22.3201312500002,6.16341177978029
22.3204645833335,6.15221386252961
22.3207979166669,6.15429719597159
22.3211312500002,6.16406282148091
22.3214645833335,6.16979198844638
22.3217979166669,6.15924511289632
22.3221312500002,6.1451826121629
22.3224645833335,6.14674511224439
22.3227979166669,6.15924511289632
22.3231312500002,6.16744823832414
22.3234645833335,6.15950552957656
22.3237979166669,6.15742219613458
22.3241312500002,6.15937532123644
22.3244645833335,6.16250032139942
22.3247979166669,6.15572948771296
22.3251312500002,6.1403649035783
22.3254645833335,6.13098990308936
22.3257979166669,6.13632844503445
22.3261312500002,6.14960969572712
22.3264645833335,6.15507844601234
22.3267979166669,6.14453157046228
22.3271312500002,6.13541698665358
22.3274645833335,6.13528677831346
22.3277979166669,6.14557323718327
22.3281312500002,6.15104198746849
22.3284645833335,6.1489586540265
22.3287979166669,6.13854198681656
22.3291312500002,6.13580761167396
22.3294645833335,6.1457034455234
22.3297979166669,6.1532555292506
22.3301312500002,6.15677115443396
22.3304645833335,6.14674511224439
22.3307979166669,6.14062532025855
22.3311312500002,6.1451826121629
22.3314645833335,6.14869823734625
22.3317979166669,6.15403677929135
22.3321312500002,6.14635448722402
22.3324645833335,6.14283886204066
22.3327979166669,6.13932323685731
22.3331312500002,6.14257844536041
22.3334645833333,6.1446617788024
22.3337979166667,6.14492219548265
22.33413125,6.13984407021781
22.3344645833333,6.13151073644985
22.3347979166667,6.12695344454551
22.33513125,6.12903677798749
22.3354645833333,6.13750032009557
22.3357979166667,6.14557323718327
22.33613125,6.14218782034004
22.3364645833333,6.14427115378203
22.3367979166667,6.14765657062526
22.33713125,6.14934927904687
22.3374645833333,6.14335969540116
22.3377979166667,6.13372427823197
22.33813125,6.13112011142948
22.3384645833333,6.13828157013632
22.3387979166667,6.14752636228514
22.33913125,6.15208365418948
22.3394645833333,6.14739615394501
22.3397979166667,6.13723990341532
22.34013125,6.1403649035783
22.3404645833333,6.14023469523818
22.3407979166667,6.14231802868017
22.34113125,6.1328128198511
22.3414645833333,6.12669302786526
22.3417979166667,6.12278677766153
22.34213125,6.12174511094054
22.3424645833333,6.12604198616464
22.3427979166667,6.13125031976961
22.34313125,6.13554719499371
22.3434645833334,6.13190136147023
22.3437979166667,6.13138052810973
22.34413125,6.13255240317085
22.3444645833334,6.1328128198511
22.3447979166667,6.1322919864906
22.34513125,6.12643261118501
22.3454645833334,6.12617219450476
22.3457979166667,6.11796906907694
22.34613125,6.12239615264116
22.3464645833333,6.1247399027634
22.3467979166667,6.1317711531301
22.34713125,6.12916698632762
22.3474645833334,6.127474277906
22.3477979166667,6.12942740300787
22.34813125,6.13007844470849
22.3484645833334,6.13020865304861
22.3487979166667,6.12630240284489
22.34913125,6.1194013608183
22.3494645833334,6.11380240219296
22.3497979166667,6.11276073547197
22.35013125,6.11393261053308
22.3504645833334,6.11419302721333
22.3507979166667,6.11210969377134
22.35113125,6.11835969409731
22.3514645833334,6.12070344421954
22.3517979166667,6.11718781903619
22.35213125,6.11223990211147
22.3524645833334,6.11393261053308
22.3527979166667,6.11549511061458
22.35313125,6.11575552729482
22.3534645833334,6.1151044855942
22.3537979166667,6.11627636065532
22.35413125,6.11341177717259
22.3544645833334,6.10872427692812
22.3547979166667,6.11041698534973
22.35513125,6.11718781903619
22.3554645833334,6.11862011077756
22.3557979166667,6.11237011045159
22.35613125,6.10585969344538
22.3564645833334,6.10937531862874
22.3567979166667,6.11054719368986
22.35713125,6.11197948543122
22.3574645833334,6.10989615198923
22.3577979166667,6.11028677700961
22.35813125,6.11028677700961
22.3584645833334,6.10794302688737
22.3587979166667,6.10182323490153
22.35913125,6.1037763600034
22.3594645833334,6.1027346932824
22.3597979166667,6.11093781871023
22.36013125,6.10833365190774
22.3604645833334,6.10963573530899
22.3607979166667,6.11484406891395
22.36113125,6.1161461523152
22.3614645833334,6.1156253189547
22.3617979166667,6.11497427725408
22.36213125,6.11419302721333
22.3624645833334,6.11406281887321
22.3627979166667,6.10898469360836
22.36313125,6.11250031879172
22.3634645833334,6.11445344389358
22.3637979166667,6.11054719368986
22.36413125,6.10026073482004
22.3644645833334,6.09856802639843
22.3647979166667,6.10429719336389
22.36513125,6.10677115182625
22.3654645833334,6.10533886008489
22.3657979166667,6.09934927643917
22.36613125,6.0984378180583
22.3664645833334,6.10130240154103
22.3667979166667,6.106510735146
22.36713125,6.10859406858799
22.3674645833334,6.09908885975892
22.3677979166667,6.08437531732489
22.36813125,6.08268260890327
22.3684645833334,6.08645865076687
22.3687979166667,6.09218781773234
22.36913125,6.08619823408662
22.3694645833334,6.08307323392364
22.3697979166667,6.08320344226377
22.37013125,6.08815135918849
22.3704645833334,6.08776073416812
22.3707979166667,6.08893260922923
22.3711312500001,6.08645865076687
22.3714645833334,6.08906281756936
22.3717979166667,6.0903649009706
22.3721312500001,6.09062531765085
22.3724645833334,6.08580760906625
22.3727979166667,6.08307323392364
22.37313125,6.08411490064464
22.3734645833334,6.08463573400513
22.3737979166667,6.08815135918849
22.37413125,6.08737010914774
22.3744645833334,6.0903649009706
22.3747979166667,6.09322948445333
22.3751312500001,6.09440135951445
22.3754645833334,6.09453156785457
22.3757979166667,6.09179719271197
22.3761312500001,6.09804719303793
22.3764645833334,6.10052115150029
22.3767979166667,6.09778677635768
22.3771312500001,6.09427115117433
22.3774645833334,6.09153677603172
22.3777979166667,6.08854198420886
22.3781312500001,6.08697948412737
22.3784645833334,6.08919302590948
22.3787979166667,6.09388052615395
22.3791312500001,6.09596385959594
22.3794645833334,6.09596385959594
22.3797979166667,6.09531281789532
22.3801312500001,6.09309927611321
22.3804645833334,6.08750031748787
22.3807979166667,6.085547192386
22.3811312500001,6.08971385926998
22.3814645833334,6.0941409428342
22.3817979166667,6.08697948412737
22.3821312500001,6.07929719206004
22.3824645833334,6.07500031683594
22.3827979166667,6.08346385894401
22.3831312500001,6.08059927546128
22.3834645833334,6.08033885878103
22.3837979166667,6.07382844177482
22.3841312500001,6.07591177521681
22.3844645833334,6.07708365027793
22.3847979166667,6.08385448396439
22.3851312500001,6.08541698404588
22.3854645833334,6.08007844210079
22.3857979166667,6.07656281691743
22.3861312500001,6.08294302558352
22.3864645833334,6.09479198453482
22.3867979166667,6.09427115117433
22.3871312500001,6.086588859107
22.3874645833334,6.0817711505224
22.3877979166667,6.08268260890327
22.3881312500001,6.08320344226377
22.3884645833334,6.07643260857731
22.3887979166667,6.07838573367917
22.3891312500001,6.07812531699892
22.3894645833334,6.08320344226377
22.3897979166667,6.07617219189706
22.3901312500001,6.07630240023718
22.3904645833334,6.0785159420193
22.3907979166667,6.08528677570575
22.3911312500001,6.08541698404588
22.3914645833334,6.07955760874029
22.3917979166667,6.08151073384215
22.3921312500001,6.08216177554277
22.3924645833334,6.08489615068538
22.3927979166667,6.07903677537979
22.3931312500001,6.08098990048166
22.3934645833334,6.08476594234526
22.3937979166667,6.08841177586874
22.3941312500001,6.08489615068538
22.3944645833334,6.07643260857731
22.3947979166667,6.07656281691743
22.3951312500001,6.08528677570575
22.3954645833334,6.09583365125582
22.3957979166667,6.09934927643917
22.3961312500001,6.09244823441259
22.3964645833334,6.08880240088911
22.3967979166667,6.09114615101134
22.3971312500001,6.09544302623544
22.3974645833334,6.08997427595023
22.3977979166668,6.07786490031867
22.3981312500001,6.06731802476861
22.3984645833334,6.07487010849582
22.3987979166667,6.08450552566501
22.3991312500001,6.08958365092985
22.3994645833334,6.08007844210079
22.3997979166668,6.07356802509457
22.4001312500001,6.07487010849582
22.4004645833334,6.08450552566501
22.4007979166667,6.085547192386
22.4011312500001,6.08567740072613
22.4014645833334,6.08346385894401
22.4017979166668,6.08789094250824
22.4021312500001,6.09244823441259
22.4024645833334,6.09583365125582
22.4027979166668,6.09388052615395
22.4031312500001,6.08971385926998
22.4034645833334,6.08763052582799
22.4037979166668,6.08723990080762
22.4041312500001,6.08684927578725
22.4044645833334,6.08346385894401
22.4047979166668,6.08007844210079
22.4051312500001,6.07877635869954
22.4054645833334,6.08242219222302
22.4057979166668,6.08476594234526
22.4061312500001,6.08593781740638
22.4064645833334,6.08138052550203
22.4067979166668,6.0817711505224
22.4071312500001,6.07734406695818
22.4074645833334,6.08020865044091
22.4077979166668,6.086588859107
22.4081312500001,6.09231802607246
22.4084645833334,6.08893260922923
22.4087979166668,6.08046906712116
22.4091312500001,6.08281281724339
22.4094645833334,6.08958365092985
22.4097979166668,6.09583365125582
22.4101312500001,6.08958365092985
22.4104645833334,6.086588859107
22.4107979166668,6.09075552599097
22.4111312500001,6.09765656801756
22.4114645833334,6.09609406793607
22.4117979166668,6.08906281756936
22.4121312500001,6.09322948445333
22.4124645833334,6.10117219320091
22.4127979166668,6.10481802672439
22.4131312500001,6.09166698437184
22.4134645833334,6.07981802542054
22.4137979166668,6.0822919838829
22.4141312500001,6.09205760939221
22.4144645833334,6.09791698469781
22.4147979166668,6.08893260922923
22.4151312500001,6.07994823376066
22.4154645833334,6.08190135886253
22.4157979166668,6.08958365092985
22.4161312500001,6.09987010979967
22.4164645833334,6.09635448461631
22.4167979166668,6.09283885943296
22.4171312500001,6.09101594267122
22.4174645833334,6.09283885943296
22.4177979166668,6.08710969246749
22.4181312500001,6.08098990048166
22.4184645833334,6.08645865076687
22.4187979166668,6.09882844307867
22.4191312500001,6.10533886008489
22.4194645833334,6.09791698469781
22.4197979166668,6.09192740105209
22.4201312500001,6.09661490129656
22.4204645833334,6.1032555266429
22.4207979166668,6.10625031846575
22.4211312500001,6.0951826095552
22.4214645833334,6.09791698469781
22.4217979166668,6.10351594332315
22.4221312500001,6.11197948543122
22.4224645833334,6.10364615166327
22.4227979166668,6.09192740105209
22.4231312500001,6.08919302590948
22.4234645833334,6.09401073449408
22.4237979166668,6.09270865109284
22.4241312500001,6.08476594234526
22.4244645833334,6.08320344226377
22.4247979166668,6.09596385959594
22.4251312500001,6.10950552696886
22.4254645833335,6.1118492770911
22.4257979166668,6.0989586514188
22.4261312500001,6.08841177586874
22.4264645833335,6.08958365092985
22.4267979166668,6.09635448461631
22.4271312500001,6.09882844307867
22.4274645833335,6.09296906777308
22.4277979166668,6.0903649009706
22.4281312500001,6.0951826095552
22.4284645833335,6.10390656834352
22.4287979166668,6.11210969377134
22.4291312500001,6.1070315685065
22.4294645833335,6.10247427660215
22.4297979166668,6.09869823473855
22.4301312500001,6.10481802672439
22.4304645833335,6.10559927676513
22.4307979166668,6.09674510963669
22.4311312500001,6.08893260922923
22.4314645833335,6.08684927578725
22.4317979166668,6.09987010979967
22.4321312500001,6.11171906875097
22.4324645833335,6.1113284437306
22.4327979166668,6.0984378180583
22.4331312500001,6.08723990080762
22.4334645833335,6.0941409428342
22.4337979166668,6.1113284437306
22.4341312500001,6.11783886073681
22.4344645833335,6.11041698534973
22.4347979166668,6.10260448494228
22.4351312500001,6.11041698534973
22.4354645833335,6.11601594397507
22.4357979166668,6.11119823539048
22.4361312500001,6.09635448461631
22.4364645833335,6.08880240088911
22.4367979166668,6.09505240121507
22.4371312500001,6.10468781838426
22.4374645833335,6.10963573530899
22.4377979166668,6.10234406826203
22.4381312500001,6.09309927611321
22.4384645833335,6.09687531797681
22.4387979166668,6.10598990178551
22.4391312500001,6.11171906875097
22.4394645833335,6.10247427660215
22.4397979166668,6.09479198453482
22.4401312500001,6.09153677603172
22.4404645833335,6.1022138599219
22.4407979166668,6.106510735146
22.4411312500001,6.11263052713184
22.4414645833335,6.11093781871023
22.4417979166668,6.11471386057383
22.4421312500001,6.11601594397507
22.4424645833335,6.11601594397507
22.4427979166668,6.11953156915843
22.4431312500001,6.11315136049234
22.4434645833335,6.10481802672439
22.4437979166668,6.09492219287495
22.4441312500001,6.10286490162252
22.4444645833335,6.11002636032936
22.4447979166668,6.106510735146
22.4451312500001,6.09973990145954
22.4454645833335,6.10169302656141
22.4457979166668,6.11210969377134
22.4461312500001,6.11523469393433
22.4464645833335,6.10989615198923
22.4467979166668,6.11106802705035
22.4471312500001,6.11367219385284
22.4474645833335,6.11835969409731
22.4477979166668,6.11145865207072
22.4481312500001,6.10885448526824
22.4484645833335,6.1108076103701
22.4487979166668,6.11901073579793
22.4491312500001,6.12265656932141
22.4494645833335,6.12239615264116
22.4497979166668,6.11497427725408
22.4501312500001,6.11744823571644
22.4504645833335,6.11835969409731
22.4507979166668,6.12343781936215
22.4511312500001,6.12018261085905
22.4514645833335,6.11875031911768
22.4517979166668,6.12057323587942
22.4521312500002,6.1247399027634
22.4524645833335,6.12109406923992
22.4527979166668,6.11250031879172
22.4531312500001,6.11041698534973
22.4534645833335,6.1204430275393
22.4537979166668,6.13020865304861
22.4541312500002,6.12565136114426
22.4544645833335,6.1108076103701
22.4547979166668,6.10442740170402
22.4551312500001,6.11145865207072
22.4554645833335,6.11953156915843
22.4557979166668,6.11250031879172
22.4561312500002,6.10013052647992
22.4564645833335,6.09830760971818
22.4567979166668,6.11015656866948
22.4571312500002,6.11354198551271
22.4574645833335,6.1113284437306
22.4577979166668,6.11015656866948
22.4581312500002,6.11406281887321
22.4584645833335,6.11640656899545
22.4587979166668,6.11145865207072
22.4591312500002,6.10664094348613
22.4594645833335,6.106510735146
22.4597979166668,6.10846386024787
22.4601312500002,6.1108076103701
22.4604645833335,6.1151044855942
22.4607979166668,6.11250031879172
22.4611312500002,6.11458365223371
22.4614645833335,6.11223990211147
22.4617979166668,6.12226594430104
22.4621312500002,6.12330761102203
22.4624645833335,6.12070344421954
22.4627979166668,6.11158886041085
22.4631312500002,6.10833365190774
22.4634645833335,6.10286490162252
22.4637979166668,6.10169302656141
22.4641312500002,6.11041698534973
22.4644645833335,6.1247399027634
22.4647979166668,6.12786490292638
22.4651312500002,6.11783886073681
22.4654645833335,6.1161461523152
22.4657979166668,6.1231774026819
22.4661312500002,6.13333365321159
22.4664645833335,6.12721386122576
22.4667979166668,6.12070344421954
22.4671312500002,6.11770865239669
22.4674645833335,6.12031281919917
22.4677979166668,6.11862011077756
22.4681312500002,6.11119823539048
22.4684645833335,6.10299510996265
22.4687979166668,6.10143260988116
22.4691312500002,6.1118492770911
22.4694645833335,6.12408886106277
22.4697979166668,6.13059927806899
22.4701312500002,6.12500031944364
22.4704645833335,6.11679719401582
22.4707979166668,6.1199221941788
22.4711312500002,6.12343781936215
22.4714645833335,6.12760448624613
22.4717979166668,6.11809927741706
22.4721312500002,6.11054719368986
22.4724645833335,6.1113284437306
22.4727979166668,6.1199221941788
22.4731312500002,6.12903677798749
22.4734645833335,6.12565136114426
22.4737979166668,6.12148469426029
22.4741312500002,6.12239615264116
22.4744645833335,6.12812531960663
22.4747979166668,6.12552115280414
22.4751312500002,6.11315136049234
22.4754645833335,6.10976594364911
22.4757979166668,6.11054719368986
22.4761312500002,6.12005240251892
22.4764645833335,6.11914094413805
22.4767979166668,6.10989615198923
22.4771312500002,6.1037763600034
22.4774645833335,6.10494823506451
22.4777979166668,6.11523469393433
22.4781312500002,6.11627636065532
22.4784645833335,6.10559927676513
22.4787979166668,6.09765656801756
22.4791312500002,6.10052115150029
22.4794645833335,6.10976594364911
22.4797979166668,6.11549511061458
22.4801312500002,6.10833365190774
22.4804645833335,6.10846386024787
22.4807979166669,6.10807323522749
22.4811312500002,6.11354198551271
22.4814645833335,6.1151044855942
22.4817979166668,6.11875031911768
22.4821312500002,6.11432323555346
22.4824645833335,6.1032555266429
22.4827979166669,6.09713573465706
22.4831312500002,6.10052115150029
22.4834645833335,6.11367219385284
22.4837979166669,6.12161490260041
22.4841312500002,6.1161461523152
22.4844645833335,6.10950552696886
22.4847979166669,6.10664094348613
22.4851312500002,6.11393261053308
22.4854645833335,6.1151044855942
22.4857979166669,6.11223990211147
22.4861312500002,6.11393261053308
22.4864645833335,6.11263052713184
22.4867979166669,6.11263052713184
22.4871312500002,6.10664094348613
22.4874645833335,6.106510735146
22.4877979166669,6.11106802705035
22.4881312500002,6.11315136049234
22.4884645833335,6.11979198583867
22.4887979166669,6.12239615264116
22.4891312500002,6.11679719401582
22.4894645833335,6.10807323522749
22.4897979166669,6.09869823473855
22.4901312500002,6.10664094348613
22.4904645833335,6.1108076103701
22.4907979166669,6.11002636032936
22.4911312500002,6.10455761004414
22.4914645833335,6.10494823506451
22.4917979166669,6.11067740202998
22.4921312500002,6.10976594364911
22.4924645833335,6.10351594332315
22.4927979166669,6.10169302656141
22.4931312500002,6.10247427660215
22.4934645833335,6.10312531830277
22.4937979166669,6.10572948510526
22.4941312500002,6.10807323522749
22.4944645833335,6.11263052713184
22.4947979166669,6.11158886041085
22.4951312500002,6.10781281854725
22.4954645833335,6.10690136016638
22.4957979166669,6.10260448494228
22.4961312500002,6.11067740202998
22.4964645833335,6.11145865207072
22.4967979166669,6.11119823539048
22.4971312500002,6.10039094316016
22.4974645833335,6.09348990113358
22.4977979166669,6.09739615133731
22.4981312500002,6.10260448494228
22.4984645833335,6.10169302656141
22.4987979166669,6.09622427627619
22.4991312500002,6.09791698469781
22.4994645833335,6.10442740170402
22.4997979166669,6.10846386024787
22.5001312500002,6.10416698502377
22.5004645833335,6.10833365190774
22.5007979166669,6.10976594364911
22.5011312500002,6.11210969377134
22.5014645833335,6.10716177684663
22.5017979166669,6.10000031813979
22.5021312500002,6.09934927643917
22.5024645833335,6.10572948510526
22.5027979166669,6.1118492770911
22.5031312500002,6.11315136049234
22.5034645833335,6.10794302688737
22.5037979166669,6.10559927676513
22.50413125,6.10924511028861
22.5044645833333,6.11093781871023
22.5047979166667,6.11067740202998
22.50513125,6.10638052680588
22.5054645833333,6.1037763600034
22.5057979166667,6.107552401867
22.50613125,6.10846386024787
22.5064645833333,6.10638052680588
22.5067979166667,6.09908885975892
22.50713125,6.09921906809905
22.5074645833333,6.10559927676513
22.5077979166667,6.11536490227445
22.50813125,6.11705761069607
22.5084645833333,6.11276073547197
22.5087979166667,6.11223990211147
22.50913125,6.11237011045159
22.5094645833333,6.10559927676513
22.5097979166667,6.09674510963669
22.51013125,6.09257844275271
22.5104645833333,6.09856802639843
22.5107979166667,6.10143260988116
22.51113125,6.10104198486079
22.5114645833333,6.09869823473855
22.5117979166667,6.09609406793607
22.51213125,6.09791698469781
22.5124645833333,6.09973990145954
22.5127979166667,6.10729198518675
22.51313125,6.10781281854725
22.5134645833334,6.11197948543122
22.5137979166667,6.10937531862874
22.51413125,6.10455761004414
22.5144645833333,6.10520865174476
22.5147979166667,6.11041698534973
22.51513125,6.11575552729482
22.5154645833333,6.10872427692812
22.5157979166667,6.09622427627619
22.51613125,6.10000031813979
22.5164645833334,6.11106802705035
22.5167979166667,6.11927115247818
22.51713125,6.11419302721333
22.5174645833333,6.10468781838426
22.5177979166667,6.09791698469781
22.51813125,6.09713573465706
22.5184645833334,6.09583365125582
22.5187979166667,6.09596385959594
22.51913125,6.09570344291569
22.5194645833334,6.10351594332315
22.5197979166667,6.11250031879172
22.52013125,6.11666698567569
22.5204645833334,6.11015656866948
22.5207979166667,6.10078156818054
22.52113125,6.10013052647992
22.5214645833334,6.10247427660215
22.5217979166667,6.10286490162252
22.52213125,6.09244823441259
22.5224645833334,6.085547192386
22.5227979166667,6.08697948412737
22.52313125,6.09505240121507
22.5234645833334,6.09830760971818
22.5237979166667,6.09335969279346
22.52413125,6.09010448429035
22.5244645833334,6.09049510931072
22.5247979166667,6.09830760971818
22.52513125,6.09440135951445
22.5254645833334,6.09062531765085
22.5257979166667,6.08463573400513
22.52613125,6.08463573400513
22.5264645833334,6.08854198420886
22.5267979166667,6.08919302590948
22.52713125,6.09492219287495
22.5274645833334,6.0989586514188
22.5277979166667,6.10442740170402
22.52813125,6.10442740170402
22.5284645833334,6.09830760971818
22.5287979166667,6.09557323457557
22.52913125,6.09700552631693
22.5294645833334,6.09596385959594
22.5297979166667,6.08919302590948
22.53013125,6.08697948412737
22.5304645833334,6.09166698437184
22.5307979166667,6.09973990145954
22.53113125,6.09609406793607
22.5314645833334,6.09153677603172
22.5317979166667,6.0941409428342
22.53213125,6.09960969311942
22.5324645833334,6.1032555266429
22.5327979166667,6.09531281789532
22.53313125,6.08737010914774
22.5334645833334,6.08958365092985
22.5337979166667,6.09557323457557
22.53413125,6.10338573498302
22.5344645833334,6.09752635967743
22.5347979166667,6.08841177586874
22.53513125,6.08919302590948
22.5354645833334,6.09479198453482
22.5357979166667,6.10338573498302
22.53613125,6.10026073482004
22.5364645833334,6.09778677635768
22.5367979166667,6.10013052647992
22.53713125,6.10312531830277
22.5374645833334,6.10182323490153
22.5377979166667,6.09257844275271
22.53813125,6.08841177586874
22.5384645833334,6.09544302623544
22.5387979166667,6.09700552631693
22.53913125,6.09609406793607
22.5394645833334,6.08802115084836
22.5397979166667,6.09270865109284
22.54013125,6.0994794847793
22.5404645833334,6.10390656834352
22.5407979166667,6.09622427627619
22.54113125,6.08945344258973
22.5414645833334,6.08737010914774
22.5417979166667,6.09192740105209
22.54213125,6.09492219287495
22.5424645833334,6.09140656769159
22.5427979166667,6.08828156752861
22.54313125,6.08619823408662
22.5434645833334,6.08789094250824
22.5437979166667,6.08828156752861
22.5441312500001,6.08880240088911
22.5444645833334,6.09049510931072
22.5447979166667,6.09322948445333
22.5451312500001,6.09362010947371
22.5454645833334,6.09127635935147
22.5457979166667,6.09244823441259
22.5461312500001,6.09635448461631
22.5464645833334,6.10000031813979
22.5467979166667,6.10130240154103
22.5471312500001,6.09049510931072
22.5474645833334,6.08424510898476
22.5477979166667,6.08346385894401
22.5481312500001,6.08541698404588
22.5484645833334,6.08385448396439
22.5487979166667,6.08072948380141
22.5491312500001,6.08385448396439
22.5494645833334,6.09192740105209
22.5497979166667,6.08750031748787
22.5501312500001,6.08072948380141
22.5504645833334,6.07395865011495
22.5507979166667,6.07578156687669
22.5511312500001,6.08346385894401
22.5514645833334,6.09166698437184
22.5517979166667,6.09062531765085
22.5521312500001,6.08098990048166
22.5524645833334,6.0683596914896
22.5527979166667,6.07343781675445
22.5531312500001,6.07864615035942
22.5534645833334,6.08268260890327
22.5537979166667,6.07552115019644
22.5541312500001,6.07864615035942
22.5544645833334,6.08619823408662
22.5547979166667,6.0951826095552
22.5551312500001,6.09179719271197
22.5554645833334,6.08242219222302
22.5557979166667,6.07825552533905
22.5561312500001,6.08411490064464
22.5564645833334,6.08919302590948
22.5567979166667,6.09075552599097
22.5571312500001,6.08593781740638
22.5574645833334,6.08750031748787
22.5577979166667,6.08515656736563
22.5581312500001,6.08763052582799
22.5584645833334,6.08684927578725
22.5587979166667,6.0817711505224
22.5591312500001,6.07656281691743
22.5594645833334,6.07005239991122
22.5597979166667,6.07382844177482
22.5601312500001,6.07382844177482
22.5604645833334,6.07031281659147
22.5607979166667,6.07174510833283
22.5611312500001,6.07265656671371
22.5614645833334,6.07304719173408
22.5617979166667,6.07057323327172
22.5621312500001,6.07018260825134
22.5624645833334,6.07500031683594
22.5627979166667,6.07447948347544
22.5631312500001,6.07890656703967
22.5634645833334,6.08398469230451
22.5637979166667,6.08528677570575
22.5641312500001,6.07669302525756
22.5644645833334,6.07057323327172
22.5647979166667,6.07291698339395
22.5651312500001,6.08085969214153
22.5654645833334,6.08151073384215
22.5657979166667,6.07890656703967
22.5661312500001,6.07591177521681
22.5664645833334,6.07942740040016
22.5667979166667,6.08085969214153
22.5671312500001,6.07656281691743
22.5674645833334,6.07200552501308
22.5677979166667,6.07135448331246
22.5681312500001,6.07591177521681
22.5684645833334,6.07708365027793
22.5687979166667,6.07161489999271
22.5691312500001,6.07304719173408
22.5694645833334,6.07408885845507
22.5697979166667,6.07708365027793
22.5701312500001,6.06914094153035
22.5704645833334,6.07044302493159
22.5707979166668,6.07122427497234
22.5711312500001,6.08112010882178
22.5714645833334,6.07630240023718
22.5717979166668,6.07408885845507
22.5721312500001,6.07500031683594
22.5724645833334,6.07760448363842
22.5727979166668,6.07057323327172
22.5731312500001,6.06302114954451
22.5734645833334,6.06588573302724
22.5737979166668,6.07994823376066
22.5741312500001,6.08190135886253
22.5744645833334,6.07760448363842
22.5747979166668,6.07617219189706
22.5751312500001,6.07591177521681
22.5754645833334,6.07734406695818
22.5757979166668,6.07773469197855
22.5761312500001,6.0769534419378
22.5764645833334,6.07760448363842
22.5767979166668,6.0779951086588
22.5771312500001,6.07929719206004
22.5774645833334,6.07552115019644
22.5777979166668,6.07057323327172
22.5781312500001,6.06367219124513
22.5784645833334,6.0694013582106
22.5787979166668,6.06731802476861
22.5791312500001,6.07330760841433
22.5794645833334,6.06197948282352
22.5797979166668,6.05625031585805
22.5801312500001,6.05494823245681
22.5804645833334,6.05885448266054
22.5807979166668,6.06497427464638
22.5811312500001,6.07148469165259
22.5814645833334,6.07487010849582
22.5817979166668,6.07460969181557
22.5821312500001,6.06653677472787
22.5824645833334,6.06731802476861
22.5827979166668,6.06783885812911
22.5831312500001,6.07109406663221
22.5834645833334,6.06692739974824
22.5837979166668,6.06783885812911
22.5841312500001,6.06914094153035
22.5844645833334,6.06848989982973
22.5847979166668,6.06783885812911
22.5851312500001,6.06588573302724
22.5854645833334,6.07057323327172
22.5857979166668,6.07513052517607
22.5861312500001,6.0731774000742
22.5864645833334,6.07630240023718
22.5867979166668,6.07265656671371
22.5871312500001,6.07669302525756
22.5874645833334,6.07460969181557
22.5877979166668,6.07682323359768
22.5881312500001,6.07877635869954
22.5884645833334,6.07460969181557
22.5887979166668,6.07005239991122
22.5891312500001,6.06862010816985
22.5894645833334,6.07096385829209
22.5897979166668,6.07487010849582
22.5901312500001,6.07096385829209
22.5904645833334,6.07460969181557
22.5907979166668,6.07278677505383
22.5911312500001,6.06822948314948
22.5914645833334,6.0613284411229
22.5917979166668,6.06002635772165
22.5921312500001,6.05781281593954
22.5924645833334,6.05559927415743
22.5927979166668,6.05390656573582
22.5931312500001,6.0565107325383
22.5934645833334,6.05572948249756
22.5937979166668,6.05846385764016
22.5941312500001,6.06145864946302
22.5944645833335,6.06679719140811
22.5947979166668,6.06184927448339
22.5951312500001,6.05898469100066
22.5954645833334,6.0602867744019
22.5957979166668,6.05976594104141
22.5961312500001,6.05950552436116
22.5964645833334,6.04960969051172
22.5967979166668,6.05351594071544
22.5971312500001,6.06276073286426
22.5974645833334,6.07005239991122
22.5977979166668,6.06705760808836
22.5981312500001,6.05768260759942
22.5984645833335,6.05559927415743
22.5987979166668,6.06171906614327
22.5991312500001,6.06575552468712
22.5994645833335,6.06471385796613
22.5997979166668,6.06406281626551
22.6001312500001,6.06653677472787
22.6004645833334,6.07226594169333
22.6007979166668,6.06731802476861
22.6011312500001,6.06523469132662
22.6014645833335,6.06471385796613
22.6017979166668,6.06679719140811
22.6021312500001,6.06653677472787
22.6024645833335,6.06276073286426
22.6027979166668,6.05898469100066
22.6031312500001,6.05572948249756
22.6034645833335,6.05520864913706
22.6037979166668,6.05885448266054
22.6041312500001,6.05585969083768
22.6044645833335,6.05117219059321
22.6047979166668,6.05143260727346
22.6051312500001,6.05690135755867
22.6054645833335,6.05924510768091
22.6057979166668,6.05260448233457
22.6061312500001,6.05260448233457
22.6064645833335,6.05898469100066
22.6067979166668,6.06549510800687
22.6071312500001,6.06250031618401
22.6074645833335,6.05716177423892
22.6077979166668,6.05989614938153
22.6081312500001,6.065625316347
22.6084645833335,6.06666698306799
22.6087979166668,6.05807323261979
22.6091312500001,6.05286489901482
22.6094645833335,6.05208364897408
22.6097979166668,6.05950552436116
22.6101312500001,6.06015656606178
22.6104645833335,6.05716177423892
22.6107979166668,6.05286489901482
22.6111312500001,6.05429719075619
22.6114645833335,6.05755239925929
22.6117979166668,6.06158885780315
22.6121312500001,6.05963573270128
22.6124645833335,6.05794302427967
22.6127979166668,6.05403677407594
22.6131312500001,6.05195344063395
22.6134645833335,6.05768260759942
22.6137979166668,6.05859406598029
22.6141312500001,6.05911489934079
22.6144645833335,6.05117219059321
22.6147979166668,6.05078156557283
22.6151312500001,6.05195344063395
22.6154645833335,6.05455760743644
22.6157979166668,6.05052114889259
22.6161312500001,6.0473961487296
22.6164645833335,6.05078156557283
22.6167979166668,6.05377635739569
22.6171312500001,6.05481802411669
22.6174645833335,6.05351594071544
22.6177979166668,6.05039094055246
22.6181312500001,6.05546906581731
22.6184645833335,6.05833364930004
22.6187979166668,6.06367219124513
22.6191312500001,6.05950552436116
22.6194645833335,6.04947948217159
22.6197979166668,6.0441409402265
22.6201312500001,6.04817739877035
22.6204645833335,6.05312531569507
22.6207979166668,6.05156281561358
22.6211312500001,6.04947948217159
22.6214645833335,6.05234406565433
22.6217979166668,6.05533885747718
22.6221312500001,6.0516930239537
22.6224645833335,6.04973989885184
22.6227979166668,6.05065135723271
22.6231312500001,6.05364614905557
22.6234645833335,6.05768260759942
22.6237979166668,6.06093781610252
22.6241312500001,6.05755239925929
22.6244645833335,6.05182323229383
22.6247979166668,6.04895864881109
22.6251312500002,6.05078156557283
22.6254645833335,6.05052114889259
22.6257979166668,6.04882844047097
22.6261312500002,6.04179719010426
22.6264645833335,6.03906281496165
22.6267979166668,6.04192739844439
22.6271312500002,6.04804719043023
22.6274645833335,6.0479169820901
22.6277979166668,6.04544302362774
22.6281312500002,6.04973989885184
22.6284645833335,6.0570315658988
22.6287979166668,6.06237010784389
22.6291312500002,6.05846385764016
22.6294645833335,6.05520864913706
22.6297979166668,6.04987010719197
22.6301312500002,6.05390656573582
22.6304645833335,6.05533885747718
22.6307979166668,6.05937531602103
22.6311312500002,6.05755239925929
22.6314645833335,6.05572948249756
22.6317979166668,6.05182323229383
22.6321312500002,6.05104198225308
22.6324645833335,6.04661489868886
22.6327979166668,6.04257844014501
22.6331312500002,6.03541698143818
22.6334645833335,6.04062531504315
22.6337979166668,6.04648469034874
22.6341312500002,6.05247427399445
22.6344645833335,6.05299510735495
22.6347979166668,6.04882844047097
22.6351312500002,6.04322948184563
22.6354645833335,6.04322948184563
22.6357979166668,6.04856802379072
22.6361312500002,6.05937531602103
22.6364645833335,6.04804719043023
22.6367979166668,6.03723989819991
22.6371312500002,6.03033885617333
22.6374645833335,6.03906281496165
22.6377979166668,6.04622427366849
22.6381312500002,6.04440135690675
22.6384645833335,6.03346385633631
22.6387979166668,6.03216177293507
22.6391312500002,6.04179719010426
22.6394645833335,6.05585969083768
22.6397979166668,6.05585969083768
22.6401312500002,6.04270864848513
22.6404645833335,6.03776073156041
22.6407979166668,6.03763052322029
22.6411312500002,6.04322948184563
22.6414645833335,6.04427114856662
22.6417979166668,6.04752635706973
22.6421312500002,6.04518260694749
22.6424645833335,6.04648469034874
22.6427979166668,6.04153677342401
22.6431312500002,6.0441409402265
22.6434645833335,6.0441409402265
22.6437979166668,6.04427114856662
22.6441312500002,6.04153677342401
22.6444645833335,6.04127635674377
22.6447979166668,6.03828156492091
22.6451312500002,6.04023469002277
22.6454645833335,6.0393232316419
22.6457979166668,6.04622427366849
22.6461312500002,6.05013052387221
22.6464645833335,6.05208364897408
22.6467979166668,6.0430992735055
22.6471312500002,6.04205760678451
22.6474645833335,6.04023469002277
22.6477979166668,6.05104198225308
22.6481312500002,6.04947948217159
22.6484645833335,6.05195344063395
22.6487979166668,6.04713573204936
22.6491312500002,6.04127635674377
22.6494645833335,6.03697948151967
22.6497979166668,6.04778677374998
22.6501312500002,6.05716177423892
22.6504645833335,6.0559898991778
22.6507979166668,6.03867218994128
22.6511312500002,6.03567739811842
22.6514645833335,6.04453156524687
22.6517979166668,6.05195344063395
22.6521312500002,6.04804719043023
22.6524645833335,6.03476593973755
22.6527979166669,6.03268260629557
22.6531312500002,6.03945343998203
22.6534645833335,6.04973989885184
22.6537979166669,6.0527346906747
22.6541312500002,6.04635448200861
22.6544645833335,6.04609406532836
22.6547979166669,6.04856802379072
22.6551312500002,6.05104198225308
22.6554645833335,6.04674510702898
22.6557979166669,6.03737010654004
22.6561312500002,6.03776073156041
22.6564645833335,6.04479198192712
22.6567979166669,6.05455760743644
22.6571312500002,6.05494823245681
22.6574645833335,6.05429719075619
22.6577979166669,6.05677114921855
22.6581312500002,6.06158885780315
22.6584645833335,6.0570315658988
22.6587979166669,6.05182323229383
22.6591312500002,6.04856802379072
22.6594645833335,6.04973989885184
22.6597979166669,6.04973989885184
22.6601312500002,6.04934927383147
22.6604645833335,6.05195344063395
22.6607979166669,6.05898469100066
22.6611312500002,6.05455760743644
22.6614645833335,6.0479169820901
22.6617979166669,6.04270864848513
22.6621312500002,6.05078156557283
22.6624645833335,6.05117219059321
22.6627979166669,6.04700552370923
22.6631312500002,6.04283885682526
22.6634645833335,6.04778677374998
22.6637979166669,6.04674510702898
22.6641312500002,6.04583364864811
22.6644645833335,6.04869823213085
22.6647979166669,6.05546906581731
22.6651312500002,6.05937531602103
22.6654645833335,6.05455760743644
22.6657979166669,6.05078156557283
22.6661312500002,6.05182323229383
22.6664645833335,6.05234406565433
22.6667979166669,6.05078156557283
22.6671312500002,6.03776073156041
22.6674645833335,6.03098989787395
22.6677979166669,6.02981802281283
22.6681312500002,6.03776073156041
22.6684645833335,6.03958364832215
22.6687979166669,6.04296906516538
22.6691312500002,6.04075552338327
22.6694645833335,6.04283885682526
22.6697979166669,6.03684927317954
22.6701312500002,6.03958364832215
22.6704645833335,6.04661489868886
22.6707979166669,6.0570315658988
22.6711312500002,6.05807323261979
22.6714645833335,6.0522138573142
22.6717979166669,6.04987010719197
22.6721312500002,6.05104198225308
22.6724645833335,6.05195344063395
22.6727979166669,6.05130239893333
22.6731312500002,6.0473961487296
22.6734645833335,6.04505239860737
22.6737979166669,6.04283885682526
22.6741312500002,6.04231802346476
22.6744645833335,6.0403648983629
22.6747979166667,6.03645864815917
22.67513125,6.02786489771097
22.6754645833333,6.03007843949308
22.6757979166667,6.03645864815917
22.67613125,6.04726594038948
22.6764645833333,6.04895864881109
22.6767979166667,6.04687531536911
22.67713125,6.04570344030799
22.6774645833333,6.05104198225308
22.6777979166667,6.05533885747718
22.67813125,6.05494823245681
22.6784645833333,6.0473961487296
22.6787979166667,6.04348989852588
22.67913125,6.04609406532836
22.6794645833333,6.04856802379072
22.6797979166667,6.04635448200861
22.68013125,6.03737010654004
22.6804645833333,6.03710968985979
22.6807979166667,6.04375031520613
22.68113125,6.0532555240352
22.6814645833333,6.05182323229383
22.6817979166667,6.04778677374998
22.68213125,6.04557323196786
22.6824645833334,6.05091177391296
22.6827979166667,6.05065135723271
22.68313125,6.04713573204936
22.6834645833333,6.04531281528762
22.6837979166667,6.04921906549134
22.68413125,6.05520864913706
22.6844645833334,6.06197948282352
22.6847979166667,6.06197948282352
22.68513125,6.06549510800687
22.6854645833333,6.06497427464638
22.6857979166667,6.06718781642849
22.68613125,6.06263052452414
22.6864645833334,6.05559927415743
22.6867979166667,6.05286489901482
22.68713125,6.05677114921855
22.6874645833334,6.06471385796613
22.6877979166667,6.065625316347
22.68813125,6.06002635772165
22.6884645833334,6.04921906549134
22.6887979166667,6.04882844047097
22.68913125,6.05195344063395
22.6894645833334,6.064583649626
22.6897979166667,6.0613284411229
22.69013125,6.05859406598029
22.6904645833334,6.05429719075619
22.6907979166667,6.05924510768091
22.69113125,6.065625316347
22.6914645833334,6.05898469100066
22.6917979166667,6.05260448233457
22.69213125,6.04778677374998
22.6924645833334,6.04869823213085
22.6927979166667,6.05182323229383
22.69313125,6.05026073221234
22.6934645833334,6.04960969051172
22.6937979166667,6.05078156557283
22.69413125,6.05338573237532
22.6944645833334,6.05794302427967
22.6947979166667,6.05859406598029
22.69513125,6.05468781577656
22.6954645833334,6.05143260727346
22.6957979166667,6.05000031553209
22.69613125,6.05338573237532
22.6964645833334,6.05638052419818
22.6967979166667,6.0532555240352
22.69713125,6.05039094055246
22.6974645833334,6.05390656573582
22.6977979166667,6.0570315658988
22.69813125,6.06393260792538
22.6984645833334,6.0527346906747
22.6987979166667,6.04700552370923
22.69913125,6.04401073188638
22.6994645833334,6.04609406532836
22.6997979166667,6.04804719043023
22.70013125,6.04388052354625
22.7004645833334,6.04921906549134
22.7007979166667,6.0565107325383
22.70113125,6.06015656606178
22.7014645833334,6.05716177423892
22.7017979166667,6.06015656606178
22.70213125,6.06341177456488
22.7024645833334,6.0694013582106
22.7027979166667,6.06380239958526
22.70313125,6.06822948314948
22.7034645833334,6.07161489999271
22.7037979166667,6.07591177521681
22.70413125,6.0731774000742
22.7044645833334,6.06979198323097
22.7047979166667,6.06588573302724
22.70513125,6.06276073286426
22.7054645833334,6.05846385764016
22.7057979166667,6.05403677407594
22.70613125,6.05052114889259
22.7064645833334,6.0522138573142
22.7067979166667,6.05117219059321
22.70713125,6.0473961487296
22.7074645833334,6.04179719010426
22.7077979166667,6.04856802379072
22.70813125,6.05677114921855
22.7084645833334,6.05872427432041
22.7087979166667,6.04908885715122
22.70913125,6.04283885682526
22.7094645833334,6.04192739844439
22.7097979166667,6.0473961487296
22.71013125,6.04869823213085
22.7104645833334,6.04700552370923
22.7107979166667,6.044661773587
22.7111312500001,6.04140656508389
22.7114645833334,6.04192739844439
22.7117979166667,6.04218781512464
22.71213125,6.04570344030799
22.7124645833334,6.043620106866
22.7127979166667,6.04283885682526
22.7131312500001,6.03919302330178
22.7134645833334,6.04101594006352
22.7137979166667,6.04596385698824
22.7141312500001,6.04882844047097
22.7144645833334,6.04726594038948
22.7147979166667,6.04218781512464
22.7151312500001,6.04296906516538
22.7154645833334,6.04505239860737
22.7157979166667,6.04596385698824
22.7161312500001,6.04947948217159
22.7164645833334,6.05612010751793
22.7167979166667,6.05638052419818
22.7171312500001,6.04440135690675
22.7174645833334,6.03463573139743
22.7177979166667,6.03776073156041
22.7181312500001,6.04518260694749
22.7184645833334,6.04895864881109
22.7187979166667,6.04674510702898
22.7191312500001,6.05104198225308
22.7194645833334,6.05794302427967
22.7197979166667,6.05859406598029
22.7201312500001,6.04557323196786
22.7204645833334,6.03437531471718
22.7207979166667,6.0398440650024
22.7211312500001,6.05468781577656
22.7214645833334,6.06223989950377
22.7217979166667,6.05794302427967
22.7221312500001,6.04726594038948
22.7224645833334,6.04427114856662
22.7227979166667,6.04674510702898
22.7231312500001,6.05677114921855
22.7234645833334,6.05898469100066
22.7237979166667,6.05416698241606
22.7241312500001,6.04830760711047
22.7244645833334,6.04687531536911
22.7247979166667,6.04570344030799
22.7251312500001,6.04817739877035
22.7254645833334,6.04934927383147
22.7257979166667,6.05416698241606
22.7261312500001,6.0570315658988
22.7264645833334,6.05612010751793
22.7267979166667,6.05481802411669
22.7271312500001,6.05546906581731
22.7274645833334,6.05364614905557
22.7277979166667,6.04765656540985
22.7281312500001,6.04726594038948
22.7284645833334,6.05013052387221
22.7287979166667,6.05664094087842
22.7291312500001,6.05481802411669
22.7294645833334,6.0479169820901
22.7297979166667,6.04375031520613
22.7301312500001,6.04661489868886
22.7304645833334,6.0565107325383
22.7307979166667,6.06145864946302
22.7311312500001,6.05677114921855
22.7314645833334,6.0522138573142
22.7317979166667,6.05481802411669
22.7321312500001,6.05937531602103
22.7324645833334,6.06250031618401
22.7327979166667,6.05950552436116
22.7331312500001,6.05156281561358
22.7334645833334,6.0479169820901
22.7337979166667,6.05130239893333
22.7341312500001,6.05781281593954
22.7344645833334,6.06002635772165
22.7347979166667,6.05794302427967
22.7351312500001,6.05612010751793
22.7354645833334,6.05299510735495
22.7357979166667,6.04921906549134
22.7361312500001,6.05338573237532
22.7364645833334,6.05533885747718
22.7367979166667,6.05130239893333
22.7371312500001,6.04830760711047
22.7374645833334,6.05065135723271
22.7377979166667,6.05664094087842
22.7381312500001,6.05494823245681
22.7384645833334,6.05442739909631
22.7387979166668,6.06393260792538
22.7391312500001,6.0731774000742
22.7394645833334,6.07343781675445
22.7397979166667,6.0570315658988
22.7401312500001,6.04375031520613
22.7404645833334,6.0403648983629
22.7407979166668,6.04622427366849
22.7411312500001,6.05000031553209
22.7414645833334,6.05195344063395
22.7417979166667,6.04908885715122
22.7421312500001,6.04674510702898
22.7424645833334,6.04218781512464
22.7427979166668,6.04687531536911
22.7431312500001,6.0473961487296
22.7434645833334,6.05390656573582
22.7437979166668,6.04908885715122
22.7441312500001,6.04518260694749
22.7444645833334,6.04192739844439
22.7447979166668,6.04674510702898
22.7451312500001,6.05937531602103
22.7454645833334,6.06158885780315
22.7457979166668,6.05820344095992
22.7461312500001,6.0532555240352
22.7464645833334,6.05117219059321
22.7467979166668,6.05625031585805
22.7471312500001,6.05078156557283
22.7474645833334,6.04596385698824
22.7477979166668,6.04179719010426
22.7481312500001,6.04218781512464
22.7484645833334,6.0441409402265
22.7487979166668,6.0360680231388
22.7491312500001,6.03411489803693
22.7494645833334,6.0403648983629
22.7497979166668,6.05143260727346
22.7501312500001,6.05520864913706
22.7504645833334,6.05182323229383
22.7507979166668,6.04296906516538
22.7511312500001,6.04166698176414
22.7514645833334,6.04075552338327
22.7517979166668,6.04726594038948
22.7521312500001,6.04583364864811
22.7524645833334,6.04700552370923
22.7527979166668,6.04752635706973
22.7531312500001,6.0559898991778
22.7534645833334,6.0602867744019
22.7537979166668,6.05989614938153
22.7541312500001,6.05494823245681
22.7544645833334,6.05638052419818
22.7547979166668,6.05716177423892
22.7551312500001,6.0527346906747
22.7554645833334,6.04687531536911
22.7557979166668,6.0430992735055
22.7561312500001,6.05260448233457
22.7564645833334,6.05299510735495
22.7567979166668,6.05078156557283
22.7571312500001,6.05039094055246
22.7574645833334,6.05481802411669
22.7577979166668,6.06471385796613
22.7581312500001,6.06328156622476
22.7584645833334,6.05989614938153
22.7587979166668,6.05612010751793
22.7591312500001,6.04882844047097
22.7594645833334,6.04687531536911
22.7597979166668,6.04505239860737
22.7601312500001,6.04635448200861
22.7604645833334,6.04856802379072
22.7607979166668,6.04895864881109
22.7611312500001,6.05260448233457
22.7614645833334,6.05390656573582
22.7617979166668,6.05299510735495
22.7621312500001,6.05781281593954
22.7624645833334,6.05455760743644
22.7627979166668,6.05664094087842
22.7631312500001,6.05013052387221
22.7634645833334,6.04765656540985
22.7637979166668,6.0516930239537
22.7641312500001,6.05286489901482
22.7644645833334,6.04895864881109
22.7647979166668,6.03815135658078
22.7651312500001,6.04231802346476
22.7654645833335,6.05507844079693
22.7657979166668,6.06106802444265
22.7661312500001,6.05442739909631
22.7664645833335,6.05013052387221
22.7667979166668,6.05286489901482
22.7671312500001,6.05820344095992
22.7674645833335,6.05937531602103
22.7677979166668,6.05768260759942
22.7681312500001,6.05820344095992
22.7684645833334,6.05950552436116
22.7687979166668,6.06302114954451
22.7691312500001,6.06315135788464
22.7694645833335,6.05768260759942
22.7697979166668,6.05494823245681
22.7701312500001,6.05065135723271
22.7704645833335,6.05078156557283
22.7707979166668,6.04570344030799
22.7711312500001,6.04205760678451
22.7714645833335,6.04479198192712
22.7717979166668,6.05065135723271
22.7721312500001,6.05520864913706
22.7724645833335,6.05156281561358
22.7727979166668,6.04544302362774
22.7731312500001,6.04270864848513
22.7734645833335,6.05260448233457
22.7737979166668,6.05859406598029
22.7741312500001,6.06302114954451
22.7744645833335,6.05494823245681
22.7747979166668,6.05000031553209
22.7751312500001,6.05195344063395
22.7754645833335,6.0559898991778
22.7757979166668,6.05807323261979
22.7761312500001,6.05130239893333
22.7764645833335,6.05052114889259
22.7767979166668,6.06041698274203
22.7771312500001,6.06263052452414
22.7774645833335,6.05833364930004
22.7777979166668,6.04921906549134
22.7781312500001,6.05742219091917
22.7784645833335,6.06484406630625
22.7787979166668,6.06796906646923
22.7791312500001,6.05950552436116
22.7794645833335,6.05638052419818
22.7797979166668,6.05690135755867
22.7801312500001,6.05924510768091
22.7804645833335,6.05390656573582
22.7807979166668,6.04778677374998
22.7811312500001,6.05078156557283
22.7814645833335,6.06015656606178
22.7817979166668,6.06822948314948
22.7821312500001,6.06497427464638
22.7824645833335,6.05507844079693
22.7827979166668,6.04596385698824
22.7831312500001,6.04752635706973
22.7834645833335,6.05130239893333
22.7837979166668,6.05533885747718
22.7841312500001,6.05143260727346
22.7844645833335,6.04752635706973
22.7847979166668,6.04895864881109
22.7851312500001,6.05065135723271
22.7854645833335,6.05494823245681
22.7857979166668,6.05559927415743
22.7861312500001,6.05247427399445
22.7864645833335,6.05351594071544
22.7867979166668,6.05455760743644
22.7871312500001,6.05898469100066
22.7874645833335,6.05559927415743
22.7877979166668,6.0522138573142
22.7881312500001,6.05390656573582
22.7884645833335,6.05950552436116
22.7887979166668,6.05729198257905
22.7891312500001,6.05364614905557
22.7894645833335,6.05000031553209
22.7897979166668,6.05000031553209
22.7901312500001,6.0473961487296
22.7904645833335,6.04348989852588
22.7907979166668,6.04908885715122
22.7911312500001,6.05338573237532
22.7914645833335,6.05507844079693
22.7917979166668,6.05000031553209
22.7921312500001,6.0522138573142
22.7924645833335,6.0532555240352
22.7927979166668,6.05390656573582
22.7931312500002,6.05104198225308
22.7934645833335,6.0527346906747
22.7937979166668,6.05963573270128
22.7941312500002,6.0602867744019
22.7944645833335,6.05807323261979
22.7947979166668,6.05182323229383
22.7951312500001,6.05690135755867
22.7954645833335,6.06250031618401
22.7957979166668,6.05924510768091
22.7961312500002,6.04674510702898
22.7964645833335,6.03684927317954
22.7967979166668,6.03945343998203
22.7971312500002,6.044661773587
22.7974645833335,6.04479198192712
22.7977979166668,6.04205760678451
22.7981312500002,6.0441409402265
22.7984645833335,6.0484378154506
22.7987979166668,6.04609406532836
22.7991312500002,6.03893260662153
22.7994645833335,6.04244823180488
22.7997979166668,6.05143260727346
22.8001312500002,6.05989614938153
22.8004645833335,6.0522138573142
22.8007979166668,6.04817739877035
22.8011312500002,6.04296906516538
22.8014645833335,6.04804719043023
22.8017979166668,6.04557323196786
22.8021312500002,6.044661773587
22.8024645833335,6.03945343998203
22.8027979166668,6.03802114824066
22.8031312500002,6.03867218994128
22.8034645833335,6.04453156524687
22.8037979166668,6.04531281528762
22.8041312500002,6.05091177391296
22.8044645833335,6.05429719075619
22.8047979166668,6.05716177423892
22.8051312500002,6.05052114889259
22.8054645833335,6.04075552338327
22.8057979166668,6.04270864848513
22.8061312500002,6.04713573204936
22.8064645833335,6.04882844047097
22.8067979166668,6.043620106866
22.8071312500002,6.04140656508389
22.8074645833335,6.04895864881109
22.8077979166668,6.04921906549134
22.8081312500002,6.04218781512464
22.8084645833335,6.03151073123445
22.8087979166668,6.03059927285358
22.8091312500002,6.03463573139743
22.8094645833335,6.03776073156041
22.8097979166668,6.03437531471718
22.8101312500002,6.03346385633631
22.8104645833335,6.03776073156041
22.8107979166668,6.0441409402265
22.8111312500002,6.04453156524687
22.8114645833335,6.03880239828141
22.8117979166668,6.04023469002277
22.8121312500002,6.03958364832215
22.8124645833335,6.04453156524687
22.8127979166668,6.04062531504315
22.8131312500002,6.03893260662153
22.8134645833335,6.02942739779246
22.8137979166668,6.02669302264985
22.8141312500002,6.03112010621408
22.8144645833335,6.03437531471718
22.8147979166668,6.04140656508389
22.8151312500002,6.04257844014501
22.8154645833335,6.04570344030799
22.8157979166668,6.04570344030799
22.8161312500002,6.04817739877035
22.8164645833335,6.04700552370923
22.8167979166668,6.04023469002277
22.8171312500002,6.03841177326103
22.8174645833335,6.04153677342401
22.8177979166668,6.04622427366849
22.8181312500002,6.04583364864811
22.8184645833335,6.044661773587
22.8187979166668,6.04531281528762
22.8191312500002,6.04713573204936
22.8194645833335,6.05156281561358
22.8197979166669,6.05000031553209
22.8201312500002,6.04140656508389
22.8204645833335,6.0360680231388
22.8207979166668,6.0403648983629
22.8211312500002,6.04908885715122
22.8214645833335,6.0527346906747
22.8217979166669,6.04479198192712
22.8221312500002,6.03945343998203
22.8224645833335,6.0393232316419
22.8227979166668,6.04973989885184
22.8231312500002,6.05312531569507
22.8234645833335,6.04973989885184
22.8237979166669,6.04205760678451
22.8241312500002,6.04544302362774
22.8244645833335,6.05195344063395
22.8247979166669,6.05312531569507
22.8251312500002,6.05091177391296
22.8254645833335,6.04570344030799
22.8257979166669,6.05000031553209
22.8261312500002,6.04895864881109
22.8264645833335,6.0516930239537
22.8267979166669,6.04544302362774
22.8271312500002,6.04244823180488
22.8274645833335,6.04075552338327
22.8277979166669,6.04505239860737
22.8281312500002,6.04817739877035
22.8284645833335,6.04804719043023
22.8287979166669,6.044661773587
22.8291312500002,6.04622427366849
22.8294645833335,6.04401073188638
22.8297979166669,6.03632843981905
22.8301312500002,6.03359406467644
22.8304645833335,6.03528677309805
22.8307979166669,6.043620106866
22.8311312500002,6.0430992735055
22.8314645833335,6.0484378154506
22.8317979166669,6.05182323229383
22.8321312500002,6.04973989885184
22.8324645833335,6.04179719010426
22.8327979166669,6.03867218994128
22.8331312500002,6.04453156524687
22.8334645833335,6.04518260694749
22.8337979166669,6.03645864815917
22.8341312500002,6.02968781447271
22.8344645833335,6.03046906451346
22.8347979166669,6.04427114856662
22.8351312500002,6.0516930239537
22.8354645833335,6.04987010719197
22.8357979166669,6.04440135690675
22.8361312500002,6.04661489868886
22.8364645833335,6.04973989885184
22.8367979166669,6.05156281561358
22.8371312500002,6.04101594006352
22.8374645833335,6.03958364832215
22.8377979166669,6.04088573172339
22.8381312500002,6.04635448200861
22.8384645833335,6.04192739844439
22.8387979166669,6.044661773587
22.8391312500002,6.04518260694749
22.8394645833335,6.05117219059321
22.8397979166669,6.0430992735055
22.8401312500002,6.03776073156041
22.8404645833335,6.03229198127519
22.8407979166669,6.02981802281283
22.8411312500002,6.03190135625482
22.8414645833335,6.03776073156041
22.8417979166669,6.03997427334252
22.8421312500002,6.04205760678451
22.8424645833335,6.04049510670302
22.8427979166669,6.04101594006352
22.8431312500002,6.04283885682526
22.8434645833335,6.04218781512464
22.8437979166669,6.04114614840364
22.8441312500002,6.03789093990054
22.8444645833335,6.04322948184563
22.8447979166669,6.04700552370923
22.8451312500002,6.04388052354625
22.8454645833333,6.03398468969681
22.8457979166667,6.03463573139743
22.84613125,6.03828156492091
22.8464645833333,6.044661773587
22.8467979166667,6.044661773587
22.84713125,6.04648469034874
22.8474645833333,6.05455760743644
22.8477979166667,6.05416698241606
22.84813125,6.05156281561358
22.8484645833333,6.04492219026724
22.8487979166667,6.04427114856662
22.84913125,6.04674510702898
22.8494645833333,6.04726594038948
22.8497979166667,6.04570344030799
22.85013125,6.04322948184563
22.8504645833333,6.04153677342401
22.8507979166667,6.04856802379072
22.85113125,6.05247427399445
22.8514645833333,6.05494823245681
22.8517979166667,6.04804719043023
22.85213125,6.03737010654004
22.8524645833333,6.03372427301656
22.8527979166667,6.03776073156041
22.85313125,6.04713573204936
22.8534645833333,6.04765656540985
22.8537979166667,6.04921906549134
22.85413125,6.0473961487296
22.8544645833333,6.044661773587
22.8547979166667,6.03710968985979
22.85513125,6.03945343998203
22.8554645833334,6.03971385666227
22.8557979166667,6.03906281496165
22.85613125,6.03958364832215
22.8564645833334,6.04934927383147
22.8567979166667,6.05664094087842
22.85713125,6.0559898991778
22.8574645833334,6.04869823213085
22.8577979166667,6.04687531536911
22.85813125,6.04609406532836
22.8584645833333,6.04518260694749
22.8587979166667,6.0403648983629
22.85913125,6.04179719010426
22.8594645833334,6.04388052354625
22.8597979166667,6.04713573204936
22.86013125,6.04882844047097
22.8604645833334,6.04427114856662
22.8607979166667,6.04817739877035
22.86113125,6.05247427399445
22.8614645833334,6.06093781610252
22.8617979166667,6.06158885780315
22.86213125,6.0522138573142
22.8624645833334,6.05000031553209
22.8627979166667,6.05000031553209
22.86313125,6.04882844047097
22.8634645833334,6.04231802346476
22.8637979166667,6.04375031520613
22.86413125,6.05612010751793
22.8644645833334,6.06614614970749
22.8647979166667,6.06015656606178
22.86513125,6.05429719075619
22.8654645833334,6.0532555240352
22.8657979166667,6.06184927448339
22.86613125,6.064583649626
22.8664645833334,6.064583649626
22.8667979166667,6.05377635739569
22.86713125,6.0398440650024
22.8674645833334,6.03958364832215
22.8677979166667,6.04661489868886
22.86813125,6.05403677407594
22.8684645833334,6.04518260694749
22.8687979166667,6.04270864848513
22.86913125,6.04427114856662
22.8694645833334,6.04622427366849
22.8697979166667,6.04283885682526
22.87013125,6.03906281496165
22.8704645833334,6.044661773587
22.8707979166667,6.04726594038948
22.87113125,6.05117219059321
22.8714645833334,6.04726594038948
22.8717979166667,6.04531281528762
22.87213125,6.04622427366849
22.8724645833334,6.04921906549134
22.8727979166667,6.04960969051172
22.87313125,6.04127635674377
22.8734645833334,6.0350263564178
22.8737979166667,6.03867218994128
22.87413125,6.04570344030799
22.8744645833334,6.04830760711047
22.8747979166667,6.04388052354625
22.87513125,6.04687531536911
22.8754645833334,6.05130239893333
22.8757979166667,6.05351594071544
22.87613125,6.05000031553209
22.8764645833334,6.04804719043023
22.8767979166667,6.05234406565433
22.87713125,6.05716177423892
22.8774645833334,6.05052114889259
22.8777979166667,6.0484378154506
22.87813125,6.05026073221234
22.8784645833334,6.0565107325383
22.8787979166667,6.05768260759942
22.87913125,6.04713573204936
22.8794645833334,6.0479169820901
22.8797979166667,6.04648469034874
22.88013125,6.05507844079693
22.8804645833334,6.0559898991778
22.8807979166667,6.05039094055246
22.88113125,6.0403648983629
22.8814645833334,6.03541698143818
22.8817979166667,6.04023469002277
22.88213125,6.04687531536911
22.8824645833334,6.04492219026724
22.8827979166667,6.03750031488016
22.8831312500001,6.03854198160116
22.8834645833334,6.05156281561358
22.8837979166667,6.06223989950377
22.8841312500001,6.05755239925929
22.8844645833334,6.04596385698824
22.8847979166667,6.04205760678451
22.8851312500001,6.05026073221234
22.8854645833334,6.05729198257905
22.8857979166667,6.05416698241606
22.8861312500001,6.0527346906747
22.8864645833334,6.04921906549134
22.8867979166667,6.05039094055246
22.8871312500001,6.04830760711047
22.8874645833334,6.04726594038948
22.8877979166667,6.05533885747718
22.8881312500001,6.05507844079693
22.8884645833334,6.04973989885184
22.8887979166667,6.03671906483942
22.8891312500001,6.03658885649929
22.8894645833334,6.04270864848513
22.8897979166667,6.0473961487296
22.8901312500001,6.043620106866
22.8904645833334,6.04114614840364
22.8907979166667,6.04388052354625
22.8911312500001,6.04479198192712
22.8914645833334,6.04062531504315
22.8917979166667,6.03216177293507
22.8921312500001,6.03085968953383
22.8924645833334,6.03841177326103
22.8927979166667,6.05078156557283
22.8931312500001,6.0570315658988
22.8934645833334,6.05143260727346
22.8937979166667,6.03867218994128
22.8941312500001,6.03463573139743
22.8944645833334,6.03997427334252
22.8947979166667,6.04687531536911
22.8951312500001,6.04557323196786
22.8954645833334,6.03958364832215
22.8957979166667,6.0393232316419
22.8961312500001,6.04388052354625
22.8964645833334,6.05117219059321
22.8967979166667,6.05247427399445
22.8971312500001,6.04973989885184
22.8974645833334,6.04531281528762
22.8977979166667,6.04869823213085
22.8981312500001,6.04947948217159
22.8984645833334,6.05312531569507
22.8987979166667,6.04609406532836
22.8991312500001,6.03867218994128
22.8994645833334,6.03828156492091
22.8997979166667,6.04401073188638
22.9001312500001,6.04921906549134
22.9004645833334,6.04661489868886
22.9007979166667,6.04570344030799
22.9011312500001,6.05208364897408
22.9014645833334,6.05807323261979
22.9017979166667,6.05755239925929
22.9021312500001,6.05104198225308
22.9024645833334,6.04882844047097
22.9027979166667,6.05156281561358
22.9031312500001,6.05807323261979
22.9034645833334,6.05872427432041
22.9037979166667,6.0516930239537
22.9041312500001,6.04518260694749
22.9044645833334,6.04101594006352
22.9047979166667,6.04557323196786
22.9051312500001,6.04804719043023
22.9054645833334,6.0516930239537
22.9057979166667,6.04856802379072
22.9061312500001,6.04713573204936
22.9064645833334,6.03945343998203
22.9067979166667,6.04375031520613
22.9071312500001,6.03645864815917
22.9074645833334,6.03789093990054
22.9077979166667,6.03411489803693
22.9081312500001,6.03893260662153
22.9084645833334,6.04596385698824
22.9087979166667,6.04947948217159
22.9091312500001,6.05690135755867
22.9094645833334,6.06184927448339
22.9097979166668,6.05794302427967
22.9101312500001,6.05468781577656
22.9104645833334,6.04830760711047
22.9107979166667,6.05247427399445
22.9111312500001,6.05208364897408
22.9114645833334,6.04531281528762
22.9117979166668,6.04531281528762
22.9121312500001,6.05117219059321
22.9124645833334,6.06237010784389
22.9127979166668,6.0651044829865
22.9131312500001,6.06041698274203
22.9134645833334,6.05559927415743
22.9137979166668,6.04804719043023
22.9141312500001,6.04726594038948
22.9144645833334,6.04830760711047
22.9147979166668,6.04752635706973
22.9151312500001,6.0430992735055
22.9154645833334,6.03750031488016
22.9157979166668,6.03945343998203
22.9161312500001,6.04440135690675
22.9164645833334,6.0430992735055
22.9167979166668,6.04231802346476
22.9171312500001,6.04192739844439
22.9174645833334,6.04231802346476
22.9177979166668,6.04218781512464
22.9181312500001,6.04153677342401
22.9184645833334,6.04752635706973
22.9187979166668,6.05117219059321
22.9191312500001,6.04934927383147
22.9194645833334,6.0430992735055
22.9197979166668,6.04830760711047
22.9201312500001,6.05390656573582
22.9204645833334,6.0613284411229
22.9207979166668,6.05872427432041
22.9211312500001,6.05000031553209
22.9214645833334,6.04973989885184
22.9217979166668,6.05143260727346
22.9221312500001,6.0608076077624
22.9224645833334,6.0613284411229
22.9227979166668,6.05286489901482
22.9231312500001,6.04987010719197
22.9234645833334,6.05039094055246
22.9237979166668,6.05364614905557
22.9241312500001,6.05156281561358
22.9244645833334,6.04713573204936
22.9247979166668,6.05039094055246
22.9251312500001,6.05247427399445
22.9254645833334,6.05312531569507
22.9257979166668,6.0559898991778
22.9261312500001,6.05690135755867
22.9264645833334,6.05664094087842
22.9267979166668,6.04856802379072
22.9271312500001,6.04622427366849
22.9274645833334,6.05065135723271
22.9277979166668,6.05533885747718
22.9281312500001,6.05312531569507
22.9284645833334,6.04973989885184
22.9287979166668,6.04648469034874
22.9291312500001,6.05338573237532
22.9294645833334,6.0565107325383
22.9297979166668,6.05794302427967
22.9301312500001,6.05572948249756
22.9304645833334,6.05195344063395
22.9307979166668,6.05533885747718
22.9311312500001,6.0565107325383
22.9314645833334,6.06197948282352
22.9317979166668,6.05794302427967
22.9321312500001,6.05130239893333
22.9324645833334,6.0479169820901
22.9327979166668,6.05013052387221
22.9331312500001,6.05481802411669
22.9334645833334,6.05117219059321
22.9337979166668,6.04270864848513
22.9341312500001,6.03281281463569
22.9344645833334,6.03893260662153
22.9347979166668,6.04869823213085
22.9351312500001,6.05729198257905
22.9354645833335,6.05351594071544
22.9357979166668,6.05039094055246
22.9361312500001,6.05520864913706
22.9364645833334,6.05638052419818
22.9367979166668,6.05572948249756
22.9371312500001,6.05117219059321
22.9374645833334,6.05286489901482
22.9377979166668,6.0565107325383
22.9381312500001,6.05989614938153
22.9384645833335,6.05572948249756
22.9387979166668,6.05195344063395
22.9391312500001,6.05338573237532
22.9394645833334,6.06250031618401
22.9397979166668,6.06497427464638
22.9401312500001,6.05781281593954
22.9404645833335,6.04752635706973
22.9407979166668,6.04479198192712
22.9411312500001,6.04479198192712
22.9414645833335,6.04166698176414
22.9417979166668,6.03229198127519
22.9421312500001,6.03632843981905
22.9424645833335,6.04153677342401
22.9427979166668,6.05117219059321
22.9431312500001,6.04804719043023
22.9434645833335,6.04987010719197
22.9437979166668,6.05247427399445
22.9441312500001,6.05234406565433
22.9444645833335,6.04492219026724
22.9447979166668,6.04531281528762
22.9451312500001,6.04856802379072
22.9454645833335,6.04960969051172
22.9457979166668,6.03958364832215
22.9461312500001,6.0393232316419
22.9464645833335,6.04687531536911
22.9467979166668,6.05807323261979
22.9471312500001,6.05690135755867
22.9474645833335,6.05052114889259
22.9477979166668,6.05117219059321
22.9481312500001,6.05299510735495
22.9484645833335,6.06276073286426
22.9487979166668,6.06380239958526
22.9491312500001,6.05950552436116
22.9494645833335,6.0608076077624
22.9497979166668,6.06393260792538
22.9501312500001,6.07526073351619
22.9504645833335,6.07421906679519
22.9507979166668,6.06705760808836
22.9511312500001,6.06015656606178
22.9514645833335,6.06302114954451
22.9517979166668,6.06471385796613
22.9521312500001,6.06588573302724
22.9524645833335,6.05833364930004
22.9527979166668,6.05833364930004
22.9531312500001,6.05833364930004
22.9534645833335,6.05976594104141
22.9537979166668,6.05742219091917
22.9541312500001,6.04921906549134
22.9544645833335,6.04804719043023
22.9547979166668,6.05638052419818
22.9551312500001,6.06666698306799
22.9554645833335,6.06315135788464
22.9557979166668,6.05429719075619
22.9561312500001,6.05078156557283
22.9564645833335,6.06041698274203
22.9567979166668,6.06588573302724
22.9571312500001,6.06796906646923
22.9574645833335,6.05924510768091
22.9577979166668,6.05546906581731
22.9581312500001,6.05729198257905
22.9584645833335,6.05742219091917
22.9587979166668,6.05820344095992
22.9591312500001,6.05690135755867
22.9594645833335,6.05794302427967
22.9597979166668,6.05729198257905
22.9601312500001,6.05833364930004
22.9604645833335,6.06315135788464
22.9607979166668,6.06523469132662
22.9611312500001,6.06302114954451
22.9614645833335,6.05690135755867
22.9617979166668,6.05494823245681
22.9621312500001,6.04973989885184
22.9624645833335,6.05234406565433
22.9627979166668,6.04960969051172
22.9631312500001,6.0532555240352
22.9634645833335,6.05638052419818
22.9637979166668,6.06315135788464
22.9641312500001,6.06705760808836
22.9644645833335,6.0651044829865
22.9647979166668,6.0608076077624
22.9651312500001,6.05364614905557
22.9654645833335,6.05716177423892
22.9657979166668,6.06210969116364
22.9661312500002,6.0694013582106
22.9664645833335,6.06783885812911
22.9667979166668,6.06966177489085
22.9671312500002,6.07278677505383
22.9674645833335,6.07460969181557
22.9677979166668,6.0731774000742
22.9681312500002,6.07070344161184
22.9684645833335,6.0699221915711
22.9687979166668,6.06627635804762
22.9691312500002,6.06145864946302
22.9694645833335,6.05911489934079
22.9697979166668,6.06197948282352
22.9701312500002,6.06250031618401
22.9704645833335,6.05794302427967
22.9707979166668,6.05664094087842
22.9711312500002,6.064583649626
22.9714645833335,6.07356802509457
22.9717979166668,6.07656281691743
22.9721312500002,6.07148469165259
22.9724645833335,6.06966177489085
22.9727979166668,6.0683596914896
22.9731312500002,6.06875031650998
22.9734645833335,6.07109406663221
22.9737979166668,6.0683596914896
22.9741312500002,6.06640656638774
22.9744645833335,6.05989614938153
22.9747979166668,6.06393260792538
22.9751312500002,6.06848989982973
22.9754645833335,6.06718781642849
22.9757979166668,6.0608076077624
22.9761312500002,6.05572948249756
22.9764645833335,6.05872427432041
22.9767979166668,6.06197948282352
22.9771312500002,6.06484406630625
22.9774645833335,6.06953156655072
22.9777979166668,6.07578156687669
22.9781312500002,6.07760448363842
22.9784645833335,6.07460969181557
22.9787979166668,6.06692739974824
22.9791312500002,6.07031281659147
22.9794645833335,6.06927114987048
22.9797979166668,6.07226594169333
22.9801312500002,6.07473990015569
22.9804645833335,6.08216177554277
22.9807979166668,6.08528677570575
22.9811312500002,6.07877635869954
22.9814645833335,6.07460969181557
22.9817979166668,6.0769534419378
22.9821312500002,6.08033885878103
22.9824645833335,6.08190135886253
22.9827979166668,6.07708365027793
22.9831312500002,6.07500031683594
22.9834645833335,6.07382844177482
22.9837979166668,6.07630240023718
22.9841312500002,6.07539094185631
22.9844645833335,6.0699221915711
22.9847979166668,6.0683596914896
22.9851312500002,6.07148469165259
22.9854645833335,6.07825552533905
22.9857979166668,6.08242219222302
22.9861312500002,6.07838573367917
22.9864645833335,6.07552115019644
22.9867979166668,6.07473990015569
22.9871312500002,6.07265656671371
22.9874645833335,6.07617219189706
22.9877979166668,6.07434927513532
22.9881312500002,6.07890656703967
22.9884645833335,6.07278677505383
22.9887979166668,6.06692739974824
22.9891312500002,6.06484406630625
22.9894645833335,6.07473990015569
22.9897979166668,6.08867219254898
22.9901312500002,6.09179719271197
22.9904645833335,6.08216177554277
22.9907979166668,6.06979198323097
22.9911312500002,6.06497427464638
22.9914645833335,6.0688805248501
22.9917979166668,6.06848989982973
22.9921312500002,6.06966177489085
22.9924645833335,6.06393260792538
22.9927979166669,6.06328156622476
22.9931312500002,6.05989614938153
22.9934645833335,6.06796906646923
22.9937979166669,6.07057323327172
22.9941312500002,6.07708365027793
22.9944645833335,6.07916698371992
22.9947979166669,6.08164094218228
22.9951312500002,6.09023469263048
22.9954645833335,6.09492219287495
22.9957979166669,6.09817740137805
22.9961312500002,6.09166698437184
22.9964645833335,6.08190135886253
22.9967979166669,6.08085969214153
22.9971312500002,6.08737010914774
22.9974645833335,6.09296906777308
22.9977979166669,6.09700552631693
22.9981312500002,6.08815135918849
22.9984645833335,6.08645865076687
22.9987979166669,6.08359406728414
22.9991312500002,6.08437531732489
22.9994645833335,6.08710969246749
22.9997979166669,6.08385448396439
23.0001312500002,6.08424510898476
23.0004645833335,6.0822919838829
23.0007979166669,6.08112010882178
23.0011312500002,6.07721385861805
23.0014645833335,6.07421906679519
23.0017979166669,6.07630240023718
23.0021312500002,6.08046906712116
23.0024645833335,6.08151073384215
23.0027979166669,6.07760448363842
23.0031312500002,6.08567740072613
23.0034645833335,6.09153677603172
23.0037979166669,6.09713573465706
23.0041312500002,6.09231802607246
23.0044645833335,6.08854198420886
23.0047979166669,6.08971385926998
23.0051312500002,6.08723990080762
23.0054645833335,6.08033885878103
23.0057979166669,6.07382844177482
23.0061312500002,6.07812531699892
23.0064645833335,6.08893260922923
23.0067979166669,6.09375031781383
23.0071312500002,6.08723990080762
23.0074645833335,6.08437531732489
23.0077979166669,6.08567740072613
23.0081312500002,6.09987010979967
23.0084645833335,6.10768261020712
23.0087979166669,6.11002636032936
23.0091312500002,6.09687531797681
23.0094645833335,6.08476594234526
23.0097979166669,6.0769534419378
23.0101312500002,6.07968781708041
23.0104645833335,6.08411490064464
23.0107979166669,6.09674510963669
23.0111312500002,6.09713573465706
23.0114645833335,6.10286490162252
23.0117979166669,6.10195344324166
23.0121312500002,6.10638052680588
23.0124645833335,6.10416698502377
23.0127979166669,6.09987010979967
23.0131312500002,6.09765656801756
23.0134645833335,6.10507844340464
23.0137979166669,6.10976594364911
23.0141312500002,6.11419302721333
23.0144645833335,6.10859406858799
23.0147979166669,6.10455761004414
23.0151312500002,6.10768261020712
23.0154645833335,6.11041698534973
23.0157979166669,6.11106802705035
23.01613125,6.10507844340464
23.0164645833333,6.10612011012563
23.0167979166667,6.10976594364911
23.01713125,6.11354198551271
23.0174645833333,6.10781281854725
23.0177979166667,6.10117219320091
23.01813125,6.09778677635768
23.0184645833333,6.09309927611321
23.0187979166667,6.0951826095552
23.01913125,6.09283885943296
23.0194645833333,6.10468781838426
23.0197979166667,6.10885448526824
23.02013125,6.10768261020712
23.0204645833333,6.10052115150029
23.0207979166667,6.10091177652066
23.02113125,6.11250031879172
23.0214645833333,6.11927115247818
23.0217979166667,6.1156253189547
23.02213125,6.10664094348613
23.0224645833333,6.10156281822128
23.0227979166667,6.10052115150029
23.02313125,6.10585969344538
23.0234645833333,6.10442740170402
23.0237979166667,6.10572948510526
23.02413125,6.09817740137805
23.0244645833333,6.09492219287495
23.0247979166667,6.09921906809905
23.02513125,6.10729198518675
23.0254645833333,6.11471386057383
23.0257979166667,6.1156253189547
23.02613125,6.11223990211147
23.0264645833333,6.11484406891395
23.0267979166667,6.11601594397507
23.02713125,6.11458365223371
23.0274645833333,6.1037763600034
23.0277979166667,6.09440135951445
23.02813125,6.09453156785457
23.0284645833334,6.09869823473855
23.0287979166667,6.10286490162252
23.02913125,6.10429719336389
23.0294645833334,6.10690136016638
23.0297979166667,6.10156281822128
23.03013125,6.09908885975892
23.0304645833334,6.09335969279346
23.0307979166667,6.09375031781383
23.03113125,6.09583365125582
23.0314645833334,6.10065135984041
23.0317979166667,6.11002636032936
23.03213125,6.11041698534973
23.0324645833334,6.10598990178551
23.0327979166667,6.1027346932824
23.03313125,6.10286490162252
23.0334645833334,6.10638052680588
23.0337979166667,6.10208365158178
23.03413125,6.09648469295644
23.0344645833334,6.10247427660215
23.0347979166667,6.11028677700961
23.03513125,6.11354198551271
23.0354645833334,6.10312531830277
23.0357979166667,6.09505240121507
23.03613125,6.10130240154103
23.0364645833334,6.11380240219296
23.0367979166667,6.11927115247818
23.03713125,6.11471386057383
23.0374645833334,6.11289094381209
23.0377979166667,6.11796906907694
23.03813125,6.12513052778377
23.0384645833334,6.11796906907694
23.0387979166667,6.10442740170402
23.03913125,6.09700552631693
23.0394645833334,6.10481802672439
23.0397979166667,6.11966177749855
23.04013125,6.11848990243743
23.0404645833334,6.10807323522749
23.0407979166667,6.09765656801756
23.04113125,6.10299510996265
23.0414645833334,6.11367219385284
23.0417979166667,6.11770865239669
23.04213125,6.11796906907694
23.0424645833334,6.11458365223371
23.0427979166667,6.1161461523152
23.04313125,6.11106802705035
23.0434645833334,6.10729198518675
23.0437979166667,6.10976594364911
23.04413125,6.10885448526824
23.0444645833334,6.11067740202998
23.0447979166667,6.10625031846575
23.04513125,6.10585969344538
23.0454645833334,6.11106802705035
23.0457979166667,6.11692740235594
23.04613125,6.12500031944364
23.0464645833334,6.12096386089979
23.0467979166667,6.11276073547197
23.04713125,6.1113284437306
23.0474645833334,6.11471386057383
23.0477979166667,6.11979198583867
23.04813125,6.11536490227445
23.0484645833334,6.11497427725408
23.0487979166667,6.1194013608183
23.04913125,6.12447948608315
23.0494645833334,6.12265656932141
23.0497979166667,6.11145865207072
23.05013125,6.11054719368986
23.0504645833334,6.11237011045159
23.0507979166667,6.11601594397507
23.05113125,6.10690136016638
23.0514645833334,6.10208365158178
23.0517979166667,6.106510735146
23.0521312500001,6.11276073547197
23.0524645833334,6.11692740235594
23.0527979166667,6.11054719368986
23.05313125,6.10182323490153
23.0534645833334,6.0989586514188
23.0537979166667,6.10494823506451
23.0541312500001,6.11067740202998
23.0544645833334,6.10846386024787
23.0547979166667,6.09817740137805
23.05513125,6.09726594299718
23.0554645833334,6.10065135984041
23.0557979166667,6.10546906842501
23.0561312500001,6.10742219352687
23.0564645833334,6.10130240154103
23.0567979166667,6.10117219320091
23.0571312500001,6.10807323522749
23.0574645833334,6.11354198551271
23.0577979166667,6.11041698534973
23.0581312500001,6.09908885975892
23.0584645833334,6.10260448494228
23.0587979166667,6.11145865207072
23.0591312500001,6.11809927741706
23.0594645833334,6.10729198518675
23.0597979166667,6.10494823506451
23.0601312500001,6.10716177684663
23.0604645833334,6.11536490227445
23.0607979166667,6.11041698534973
23.0611312500001,6.1032555266429
23.0614645833334,6.1022138599219
23.0617979166667,6.1118492770911
23.0621312500001,6.11731802737631
23.0624645833334,6.10833365190774
23.0627979166667,6.09791698469781
23.0631312500001,6.09531281789532
23.0634645833334,6.10299510996265
23.0637979166667,6.10299510996265
23.0641312500001,6.09687531797681
23.0644645833334,6.09765656801756
23.0647979166667,6.09830760971818
23.0651312500001,6.09544302623544
23.0654645833334,6.09127635935147
23.0657979166667,6.09687531797681
23.0661312500001,6.1037763600034
23.0664645833334,6.10117219320091
23.0667979166667,6.09296906777308
23.0671312500001,6.09283885943296
23.0674645833334,6.09570344291569
23.0677979166667,6.09531281789532
23.0681312500001,6.09635448461631
23.0684645833334,6.09987010979967
23.0687979166667,6.1022138599219
23.0691312500001,6.09453156785457
23.0694645833334,6.08971385926998
23.0697979166667,6.09166698437184
23.0701312500001,6.0989586514188
23.0704645833334,6.1027346932824
23.0707979166667,6.10182323490153
23.0711312500001,6.10299510996265
23.0714645833334,6.10677115182625
23.0717979166667,6.10416698502377
23.0721312500001,6.10364615166327
23.0724645833334,6.09674510963669
23.0727979166667,6.1022138599219
23.0731312500001,6.10403677668364
23.0734645833334,6.10104198486079
23.0737979166667,6.09114615101134
23.0741312500001,6.08737010914774
23.0744645833334,6.08997427595023
23.0747979166667,6.09739615133731
23.0751312500001,6.09257844275271
23.0754645833334,6.09375031781383
23.0757979166667,6.086588859107
23.0761312500001,6.09114615101134
23.0764645833334,6.08789094250824
23.0767979166667,6.08802115084836
23.0771312500001,6.08632844242675
23.0774645833334,6.08398469230451
23.0777979166667,6.08971385926998
23.0781312500001,6.08776073416812
23.0784645833334,6.09296906777308
23.0787979166668,6.09244823441259
23.0791312500001,6.09700552631693
23.0794645833334,6.09544302623544
23.0797979166667,6.09153677603172
23.0801312500001,6.08567740072613
23.0804645833334,6.07552115019644
23.0807979166667,6.06953156655072
23.0811312500001,6.06744823310874
23.0814645833334,6.07070344161184
23.0817979166667,6.0779951086588
23.0821312500001,6.08255240056315
23.0824645833334,6.08164094218228
23.0827979166668,6.08346385894401
23.0831312500001,6.08085969214153
23.0834645833334,6.08112010882178
23.0837979166668,6.07473990015569
23.0841312500001,6.0769534419378
23.0844645833334,6.08281281724339
23.0847979166668,6.0860680257465
23.0851312500001,6.0812503171619
23.0854645833334,6.07408885845507
23.0857979166668,6.06927114987048
23.0861312500001,6.07252635837358
23.0864645833334,6.0769534419378
23.0867979166668,6.07552115019644
23.0871312500001,6.07018260825134
23.0874645833334,6.07239615003346
23.0877979166668,6.07981802542054
23.0881312500001,6.08580760906625
23.0884645833334,6.08020865044091
23.0887979166668,6.07122427497234
23.0891312500001,6.07343781675445
23.0894645833334,6.0817711505224
23.0897979166668,6.08710969246749
23.0901312500001,6.07890656703967
23.0904645833334,6.06927114987048
23.0907979166668,6.06289094120439
23.0911312500001,6.06953156655072
23.0914645833334,6.07838573367917
23.0917979166668,6.08320344226377
23.0921312500001,6.07421906679519
23.0924645833334,6.06484406630625
23.0927979166668,6.07057323327172
23.0931312500001,6.08385448396439
23.0934645833334,6.09205760939221
23.0937979166668,6.09257844275271
23.0941312500001,6.08033885878103
23.0944645833334,6.07070344161184
23.0947979166668,6.06757844144886
23.0951312500001,6.07526073351619
23.0954645833334,6.07734406695818
23.0957979166668,6.07343781675445
23.0961312500001,6.0694013582106
23.0964645833334,6.07643260857731
23.0967979166668,6.08072948380141
23.0971312500001,6.08463573400513
23.0974645833334,6.08138052550203
23.0977979166668,6.07447948347544
23.0981312500001,6.06731802476861
23.0984645833334,6.06145864946302
23.0987979166668,6.06380239958526
23.0991312500001,6.06914094153035
23.0994645833334,6.07213573335321
23.0997979166668,6.07213573335321
23.1001312500001,6.06927114987048
23.1004645833334,6.07981802542054
23.1007979166668,6.08411490064464
23.1011312500001,6.07929719206004
23.1014645833334,6.06093781610252
23.1017979166668,6.05533885747718
23.1021312500001,6.05390656573582
23.1024645833334,6.06302114954451
23.1027979166668,6.06223989950377
23.1031312500001,6.06067739942228
23.1034645833334,6.06041698274203
23.1037979166668,6.06302114954451
23.1041312500001,6.07239615003346
23.1044645833334,6.07421906679519
23.1047979166668,6.07057323327172
23.1051312500001,6.05989614938153
23.1054645833334,6.05585969083768
23.1057979166668,6.06627635804762
23.1061312500001,6.07721385861805
23.1064645833334,6.07395865011495
23.1067979166668,6.07031281659147
23.1071312500001,6.0769534419378
23.1074645833334,6.08763052582799
23.1077979166668,6.09075552599097
23.1081312500001,6.08098990048166
23.1084645833334,6.07487010849582
23.1087979166668,6.07408885845507
23.1091312500001,6.07356802509457
23.1094645833334,6.07252635837358
23.1097979166668,6.06067739942228
23.1101312500001,6.05742219091917
23.1104645833335,6.05924510768091
23.1107979166668,6.06731802476861
23.1111312500001,6.06901073319023
23.1114645833335,6.06054719108215
23.1117979166668,6.04973989885184
23.1121312500001,6.04596385698824
23.1124645833335,6.04973989885184
23.1127979166668,6.05807323261979
23.1131312500001,6.05794302427967
23.1134645833335,6.0484378154506
23.1137979166668,6.04075552338327
23.1141312500001,6.044661773587
23.1144645833335,6.05533885747718
23.1147979166668,6.05989614938153
23.1151312500001,6.05000031553209
23.1154645833335,6.04713573204936
23.1157979166668,6.05182323229383
23.1161312500001,6.065625316347
23.1164645833335,6.07304719173408
23.1167979166668,6.06718781642849
23.1171312500001,6.05872427432041
23.1174645833335,6.05807323261979
23.1177979166668,6.06406281626551
23.1181312500001,6.06406281626551
23.1184645833335,6.05377635739569
23.1187979166668,6.04596385698824
23.1191312500001,6.04648469034874
23.1194645833335,6.05156281561358
23.1197979166668,6.05091177391296
23.1201312500001,6.05364614905557
23.1204645833335,6.05130239893333
23.1207979166668,6.05130239893333
23.1211312500001,6.05026073221234
23.1214645833335,6.05000031553209
23.1217979166668,6.05078156557283
23.1221312500001,6.05026073221234
23.1224645833335,6.04622427366849
23.1227979166668,6.04778677374998
23.1231312500001,6.04882844047097
23.1234645833335,6.05898469100066
23.1237979166668,6.05716177423892
23.1241312500001,6.05065135723271
23.1244645833335,6.04817739877035
23.1247979166668,6.04934927383147
23.1251312500001,6.05781281593954
23.1254645833335,6.05989614938153
23.1257979166668,6.05677114921855
23.1261312500001,6.04531281528762
23.1264645833335,6.04062531504315
23.1267979166668,6.043620106866
23.1271312500001,6.0522138573142
23.1274645833335,6.05182323229383
23.1277979166668,6.05026073221234
23.1281312500001,6.04856802379072
23.1284645833335,6.04192739844439
23.1287979166668,6.04375031520613
23.1291312500001,6.044661773587
23.1294645833335,6.04921906549134
23.1297979166668,6.04661489868886
23.1301312500001,6.04570344030799
23.1304645833335,6.05208364897408
23.1307979166668,6.05481802411669
23.1311312500001,6.05039094055246
23.1314645833335,6.04127635674377
23.1317979166668,6.04817739877035
23.1321312500001,6.05794302427967
23.1324645833335,6.05885448266054
23.1327979166668,6.04140656508389
23.1331312500001,6.0360680231388
23.1334645833335,6.04453156524687
23.1337979166668,6.05677114921855
23.1341312500001,6.05442739909631
23.1344645833335,6.04231802346476
23.1347979166668,6.04231802346476
23.1351312500002,6.05286489901482
23.1354645833335,6.06822948314948
23.1357979166668,6.07083364995197
23.1361312500001,6.05755239925929
23.1364645833335,6.04908885715122
23.1367979166668,6.05091177391296
23.1371312500002,6.06145864946302
23.1374645833335,6.05716177423892
23.1377979166668,6.03893260662153
23.1381312500001,6.03151073123445
23.1384645833335,6.03906281496165
23.1387979166668,6.04947948217159
23.1391312500002,6.04895864881109
23.1394645833335,6.05026073221234
23.1397979166668,6.05533885747718
23.1401312500002,6.05898469100066
23.1404645833335,6.05963573270128
23.1407979166668,6.0565107325383
23.1411312500002,6.05911489934079
23.1414645833335,6.05364614905557
23.1417979166668,6.05039094055246
23.1421312500002,6.05052114889259
23.1424645833335,6.05195344063395
23.1427979166668,6.06002635772165
23.1431312500002,6.06627635804762
23.1434645833335,6.06653677472787
23.1437979166668,6.05833364930004
23.1441312500002,6.0565107325383
23.1444645833335,6.06354198290501
23.1447979166668,6.07070344161184
23.1451312500002,6.06289094120439
23.1454645833335,6.05247427399445
23.1457979166668,6.05559927415743
23.1461312500002,6.06237010784389
23.1464645833335,6.06914094153035
23.1467979166668,6.06119823278277
23.1471312500002,6.05247427399445
23.1474645833335,6.04869823213085
23.1477979166668,6.05520864913706
23.1481312500002,6.06432323294575
23.1484645833335,6.06536489966675
23.1487979166668,6.0565107325383
23.1491312500002,6.04479198192712
23.1494645833335,6.05013052387221
23.1497979166668,6.05898469100066
23.1501312500002,6.06783885812911
23.1504645833335,6.0651044829865
23.1507979166668,6.06041698274203
23.1511312500002,6.06380239958526
23.1514645833335,6.06757844144886
23.1517979166668,6.06770864978898
23.1521312500002,6.05625031585805
23.1524645833335,6.04479198192712
23.1527979166668,6.0473961487296
23.1531312500002,6.05729198257905
23.1534645833335,6.06783885812911
23.1537979166668,6.065625316347
23.1541312500002,6.06289094120439
23.1544645833335,6.06380239958526
23.1547979166668,6.06979198323097
23.1551312500002,6.06627635804762
23.1554645833335,6.05976594104141
23.1557979166668,6.05612010751793
23.1561312500002,6.064583649626
23.1564645833335,6.06640656638774
23.1567979166668,6.06406281626551
23.1571312500002,6.05507844079693
23.1574645833335,6.05078156557283
23.1577979166668,6.05195344063395
23.1581312500002,6.05963573270128
23.1584645833335,6.06054719108215
23.1587979166668,6.06015656606178
23.1591312500002,6.05885448266054
23.1594645833335,6.05807323261979
23.1597979166668,6.06054719108215
23.1601312500002,6.05898469100066
23.1604645833335,6.06380239958526
23.1607979166668,6.06406281626551
23.1611312500002,6.06380239958526
23.1614645833335,6.05833364930004
23.1617979166668,6.05195344063395
23.1621312500002,6.04960969051172
23.1624645833335,6.04830760711047
23.1627979166669,6.04882844047097
23.1631312500002,6.05078156557283
23.1634645833335,6.05039094055246
23.1637979166668,6.04934927383147
23.1641312500002,6.04270864848513
23.1644645833335,6.043620106866
23.1647979166668,6.04192739844439
23.1651312500002,6.05039094055246
23.1654645833335,6.05872427432041
23.1657979166669,6.06250031618401
23.1661312500002,6.05260448233457
23.1664645833335,6.04661489868886
23.1667979166669,6.05039094055246
23.1671312500002,6.05911489934079
23.1674645833335,6.05507844079693
23.1677979166669,6.05130239893333
23.1681312500002,6.05065135723271
23.1684645833335,6.05963573270128
23.1687979166669,6.05846385764016
23.1691312500002,6.06367219124513
23.1694645833335,6.06171906614327
23.1697979166669,6.06223989950377
23.1701312500002,6.05377635739569
23.1704645833335,6.05247427399445
23.1707979166669,6.05468781577656
23.1711312500002,6.05078156557283
23.1714645833335,6.04492219026724
23.1717979166669,6.04609406532836
23.1721312500002,6.05208364897408
23.1724645833335,6.0532555240352
23.1727979166669,6.05039094055246
23.1731312500002,6.04921906549134
23.1734645833335,6.05833364930004
23.1737979166669,6.0613284411229
23.1741312500002,6.05859406598029
23.1744645833335,6.05390656573582
23.1747979166669,6.05442739909631
23.1751312500002,6.0602867744019
23.1754645833335,6.06210969116364
23.1757979166669,6.05638052419818
23.1761312500002,6.05520864913706
23.1764645833335,6.05976594104141
23.1767979166669,6.06666698306799
23.1771312500002,6.06783885812911
23.1774645833335,6.06171906614327
23.1777979166669,6.05338573237532
23.1781312500002,6.05312531569507
23.1784645833335,6.05559927415743
23.1787979166669,6.06263052452414
23.1791312500002,6.05963573270128
23.1794645833335,6.05911489934079
23.1797979166669,6.06145864946302
23.1801312500002,6.05924510768091
23.1804645833335,6.05716177423892
23.1807979166669,6.05755239925929
23.1811312500002,6.06171906614327
23.1814645833335,6.06250031618401
23.1817979166669,6.05546906581731
23.1821312500002,6.05585969083768
23.1824645833335,6.05781281593954
23.1827979166669,6.0608076077624
23.1831312500002,6.06015656606178
23.1834645833335,6.05091177391296
23.1837979166669,6.0430992735055
23.1841312500002,6.04570344030799
23.1844645833335,6.05507844079693
23.1847979166669,6.06197948282352
23.1851312500002,6.05572948249756
23.1854645833335,6.05612010751793
23.1857979166669,6.06393260792538
23.1861312500002,6.07109406663221
23.1864645833335,6.06914094153035
23.1867979166667,6.05989614938153
23.18713125,6.05572948249756
23.1874645833333,6.05559927415743
23.1877979166667,6.05833364930004
23.18813125,6.06015656606178
23.1884645833333,6.05533885747718
23.1887979166667,6.05507844079693
23.18913125,6.05833364930004
23.1894645833333,6.06901073319023
23.1897979166667,6.0699221915711
23.19013125,6.06119823278277
23.1904645833333,6.04934927383147
23.1907979166667,6.04934927383147
23.19113125,6.05729198257905
23.1914645833333,6.06770864978898
23.1917979166667,6.06237010784389
23.19213125,6.05742219091917
23.1924645833333,6.05091177391296
23.1927979166667,6.05455760743644
23.19313125,6.05690135755867
23.1934645833333,6.05768260759942
23.1937979166667,6.05612010751793
23.19413125,6.06015656606178
23.1944645833333,6.06106802444265
23.1947979166667,6.06041698274203
23.19513125,6.05781281593954
23.1954645833333,6.06653677472787
23.1957979166667,6.07682323359768
23.19613125,6.0779951086588
23.1964645833334,6.06614614970749
23.1967979166667,6.05690135755867
23.19713125,6.04570344030799
23.1974645833334,6.04869823213085
23.1977979166667,6.05416698241606
23.19813125,6.06341177456488
23.1984645833334,6.06237010784389
23.1987979166667,6.0570315658988
23.19913125,6.05143260727346
23.1994645833334,6.05781281593954
23.1997979166667,6.06263052452414
23.20013125,6.06497427464638
23.2004645833334,6.0516930239537
23.2007979166667,6.04453156524687
23.20113125,6.04778677374998
23.2014645833334,6.05898469100066
23.2017979166667,6.06822948314948
23.20213125,6.07122427497234
23.2024645833334,6.06953156655072
23.2027979166667,6.06953156655072
23.20313125,6.07070344161184
23.2034645833334,6.07083364995197
23.2037979166667,6.06471385796613
23.20413125,6.06184927448339
23.2044645833334,6.06445344128588
23.2047979166667,6.07174510833283
23.20513125,6.07200552501308
23.2054645833334,6.06419302460563
23.2057979166667,6.06197948282352
23.20613125,6.0608076077624
23.2064645833334,6.06953156655072
23.2067979166667,6.06419302460563
23.20713125,6.05963573270128
23.2074645833334,6.05195344063395
23.2077979166667,6.05455760743644
23.20813125,6.05781281593954
23.2084645833334,6.05794302427967
23.2087979166667,6.05872427432041
23.20913125,6.06237010784389
23.2094645833334,6.06341177456488
23.2097979166667,6.05859406598029
23.21013125,6.05481802411669
23.2104645833334,6.06015656606178
23.2107979166667,6.06393260792538
23.21113125,6.06627635804762
23.2114645833334,6.06953156655072
23.2117979166667,6.07760448363842
23.21213125,6.07968781708041
23.2124645833334,6.07473990015569
23.2127979166667,6.06731802476861
23.21313125,6.06171906614327
23.2134645833334,6.05989614938153
23.2137979166667,6.06015656606178
23.21413125,6.06276073286426
23.2144645833334,6.06901073319023
23.2147979166667,6.06614614970749
23.21513125,6.06380239958526
23.2154645833334,6.06432323294575
23.2157979166667,6.07135448331246
23.21613125,6.0779951086588
23.2164645833334,6.07539094185631
23.2167979166667,6.07109406663221
23.21713125,6.06705760808836
23.2174645833334,6.06497427464638
23.2177979166667,6.06289094120439
23.21813125,6.05833364930004
23.2184645833334,6.05716177423892
23.2187979166667,6.05950552436116
23.21913125,6.06575552468712
23.2194645833334,6.06627635804762
23.2197979166667,6.06588573302724
23.22013125,6.06145864946302
23.2204645833334,6.0559898991778
23.2207979166667,6.05963573270128
23.22113125,6.06445344128588
23.2214645833334,6.06354198290501
23.2217979166667,6.05846385764016
23.22213125,6.06276073286426
23.2224645833334,6.0736982334347
23.2227979166667,6.07877635869954
23.2231312500001,6.06979198323097
23.2234645833334,6.06588573302724
23.2237979166667,6.06354198290501
23.2241312500001,6.07018260825134
23.2244645833334,6.07500031683594
23.2247979166667,6.07630240023718
23.2251312500001,6.07434927513532
23.2254645833334,6.07122427497234
23.2257979166667,6.07213573335321
23.22613125,6.06679719140811
23.2264645833334,6.07096385829209
23.2267979166667,6.07760448363842
23.2271312500001,6.08750031748787
23.2274645833334,6.08932323424961
23.2277979166667,6.0817711505224
23.2281312500001,6.07682323359768
23.2284645833334,6.07278677505383
23.2287979166667,6.07291698339395
23.2291312500001,6.06718781642849
23.2294645833334,6.06471385796613
23.2297979166667,6.07005239991122
23.2301312500001,6.07526073351619
23.2304645833334,6.07200552501308
23.2307979166667,6.05742219091917
23.2311312500001,6.05664094087842
23.2314645833334,6.0699221915711
23.2317979166667,6.08567740072613
23.2321312500001,6.08528677570575
23.2324645833334,6.07395865011495
23.2327979166667,6.06848989982973
23.2331312500001,6.07291698339395
23.2334645833334,6.07382844177482
23.2337979166667,6.07304719173408
23.2341312500001,6.07356802509457
23.2344645833334,6.07812531699892
23.2347979166667,6.08385448396439
23.2351312500001,6.08411490064464
23.2354645833334,6.0769534419378
23.2357979166667,6.0699221915711
23.2361312500001,6.0651044829865
23.2364645833334,6.06432323294575
23.2367979166667,6.0602867744019
23.2371312500001,6.05820344095992
23.2374645833334,6.06393260792538
23.2377979166667,6.06848989982973
23.2381312500001,6.06966177489085
23.2384645833334,6.07135448331246
23.2387979166667,6.0769534419378
23.2391312500001,6.08294302558352
23.2394645833334,6.08476594234526
23.2397979166667,6.07643260857731
23.2401312500001,6.06718781642849
23.2404645833334,6.06914094153035
23.2407979166667,6.0817711505224
23.2411312500001,6.0908857343311
23.2414645833334,6.08463573400513
23.2417979166667,6.07421906679519
23.2421312500001,6.07513052517607
23.2424645833334,6.07578156687669
23.2427979166667,6.07617219189706
23.2431312500001,6.07031281659147
23.2434645833334,6.07395865011495
23.2437979166667,6.07591177521681
23.2441312500001,6.0785159420193
23.2444645833334,6.0769534419378
23.2447979166667,6.07617219189706
23.2451312500001,6.07630240023718
23.2454645833334,6.08072948380141
23.2457979166667,6.0822919838829
23.2461312500001,6.08072948380141
23.2464645833334,6.06783885812911
23.2467979166667,6.06731802476861
23.2471312500001,6.07291698339395
23.2474645833334,6.08463573400513
23.2477979166667,6.08815135918849
23.2481312500001,6.08085969214153
23.2484645833334,6.07669302525756
23.2487979166667,6.07734406695818
23.2491312500001,6.08046906712116
23.2494645833334,6.07591177521681
23.2497979166667,6.06953156655072
23.2501312500001,6.07565135853656
23.2504645833334,6.07981802542054
23.2507979166668,6.08242219222302
23.2511312500001,6.07812531699892
23.2514645833334,6.07656281691743
23.2517979166668,6.0779951086588
23.2521312500001,6.08216177554277
23.2524645833334,6.08294302558352
23.2527979166667,6.07981802542054
23.2531312500001,6.07018260825134
23.2534645833334,6.07135448331246
23.2537979166668,6.07174510833283
23.2541312500001,6.07122427497234
23.2544645833334,6.0694013582106
23.2547979166668,6.07031281659147
23.2551312500001,6.07434927513532
23.2554645833334,6.07656281691743
23.2557979166668,6.08112010882178
23.2561312500001,6.09010448429035
23.2564645833334,6.08763052582799
23.2567979166668,6.08033885878103
23.2571312500001,6.0694013582106
23.2574645833334,6.06914094153035
23.2577979166668,6.06718781642849
23.2581312500001,6.06757844144886
23.2584645833334,6.06640656638774
23.2587979166668,6.07643260857731
23.2591312500001,6.08411490064464
23.2594645833334,6.0898440676101
23.2597979166668,6.08437531732489
23.2601312500001,6.08138052550203
23.2604645833334,6.08593781740638
23.2607979166668,6.09309927611321
23.2611312500001,6.09335969279346
23.2614645833334,6.08919302590948
23.2617979166668,6.08320344226377
23.2621312500001,6.08684927578725
23.2624645833334,6.0903649009706
23.2627979166668,6.09322948445333
23.2631312500001,6.09153677603172
23.2634645833334,6.08932323424961
23.2637979166668,6.09153677603172
23.2641312500001,6.09309927611321
23.2644645833334,6.09101594267122
23.2647979166668,6.08841177586874
23.2651312500001,6.08632844242675
23.2654645833334,6.09296906777308
23.2657979166668,6.09166698437184
23.2661312500001,6.0903649009706
23.2664645833334,6.08997427595023
23.2667979166668,6.09166698437184
23.2671312500001,6.0951826095552
23.2674645833334,6.09348990113358
23.2677979166668,6.09440135951445
23.2681312500001,6.09362010947371
23.2684645833334,6.0903649009706
23.2687979166668,6.08098990048166
23.2691312500001,6.07487010849582
23.2694645833334,6.07460969181557
23.2697979166668,6.08411490064464
23.2701312500001,6.09166698437184
23.2704645833334,6.08906281756936
23.2707979166668,6.08671906744712
23.2711312500001,6.08697948412737
23.2714645833334,6.09322948445333
23.2717979166668,6.09778677635768
23.2721312500001,6.09348990113358
23.2724645833334,6.08632844242675
23.2727979166668,6.08828156752861
23.2731312500001,6.09348990113358
23.2734645833334,6.09882844307867
23.2737979166668,6.08919302590948
23.2741312500001,6.08424510898476
23.2744645833334,6.0908857343311
23.2747979166668,6.09987010979967
23.2751312500001,6.10546906842501
23.2754645833334,6.09687531797681
23.2757979166668,6.09049510931072
23.2761312500001,6.08476594234526
23.2764645833334,6.08932323424961
23.2767979166668,6.09531281789532
23.2771312500001,6.09244823441259
23.2774645833335,6.085547192386
23.2777979166668,6.08281281724339
23.2781312500001,6.08632844242675
23.2784645833335,6.08684927578725
23.2787979166668,6.09010448429035
23.2791312500001,6.09713573465706
23.2794645833335,6.11145865207072
23.2797979166668,6.10546906842501
23.2801312500001,6.0984378180583
23.2804645833334,6.08424510898476
23.2807979166668,6.08307323392364
23.2811312500001,6.08255240056315
23.2814645833335,6.08632844242675
23.2817979166668,6.08567740072613
23.2821312500001,6.09075552599097
23.2824645833335,6.09270865109284
23.2827979166668,6.0989586514188
23.2831312500001,6.09583365125582
23.2834645833335,6.09179719271197
23.2837979166668,6.09192740105209
23.2841312500001,6.09557323457557
23.2844645833335,6.09596385959594
23.2847979166668,6.09557323457557
23.2851312500001,6.10065135984041
23.2854645833335,6.10937531862874
23.2857979166668,6.10833365190774
23.2861312500001,6.09856802639843
23.2864645833335,6.0941409428342
23.2867979166668,6.10013052647992
23.2871312500001,6.10468781838426
23.2874645833335,6.09661490129656
23.2877979166668,6.08815135918849
23.2881312500001,6.08867219254898
23.2884645833335,6.09596385959594
23.2887979166668,6.09062531765085
23.2891312500001,6.08020865044091
23.2894645833335,6.07942740040016
23.2897979166668,6.08802115084836
23.2901312500001,6.09622427627619
23.2904645833335,6.09531281789532
23.2907979166668,6.08945344258973
23.2911312500001,6.09257844275271
23.2914645833335,6.09362010947371
23.2917979166668,6.09908885975892
23.2921312500001,6.09388052615395
23.2924645833335,6.08906281756936
23.2927979166668,6.09101594267122
23.2931312500001,6.09492219287495
23.2934645833335,6.09479198453482
23.2937979166668,6.08750031748787
23.2941312500001,6.08671906744712
23.2944645833335,6.0984378180583
23.2947979166668,6.10130240154103
23.2951312500001,6.0908857343311
23.2954645833335,6.08372427562426
23.2957979166668,6.08515656736563
23.2961312500001,6.09544302623544
23.2964645833335,6.09296906777308
23.2967979166668,6.08789094250824
23.2971312500001,6.08203156720265
23.2974645833335,6.08359406728414
23.2977979166668,6.08958365092985
23.2981312500001,6.08906281756936
23.2984645833335,6.08346385894401
23.2987979166668,6.08398469230451
23.2991312500001,6.08971385926998
23.2994645833335,6.09531281789532
23.2997979166668,6.09440135951445
23.3001312500001,6.09544302623544
23.3004645833335,6.10065135984041
23.3007979166668,6.1022138599219
23.3011312500001,6.10091177652066
23.3014645833335,6.09440135951445
23.3017979166668,6.09492219287495
23.3021312500001,6.09531281789532
23.3024645833335,6.09674510963669
23.3027979166668,6.09388052615395
23.3031312500001,6.08880240088911
23.3034645833335,6.09101594267122
23.3037979166668,6.09192740105209
23.3041312500001,6.09401073449408
23.3044645833335,6.09166698437184
23.3047979166668,6.09179719271197
23.3051312500002,6.09765656801756
23.3054645833335,6.10208365158178
23.3057979166668,6.10078156818054
23.3061312500002,6.0994794847793
23.3064645833335,6.09596385959594
23.3067979166668,6.09804719303793
23.3071312500002,6.09127635935147
23.3074645833335,6.08450552566501
23.3077979166668,6.07929719206004
23.3081312500002,6.07864615035942
23.3084645833335,6.0817711505224
23.3087979166668,6.08463573400513
23.3091312500002,6.08684927578725
23.3094645833335,6.08346385894401
23.3097979166668,6.08085969214153
23.3101312500002,6.08020865044091
23.3104645833335,6.08437531732489
23.3107979166668,6.08645865076687
23.3111312500002,6.0860680257465
23.3114645833335,6.08671906744712
23.3117979166668,6.09218781773234
23.3121312500002,6.09388052615395
23.3124645833335,6.09440135951445
23.3127979166668,6.08346385894401
23.3131312500002,6.08671906744712
23.3134645833335,6.08971385926998
23.3137979166668,6.09388052615395
23.3141312500002,6.08828156752861
23.3144645833335,6.08281281724339
23.3147979166668,6.08841177586874
23.3151312500002,6.10065135984041
23.3154645833335,6.10442740170402
23.3157979166668,6.09765656801756
23.3161312500002,6.08398469230451
23.3164645833335,6.0785159420193
23.3167979166668,6.0817711505224
23.3171312500002,6.08398469230451
23.3174645833335,6.0822919838829
23.3177979166668,6.07487010849582
23.3181312500002,6.07604198355693
23.3184645833335,6.07903677537979
23.3187979166668,6.08320344226377
23.3191312500002,6.0769534419378
23.3194645833335,6.07460969181557
23.3197979166668,6.07734406695818
23.3201312500002,6.08294302558352
23.3204645833335,6.085547192386
23.3207979166668,6.07968781708041
23.3211312500002,6.07786490031867
23.3214645833335,6.07578156687669
23.3217979166668,6.07734406695818
23.3221312500002,6.07408885845507
23.3224645833335,6.06744823310874
23.3227979166668,6.06862010816985
23.3231312500002,6.07278677505383
23.3234645833335,6.08515656736563
23.3237979166668,6.08580760906625
23.3241312500002,6.08684927578725
23.3244645833335,6.08450552566501
23.3247979166668,6.08098990048166
23.3251312500002,6.0736982334347
23.3254645833335,6.06914094153035
23.3257979166668,6.07539094185631
23.3261312500002,6.08112010882178
23.3264645833335,6.0769534419378
23.3267979166668,6.06432323294575
23.3271312500002,6.06354198290501
23.3274645833335,6.07200552501308
23.3277979166668,6.08320344226377
23.3281312500002,6.0779951086588
23.3284645833335,6.06822948314948
23.3287979166668,6.06770864978898
23.3291312500002,6.07838573367917
23.3294645833335,6.08763052582799
23.3297979166668,6.08776073416812
23.3301312500002,6.08320344226377
23.3304645833335,6.08750031748787
23.3307979166668,6.09244823441259
23.3311312500002,6.0941409428342
23.3314645833335,6.09140656769159
23.3317979166669,6.08320344226377
23.3321312500002,6.08372427562426
23.3324645833335,6.08098990048166
23.3327979166668,6.0812503171619
23.3331312500002,6.07929719206004
23.3334645833335,6.07669302525756
23.3337979166669,6.07825552533905
23.3341312500002,6.07734406695818
23.3344645833335,6.07513052517607
23.3347979166669,6.07148469165259
23.3351312500002,6.07213573335321
23.3354645833335,6.07513052517607
23.3357979166669,6.07578156687669
23.3361312500002,6.07252635837358
23.3364645833335,6.07031281659147
23.3367979166669,6.07044302493159
23.3371312500002,6.07226594169333
23.3374645833335,6.07291698339395
23.3377979166669,6.07356802509457
23.3381312500002,6.07539094185631
23.3384645833335,6.07630240023718
23.3387979166669,6.0731774000742
23.3391312500002,6.06848989982973
23.3394645833335,6.06289094120439
23.3397979166669,6.065625316347
23.3401312500002,6.06796906646923
23.3404645833335,6.07057323327172
23.3407979166669,6.06822948314948
23.3411312500002,6.06653677472787
23.3414645833335,6.07408885845507
23.3417979166669,6.07643260857731
23.3421312500002,6.07356802509457
23.3424645833335,6.06250031618401
23.3427979166669,6.06289094120439
23.3431312500002,6.07291698339395
23.3434645833335,6.07617219189706
23.3437979166669,6.07421906679519
23.3441312500002,6.06796906646923
23.3444645833335,6.06627635804762
23.3447979166669,6.07265656671371
23.3451312500002,6.0769534419378
23.3454645833335,6.07994823376066
23.3457979166669,6.07460969181557
23.3461312500002,6.06901073319023
23.3464645833335,6.07487010849582
23.3467979166669,6.07942740040016
23.3471312500002,6.08268260890327
23.3474645833335,6.07187531667296
23.3477979166669,6.06692739974824
23.3481312500002,6.06575552468712
23.3484645833335,6.07213573335321
23.3487979166669,6.06601594136737
23.3491312500002,6.06093781610252
23.3494645833335,6.06484406630625
23.3497979166669,6.07786490031867
23.3501312500002,6.08190135886253
23.3504645833335,6.0731774000742
23.3507979166669,6.06223989950377
23.3511312500002,6.0651044829865
23.3514645833335,6.06783885812911
23.3517979166669,6.06809927480936
23.3521312500002,6.065625316347
23.3524645833335,6.06653677472787
23.3527979166669,6.07447948347544
23.3531312500002,6.07408885845507
23.3534645833335,6.07382844177482
23.3537979166669,6.06796906646923
23.3541312500002,6.07031281659147
23.3544645833335,6.07187531667296
23.3547979166669,6.07421906679519
23.3551312500002,6.06666698306799
23.3554645833335,6.05781281593954
23.3557979166669,6.04973989885184
23.3561312500002,6.0570315658988
23.3564645833335,6.06119823278277
23.3567979166669,6.06158885780315
23.3571312500002,6.05664094087842
23.3574645833333,6.05507844079693
23.3577979166667,6.05872427432041
23.35813125,6.06848989982973
23.3584645833333,6.07500031683594
23.3587979166667,6.08020865044091
23.35913125,6.07395865011495
23.3594645833333,6.07473990015569
23.3597979166667,6.07473990015569
23.36013125,6.08203156720265
23.3604645833333,6.08294302558352
23.3607979166667,6.08645865076687
23.36113125,6.07382844177482
23.3614645833333,6.06601594136737
23.3617979166667,6.06328156622476
23.36213125,6.06640656638774
23.3624645833333,6.06744823310874
23.3627979166667,6.05924510768091
23.36313125,6.05468781577656
23.3634645833333,6.06158885780315
23.3637979166667,6.06666698306799
23.36413125,6.06862010816985
23.3644645833333,6.06380239958526
23.3647979166667,6.06822948314948
23.36513125,6.07617219189706
23.3654645833333,6.0774742752983
23.3657979166667,6.07148469165259
23.36613125,6.06406281626551
23.3664645833333,6.06445344128588
23.3667979166667,6.06705760808836
23.36713125,6.06770864978898
23.3674645833334,6.05937531602103
23.3677979166667,6.06015656606178
23.36813125,6.06367219124513
23.3684645833333,6.06796906646923
23.3687979166667,6.06367219124513
23.36913125,6.05989614938153
23.3694645833334,6.05455760743644
23.3697979166667,6.05481802411669
23.37013125,6.05794302427967
23.3704645833334,6.06106802444265
23.3707979166667,6.05130239893333
23.37113125,6.05377635739569
23.3714645833334,6.06601594136737
23.3717979166667,6.08281281724339
23.37213125,6.07734406695818
23.3724645833334,6.06770864978898
23.3727979166667,6.05859406598029
23.37313125,6.05950552436116
23.3734645833334,6.05533885747718
23.3737979166667,6.05429719075619
23.37413125,6.05742219091917
23.3744645833334,6.05846385764016
23.3747979166667,6.05260448233457
23.37513125,6.0479169820901
23.3754645833334,6.0516930239537
23.3757979166667,6.05859406598029
23.37613125,6.05755239925929
23.3764645833334,6.05052114889259
23.3767979166667,6.0479169820901
23.37713125,6.04947948217159
23.3774645833334,6.05690135755867
23.3777979166667,6.05807323261979
23.37813125,6.05781281593954
23.3784645833334,6.05911489934079
23.3787979166667,6.06445344128588
23.37913125,6.06601594136737
23.3794645833334,6.06862010816985
23.3797979166667,6.06393260792538
23.38013125,6.06197948282352
23.3804645833334,6.05872427432041
23.3807979166667,6.05976594104141
23.38113125,6.06237010784389
23.3814645833334,6.06250031618401
23.3817979166667,6.05755239925929
23.38213125,6.05390656573582
23.3824645833334,6.05559927415743
23.3827979166667,6.07083364995197
23.38313125,6.07487010849582
23.3834645833334,6.07135448331246
23.3837979166667,6.05885448266054
23.38413125,6.05520864913706
23.3844645833334,6.05182323229383
23.3847979166667,6.05403677407594
23.38513125,6.05156281561358
23.3854645833334,6.05507844079693
23.3857979166667,6.05195344063395
23.38613125,6.05507844079693
23.3864645833334,6.05677114921855
23.3867979166667,6.05625031585805
23.38713125,6.05234406565433
23.3874645833334,6.04856802379072
23.3877979166667,6.04895864881109
23.38813125,6.05299510735495
23.3884645833334,6.05625031585805
23.3887979166667,6.06237010784389
23.38913125,6.06354198290501
23.3894645833334,6.06653677472787
23.3897979166667,6.06549510800687
23.39013125,6.06250031618401
23.3904645833334,6.05716177423892
23.3907979166667,6.05859406598029
23.39113125,6.06692739974824
23.3914645833334,6.07109406663221
23.3917979166667,6.065625316347
23.39213125,6.05898469100066
23.3924645833334,6.06067739942228
23.3927979166667,6.06588573302724
23.3931312500001,6.06184927448339
23.3934645833334,6.04752635706973
23.3937979166667,6.04557323196786
23.39413125,6.05364614905557
23.3944645833334,6.06354198290501
23.3947979166667,6.05924510768091
23.39513125,6.05520864913706
23.3954645833334,6.05351594071544
23.3957979166667,6.0516930239537
23.3961312500001,6.05104198225308
23.3964645833334,6.0522138573142
23.3967979166667,6.05664094087842
23.3971312500001,6.05312531569507
23.3974645833334,6.04518260694749
23.3977979166667,6.05052114889259
23.3981312500001,6.05768260759942
23.3984645833334,6.06289094120439
23.3987979166667,6.05833364930004
23.3991312500001,6.05963573270128
23.3994645833334,6.06627635804762
23.3997979166667,6.0688805248501
23.4001312500001,6.06263052452414
23.4004645833334,6.04895864881109
23.4007979166667,6.044661773587
23.4011312500001,6.04296906516538
23.4014645833334,6.05377635739569
23.4017979166667,6.0565107325383
23.4021312500001,6.05455760743644
23.4024645833334,6.04778677374998
23.4027979166667,6.04296906516538
23.4031312500001,6.05455760743644
23.4034645833334,6.06432323294575
23.4037979166667,6.06875031650998
23.4041312500001,6.05885448266054
23.4044645833334,6.04869823213085
23.4047979166667,6.04752635706973
23.4051312500001,6.04531281528762
23.4054645833334,6.04622427366849
23.4057979166667,6.04218781512464
23.4061312500001,6.04557323196786
23.4064645833334,6.05026073221234
23.4067979166667,6.05039094055246
23.4071312500001,6.04947948217159
23.4074645833334,6.04270864848513
23.4077979166667,6.0441409402265
23.4081312500001,6.04674510702898
23.4084645833334,6.05065135723271
23.4087979166667,6.05143260727346
23.4091312500001,6.04804719043023
23.4094645833334,6.04804719043023
23.4097979166667,6.04505239860737
23.4101312500001,6.04505239860737
23.4104645833334,6.04726594038948
23.4107979166667,6.04635448200861
23.4111312500001,6.04427114856662
23.4114645833334,6.03906281496165
23.4117979166667,6.03893260662153
23.4121312500001,6.04661489868886
23.4124645833334,6.05065135723271
23.4127979166667,6.05065135723271
23.4131312500001,6.04283885682526
23.4134645833334,6.03750031488016
23.4137979166667,6.04101594006352
23.4141312500001,6.043620106866
23.4144645833334,6.04869823213085
23.4147979166667,6.04544302362774
23.4151312500001,6.04804719043023
23.4154645833334,6.0522138573142
23.4157979166667,6.0570315658988
23.4161312500001,6.05299510735495
23.4164645833334,6.04700552370923
23.4167979166667,6.04973989885184
23.4171312500001,6.05911489934079
23.4174645833334,6.06393260792538
23.4177979166667,6.06093781610252
23.4181312500001,6.05156281561358
23.4184645833334,6.04283885682526
23.4187979166667,6.04049510670302
23.4191312500001,6.04752635706973
23.4194645833334,6.05612010751793
23.4197979166668,6.05911489934079
23.4201312500001,6.05364614905557
23.4204645833334,6.05234406565433
23.4207979166667,6.05247427399445
23.4211312500001,6.05338573237532
23.4214645833334,6.04726594038948
23.4217979166667,6.04101594006352
23.4221312500001,6.0441409402265
23.4224645833334,6.04869823213085
23.4227979166667,6.05065135723271
23.4231312500001,6.04987010719197
23.4234645833334,6.05455760743644
23.4237979166668,6.05716177423892
23.4241312500001,6.05247427399445
23.4244645833334,6.04427114856662
23.4247979166668,6.04609406532836
23.4251312500001,6.05026073221234
23.4254645833334,6.05195344063395
23.4257979166668,6.04570344030799
23.4261312500001,6.04934927383147
23.4264645833334,6.05364614905557
23.4267979166668,6.05716177423892
23.4271312500001,6.04700552370923
23.4274645833334,6.04700552370923
23.4277979166668,6.04518260694749
23.4281312500001,6.04518260694749
23.4284645833334,6.0398440650024
23.4287979166668,6.04401073188638
23.4291312500001,6.04960969051172
23.4294645833334,6.04674510702898
23.4297979166668,6.04127635674377
23.4301312500001,6.03802114824066
23.4304645833334,6.03854198160116
23.4307979166668,6.04049510670302
23.4311312500001,6.03997427334252
23.4314645833334,6.044661773587
23.4317979166668,6.04375031520613
23.4321312500001,6.03997427334252
23.4324645833334,6.03867218994128
23.4327979166668,6.03815135658078
23.4331312500001,6.03671906483942
23.4334645833334,6.03424510637706
23.4337979166668,6.03880239828141
23.4341312500001,6.0522138573142
23.4344645833334,6.05690135755867
23.4347979166668,6.0559898991778
23.4351312500001,6.05729198257905
23.4354645833334,6.05625031585805
23.4357979166668,6.05338573237532
23.4361312500001,6.04270864848513
23.4364645833334,6.04140656508389
23.4367979166668,6.04192739844439
23.4371312500001,6.04492219026724
23.4374645833334,6.04427114856662
23.4377979166668,6.04609406532836
23.4381312500001,6.05247427399445
23.4384645833334,6.06054719108215
23.4387979166668,6.05572948249756
23.4391312500001,6.04570344030799
23.4394645833334,6.04231802346476
23.4397979166668,6.04934927383147
23.4401312500001,6.06002635772165
23.4404645833334,6.0570315658988
23.4407979166668,6.05104198225308
23.4411312500001,6.04674510702898
23.4414645833334,6.04921906549134
23.4417979166668,6.05195344063395
23.4421312500001,6.04648469034874
23.4424645833334,6.03880239828141
23.4427979166668,6.03515656475793
23.4431312500001,6.03528677309805
23.4434645833334,6.04114614840364
23.4437979166668,6.04869823213085
23.4441312500001,6.05390656573582
23.4444645833334,6.05182323229383
23.4447979166668,6.04583364864811
23.4451312500001,6.03906281496165
23.4454645833334,6.04049510670302
23.4457979166668,6.04114614840364
23.4461312500001,6.03515656475793
23.4464645833334,6.02539093924861
23.4467979166668,6.02604198094923
23.4471312500001,6.03723989819991
23.4474645833334,6.04244823180488
23.4477979166668,6.03593781479867
23.4481312500001,6.03333364799619
23.4484645833334,6.04062531504315
23.4487979166668,6.04635448200861
23.4491312500001,6.04596385698824
23.4494645833334,6.04062531504315
23.4497979166668,6.04244823180488
23.4501312500001,6.05104198225308
23.4504645833335,6.05794302427967
23.4507979166668,6.05690135755867
23.4511312500001,6.04973989885184
23.4514645833335,6.04635448200861
23.4517979166668,6.04713573204936
23.4521312500001,6.04713573204936
23.4524645833335,6.04622427366849
23.4527979166668,6.04088573172339
23.4531312500001,6.04179719010426
23.4534645833335,6.03789093990054
23.4537979166668,6.04166698176414
23.4541312500001,6.04427114856662
23.4544645833335,6.0516930239537
23.4547979166668,6.0527346906747
23.4551312500001,6.05377635739569
23.4554645833335,6.0479169820901
23.4557979166668,6.04804719043023
23.4561312500001,6.0479169820901
23.4564645833335,6.05612010751793
23.4567979166668,6.05729198257905
23.4571312500001,6.05638052419818
23.4574645833335,6.0516930239537
23.4577979166668,6.04609406532836
23.4581312500001,6.03997427334252
23.4584645833335,6.02812531439122
23.4587979166668,6.02760448103072
23.4591312500001,6.03567739811842
23.4594645833335,6.04882844047097
23.4597979166668,6.05247427399445
23.4601312500001,6.0393232316419
23.4604645833335,6.03476593973755
23.4607979166668,6.04127635674377
23.4611312500001,6.04765656540985
23.4614645833335,6.04544302362774
23.4617979166668,6.03971385666227
23.4621312500001,6.03971385666227
23.4624645833335,6.04440135690675
23.4627979166668,6.04804719043023
23.4631312500001,6.04752635706973
23.4634645833335,6.04934927383147
23.4637979166668,6.04492219026724
23.4641312500001,6.04531281528762
23.4644645833335,6.03697948151967
23.4647979166668,6.03580760645855
23.4651312500001,6.03580760645855
23.4654645833335,6.04023469002277
23.4657979166668,6.04296906516538
23.4661312500001,6.0430992735055
23.4664645833335,6.04062531504315
23.4667979166668,6.03945343998203
23.4671312500001,6.03645864815917
23.4674645833335,6.03398468969681
23.4677979166668,6.03450552305731
23.4681312500001,6.04218781512464
23.4684645833335,6.04882844047097
23.4687979166668,6.04765656540985
23.4691312500001,6.03828156492091
23.4694645833335,6.03359406467644
23.4697979166668,6.03658885649929
23.4701312500001,6.04557323196786
23.4704645833335,6.04518260694749
23.4707979166668,6.0355471897783
23.4711312500001,6.02903677277209
23.4714645833335,6.03112010621408
23.4717979166668,6.03958364832215
23.4721312500001,6.04140656508389
23.4724645833335,6.03750031488016
23.4727979166668,6.03190135625482
23.4731312500001,6.03359406467644
23.4734645833335,6.03723989819991
23.4737979166668,6.03815135658078
23.4741312500002,6.02851593941159
23.4744645833335,6.02473989754799
23.4747979166668,6.03398468969681
23.4751312500001,6.04921906549134
23.4754645833335,6.05234406565433
23.4757979166668,6.04453156524687
23.4761312500002,6.03737010654004
23.4764645833335,6.0393232316419
23.4767979166668,6.04270864848513
23.4771312500001,6.03958364832215
23.4774645833335,6.0355471897783
23.4777979166668,6.03671906483942
23.4781312500002,6.04140656508389
23.4784645833335,6.04283885682526
23.4787979166668,6.03697948151967
23.4791312500002,6.03372427301656
23.4794645833335,6.03632843981905
23.4797979166668,6.03033885617333
23.4801312500002,6.02786489771097
23.4804645833335,6.03059927285358
23.4807979166668,6.03971385666227
23.4811312500002,6.044661773587
23.4814645833335,6.03632843981905
23.4817979166668,6.03750031488016
23.4821312500002,6.03763052322029
23.4824645833335,6.044661773587
23.4827979166668,6.04296906516538
23.4831312500002,6.04283885682526
23.4834645833335,6.04622427366849
23.4837979166668,6.0479169820901
23.4841312500002,6.04648469034874
23.4844645833335,6.03997427334252
23.4847979166668,6.0441409402265
23.4851312500002,6.04596385698824
23.4854645833335,6.0473961487296
23.4857979166668,6.04023469002277
23.4861312500002,6.0360680231388
23.4864645833335,6.03802114824066
23.4867979166668,6.04205760678451
23.4871312500002,6.04544302362774
23.4874645833335,6.03815135658078
23.4877979166668,6.03294302297582
23.4881312500002,6.03242218961532
23.4884645833335,6.03398468969681
23.4887979166668,6.03372427301656
23.4891312500002,6.03255239795544
23.4894645833335,6.03919302330178
23.4897979166668,6.0479169820901
23.4901312500002,6.05494823245681
23.4904645833335,6.04960969051172
23.4907979166668,6.03854198160116
23.4911312500002,6.03893260662153
23.4914645833335,6.044661773587
23.4917979166668,6.04505239860737
23.4921312500002,6.03489614807768
23.4924645833335,6.03046906451346
23.4927979166668,6.03476593973755
23.4931312500002,6.04244823180488
23.4934645833335,6.04010448168265
23.4937979166668,6.0398440650024
23.4941312500002,6.03958364832215
23.4944645833335,6.04531281528762
23.4947979166668,6.04166698176414
23.4951312500002,6.03359406467644
23.4954645833335,6.02721385601035
23.4957979166668,6.02955760613259
23.4961312500002,6.03489614807768
23.4964645833335,6.03242218961532
23.4967979166668,6.02447948086774
23.4971312500002,6.02539093924861
23.4974645833335,6.0317711479147
23.4977979166668,6.04257844014501
23.4981312500002,6.03867218994128
23.4984645833335,6.0307294811937
23.4987979166668,6.02929718945234
23.4991312500002,6.02968781447271
23.4994645833335,6.03268260629557
23.4997979166668,6.02604198094923
23.5001312500002,6.02239614742575
23.5004645833335,6.02682323098998
23.5007979166669,6.03216177293507
23.5011312500002,6.03268260629557
23.5014645833335,6.03046906451346
23.5017979166668,6.02526073090849
23.5021312500002,6.02929718945234
23.5024645833335,6.03216177293507
23.5027979166668,6.03710968985979
23.5031312500002,6.03476593973755
23.5034645833335,6.03007843949308
23.5037979166668,6.02916698111221
23.5041312500002,6.0350263564178
23.5044645833335,6.04062531504315
23.5047979166669,6.04179719010426
23.5051312500002,6.03541698143818
23.5054645833335,6.03098989787395
23.5057979166669,6.03138052289432
23.5061312500002,6.0317711479147
23.5064645833335,6.02968781447271
23.5067979166669,6.02395864750724
23.5071312500002,6.01914093892265
23.5074645833335,6.02682323098998
23.5077979166669,6.02942739779246
23.5081312500002,6.03723989819991
23.5084645833335,6.03151073123445
23.5087979166669,6.03463573139743
23.5091312500002,6.03151073123445
23.5094645833335,6.03020864783321
23.5097979166669,6.03046906451346
23.5101312500002,6.0360680231388
23.5104645833335,6.03854198160116
23.5107979166669,6.03867218994128
23.5111312500002,6.0350263564178
23.5114645833335,6.03697948151967
23.5117979166669,6.03268260629557
23.5121312500002,6.03229198127519
23.5124645833335,6.03528677309805
23.5127979166669,6.04231802346476
23.5131312500002,6.04114614840364
23.5134645833335,6.0350263564178
23.5137979166669,6.0317711479147
23.5141312500002,6.0312503145542
23.5144645833335,6.03242218961532
23.5147979166669,6.03033885617333
23.5151312500002,6.03294302297582
23.5154645833335,6.02968781447271
23.5157979166669,6.03112010621408
23.5161312500002,6.03671906483942
23.5164645833335,6.04023469002277
23.5167979166669,6.03580760645855
23.5171312500002,6.02812531439122
23.5174645833335,6.02122427236464
23.5177979166669,6.02434927252762
23.5181312500002,6.023698230827
23.5184645833335,6.03242218961532
23.5187979166669,6.03033885617333
23.5191312500002,6.03346385633631
23.5194645833335,6.0355471897783
23.5197979166669,6.04062531504315
23.5201312500002,6.03945343998203
23.5204645833335,6.0360680231388
23.5207979166669,6.03619823147892
23.5211312500002,6.03997427334252
23.5214645833335,6.03802114824066
23.5217979166669,6.03658885649929
23.5221312500002,6.03580760645855
23.5224645833335,6.04166698176414
23.5227979166669,6.04231802346476
23.5231312500002,6.04114614840364
23.5234645833335,6.04453156524687
23.5237979166669,6.04869823213085
23.5241312500002,6.04713573204936
23.5244645833335,6.0398440650024
23.5247979166669,6.04427114856662
23.5251312500002,6.0522138573142
23.5254645833335,6.05338573237532
23.5257979166669,6.04257844014501
23.5261312500002,6.04049510670302
23.5264645833335,6.04218781512464
23.5267979166669,6.04908885715122
23.5271312500002,6.04778677374998
23.5274645833335,6.05000031553209
23.5277979166669,6.04440135690675
23.52813125,6.04049510670302
23.5284645833333,6.03776073156041
23.5287979166667,6.043620106866
23.52913125,6.04114614840364
23.5294645833333,6.03567739811842
23.5297979166667,6.0307294811937
23.53013125,6.03841177326103
23.5304645833333,6.05130239893333
23.5307979166667,6.05924510768091
23.53113125,6.06106802444265
23.5314645833333,6.05403677407594
23.5317979166667,6.04895864881109
23.53213125,6.0441409402265
23.5324645833333,6.04283885682526
23.5327979166667,6.04648469034874
23.53313125,6.0484378154506
23.5334645833333,6.05065135723271
23.5337979166667,6.04778677374998
23.53413125,6.04908885715122
23.5344645833333,6.04895864881109
23.5347979166667,6.04375031520613
23.53513125,6.04192739844439
23.5354645833333,6.04231802346476
23.5357979166667,6.04557323196786
23.53613125,6.044661773587
23.5364645833334,6.04453156524687
23.5367979166667,6.04869823213085
23.53713125,6.0473961487296
23.5374645833333,6.04505239860737
23.5377979166667,6.04205760678451
23.53813125,6.04375031520613
23.5384645833334,6.04322948184563
23.5387979166667,6.03737010654004
23.53913125,6.04231802346476
23.5394645833333,6.04830760711047
23.5397979166667,6.05351594071544
23.54013125,6.04856802379072
23.5404645833334,6.04153677342401
23.5407979166667,6.0403648983629
23.54113125,6.03945343998203
23.5414645833334,6.03997427334252
23.5417979166667,6.04127635674377
23.54213125,6.04570344030799
23.5424645833334,6.0527346906747
23.5427979166667,6.04960969051172
23.54313125,6.04192739844439
23.5434645833334,6.03424510637706
23.5437979166667,6.03424510637706
23.54413125,6.03763052322029
23.5444645833334,6.03867218994128
23.5447979166667,6.0393232316419
23.54513125,6.03828156492091
23.5454645833334,6.04023469002277
23.5457979166667,6.04205760678451
23.54613125,6.04127635674377
23.5464645833334,6.03841177326103
23.5467979166667,6.03619823147892
23.54713125,6.03723989819991
23.5474645833334,6.03489614807768
23.5477979166667,6.03489614807768
23.54813125,6.03815135658078
23.5484645833334,6.03893260662153
23.5487979166667,6.03411489803693
23.54913125,6.03776073156041
23.5494645833334,6.04713573204936
23.5497979166667,6.05416698241606
23.55013125,6.04231802346476
23.5504645833334,6.03255239795544
23.5507979166667,6.02916698111221
23.55113125,6.04127635674377
23.5514645833334,6.04648469034874
23.5517979166667,6.04583364864811
23.55213125,6.03437531471718
23.5524645833334,6.03541698143818
23.5527979166667,6.04830760711047
23.55313125,6.05781281593954
23.5534645833334,6.05677114921855
23.5537979166667,6.04322948184563
23.55413125,6.03437531471718
23.5544645833334,6.03710968985979
23.5547979166667,6.04440135690675
23.55513125,6.05000031553209
23.5554645833334,6.04257844014501
23.5557979166667,6.03229198127519
23.55613125,6.03098989787395
23.5564645833334,6.03971385666227
23.5567979166667,6.05104198225308
23.55713125,6.05260448233457
23.5574645833334,6.04062531504315
23.5577979166667,6.03763052322029
23.55813125,6.03658885649929
23.5584645833334,6.04375031520613
23.5587979166667,6.0430992735055
23.55913125,6.04153677342401
23.5594645833334,6.03632843981905
23.5597979166667,6.03151073123445
23.56013125,6.02734406435047
23.5604645833334,6.02447948086774
23.5607979166667,6.02330760580662
23.56113125,6.02500031422824
23.5614645833334,6.0269534393301
23.5617979166667,6.02565135592886
23.56213125,6.02421906418749
23.5624645833334,6.02968781447271
23.5627979166667,6.03580760645855
23.56313125,6.03919302330178
23.5634645833334,6.04231802346476
23.5637979166667,6.04101594006352
23.56413125,6.03789093990054
23.5644645833334,6.03489614807768
23.5647979166667,6.03723989819991
23.56513125,6.04192739844439
23.5654645833334,6.03750031488016
23.5657979166667,6.02994823115296
23.56613125,6.02981802281283
23.5664645833334,6.0350263564178
23.5667979166667,6.03710968985979
23.56713125,6.03320343965606
23.5674645833334,6.03138052289432
23.5677979166667,6.03619823147892
23.5681312500001,6.04557323196786
23.5684645833334,6.04140656508389
23.5687979166667,6.03645864815917
23.5691312500001,6.03085968953383
23.5694645833334,6.03776073156041
23.5697979166667,6.04114614840364
23.5701312500001,6.03919302330178
23.5704645833334,6.03671906483942
23.5707979166667,6.03346385633631
23.5711312500001,6.02942739779246
23.5714645833334,6.02760448103072
23.5717979166667,6.02786489771097
23.5721312500001,6.03750031488016
23.5724645833334,6.0398440650024
23.5727979166667,6.0398440650024
23.5731312500001,6.03007843949308
23.5734645833334,6.03190135625482
23.5737979166667,6.03567739811842
23.5741312500001,6.04596385698824
23.5744645833334,6.04062531504315
23.5747979166667,6.03971385666227
23.5751312500001,6.04179719010426
23.5754645833334,6.04661489868886
23.5757979166667,6.0430992735055
23.5761312500001,6.02877635609184
23.5764645833334,6.02343781414675
23.5767979166667,6.03059927285358
23.5771312500001,6.04049510670302
23.5774645833334,6.04375031520613
23.5777979166667,6.04101594006352
23.5781312500001,6.03632843981905
23.5784645833334,6.0360680231388
23.5787979166667,6.03580760645855
23.5791312500001,6.03151073123445
23.5794645833334,6.02682323098998
23.5797979166667,6.02604198094923
23.5801312500001,6.02734406435047
23.5804645833334,6.02591177260911
23.5807979166667,6.02539093924861
23.5811312500001,6.03281281463569
23.5814645833334,6.04166698176414
23.5817979166667,6.0473961487296
23.5821312500001,6.04700552370923
23.5824645833334,6.04179719010426
23.5827979166667,6.02955760613259
23.5831312500001,6.02304718912637
23.5834645833334,6.02604198094923
23.5837979166667,6.03515656475793
23.5841312500001,6.03424510637706
23.5844645833334,6.02395864750724
23.5847979166667,6.02356802248687
23.5851312500001,6.03203156459495
23.5854645833334,6.04505239860737
23.5857979166667,6.04596385698824
23.5861312500001,6.03632843981905
23.5864645833334,6.02799510605109
23.5867979166667,6.02291698078625
23.5871312500001,6.0307294811937
23.5874645833334,6.03593781479867
23.5877979166667,6.03385448135668
23.5881312500001,6.02799510605109
23.5884645833334,6.02708364767023
23.5887979166667,6.02890656443196
23.5891312500001,6.03385448135668
23.5894645833334,6.03580760645855
23.5897979166667,6.04231802346476
23.5901312500001,6.04596385698824
23.5904645833334,6.04401073188638
23.5907979166667,6.04075552338327
23.5911312500001,6.03750031488016
23.5914645833334,6.04205760678451
23.5917979166667,6.04557323196786
23.5921312500001,6.04752635706973
23.5924645833334,6.04101594006352
23.5927979166668,6.04140656508389
23.5931312500001,6.043620106866
23.5934645833334,6.05000031553209
23.5937979166667,6.04023469002277
23.5941312500001,6.03033885617333
23.5944645833334,6.02812531439122
23.5947979166668,6.0350263564178
23.5951312500001,6.0403648983629
23.5954645833334,6.03958364832215
23.5957979166667,6.03697948151967
23.5961312500001,6.03385448135668
23.5964645833334,6.03580760645855
23.5967979166668,6.03776073156041
23.5971312500001,6.03645864815917
23.5974645833334,6.03385448135668
23.5977979166668,6.03098989787395
23.5981312500001,6.03997427334252
23.5984645833334,6.04231802346476
23.5987979166668,6.04218781512464
23.5991312500001,6.03997427334252
23.5994645833334,6.03958364832215
23.5997979166668,6.04166698176414
23.6001312500001,6.04179719010426
23.6004645833334,6.04335969018575
23.6007979166668,6.04440135690675
23.6011312500001,6.04192739844439
23.6014645833334,6.0403648983629
23.6017979166668,6.04335969018575
23.6021312500001,6.04804719043023
23.6024645833334,6.04778677374998
23.6027979166668,6.04544302362774
23.6031312500001,6.03632843981905
23.6034645833334,6.03424510637706
23.6037979166668,6.03164093957457
23.6041312500001,6.03893260662153
23.6044645833334,6.03867218994128
23.6047979166668,6.03580760645855
23.6051312500001,6.03307323131594
23.6054645833334,6.03515656475793
23.6057979166668,6.03710968985979
23.6061312500001,6.03085968953383
23.6064645833334,6.02890656443196
23.6067979166668,6.03085968953383
23.6071312500001,6.04322948184563
23.6074645833334,6.04987010719197
23.6077979166668,6.04921906549134
23.6081312500001,6.04544302362774
23.6084645833334,6.04205760678451
23.6087979166668,6.04856802379072
23.6091312500001,6.04479198192712
23.6094645833334,6.0430992735055
23.6097979166668,6.03645864815917
23.6101312500001,6.03854198160116
23.6104645833334,6.04127635674377
23.6107979166668,6.04270864848513
23.6111312500001,6.04622427366849
23.6114645833334,6.04648469034874
23.6117979166668,6.0479169820901
23.6121312500001,6.04153677342401
23.6124645833334,6.04231802346476
23.6127979166668,6.0393232316419
23.6131312500001,6.04296906516538
23.6134645833334,6.03802114824066
23.6137979166668,6.03841177326103
23.6141312500001,6.03658885649929
23.6144645833334,6.03580760645855
23.6147979166668,6.03802114824066
23.6151312500001,6.04205760678451
23.6154645833334,6.04140656508389
23.6157979166668,6.03958364832215
23.6161312500001,6.0430992735055
23.6164645833334,6.05156281561358
23.6167979166668,6.05312531569507
23.6171312500001,6.04244823180488
23.6174645833334,6.03359406467644
23.6177979166668,6.03697948151967
23.6181312500001,6.04205760678451
23.6184645833334,6.04492219026724
23.6187979166668,6.03867218994128
23.6191312500001,6.03763052322029
23.6194645833335,6.03671906483942
23.6197979166668,6.03893260662153
23.6201312500001,6.03802114824066
23.6204645833335,6.04570344030799
23.6207979166668,6.04987010719197
23.6211312500001,6.04661489868886
23.6214645833335,6.03997427334252
23.6217979166668,6.03385448135668
23.6221312500001,6.0350263564178
23.6224645833334,6.03567739811842
23.6227979166668,6.03307323131594
23.6231312500001,6.03437531471718
23.6234645833335,6.03841177326103
23.6237979166668,6.04231802346476
23.6241312500001,6.043620106866
23.6244645833335,6.04023469002277
23.6247979166668,6.04075552338327
23.6251312500001,6.04375031520613
23.6254645833335,6.04218781512464
23.6257979166668,6.03255239795544
23.6261312500001,6.01979198062327
23.6264645833335,6.02187531406526
23.6267979166668,6.04088573172339
23.6271312500001,6.05677114921855
23.6274645833335,6.05625031585805
23.6277979166668,6.04817739877035
23.6281312500001,6.0430992735055
23.6284645833335,6.04531281528762
23.6287979166668,6.04375031520613
23.6291312500001,6.04075552338327
23.6294645833335,6.04401073188638
23.6297979166668,6.05026073221234
23.6301312500001,6.05898469100066
23.6304645833335,6.05729198257905
23.6307979166668,6.05885448266054
23.6311312500001,6.05559927415743
23.6314645833335,6.05442739909631
23.6317979166668,6.044661773587
23.6321312500001,6.04700552370923
23.6324645833335,6.05247427399445
23.6327979166668,6.06471385796613
23.6331312500001,6.06093781610252
23.6334645833335,6.05299510735495
23.6337979166668,6.05091177391296
23.6341312500001,6.05690135755867
23.6344645833335,6.06367219124513
23.6347979166668,6.05546906581731
23.6351312500001,6.04505239860737
23.6354645833335,6.03828156492091
23.6357979166668,6.03333364799619
23.6361312500001,6.03632843981905
23.6364645833335,6.03437531471718
23.6367979166668,6.04231802346476
23.6371312500001,6.04518260694749
23.6374645833335,6.04895864881109
23.6377979166668,6.0516930239537
23.6381312500001,6.05208364897408
23.6384645833335,6.04882844047097
23.6387979166668,6.04726594038948
23.6391312500001,6.04700552370923
23.6394645833335,6.05455760743644
23.6397979166668,6.05351594071544
23.6401312500001,6.05091177391296
23.6404645833335,6.04687531536911
23.6407979166668,6.0479169820901
23.6411312500001,6.05351594071544
23.6414645833335,6.05533885747718
23.6417979166668,6.05390656573582
23.6421312500001,6.04518260694749
23.6424645833335,6.03671906483942
23.6427979166668,6.03541698143818
23.6431312500001,6.03789093990054
23.6434645833335,6.03919302330178
23.6437979166668,6.03411489803693
23.6441312500001,6.0317711479147
23.6444645833335,6.03945343998203
23.6447979166668,6.04622427366849
23.6451312500001,6.04830760711047
23.6454645833335,6.0473961487296
23.6457979166668,6.04335969018575
23.6461312500001,6.04609406532836
23.6464645833335,6.0479169820901
23.6467979166668,6.04804719043023
23.6471312500002,6.04817739877035
23.6474645833335,6.04817739877035
23.6477979166668,6.05416698241606
23.6481312500001,6.05494823245681
23.6484645833335,6.05143260727346
23.6487979166668,6.04375031520613
23.6491312500001,6.03763052322029
23.6494645833335,6.03763052322029
23.6497979166668,6.04101594006352
23.6501312500001,6.04531281528762
23.6504645833335,6.0473961487296
23.6507979166668,6.04804719043023
23.6511312500002,6.04375031520613
23.6514645833335,6.04401073188638
23.6517979166668,6.04921906549134
23.6521312500002,6.05195344063395
23.6524645833335,6.04505239860737
23.6527979166668,6.04127635674377
23.6531312500002,6.04635448200861
23.6534645833335,6.04856802379072
23.6537979166668,6.04700552370923
23.6541312500002,6.04205760678451
23.6544645833335,6.03359406467644
23.6547979166668,6.03242218961532
23.6551312500002,6.03346385633631
23.6554645833335,6.0398440650024
23.6557979166668,6.04010448168265
23.6561312500002,6.03658885649929
23.6564645833335,6.03971385666227
23.6567979166668,6.03893260662153
23.6571312500002,6.04479198192712
23.6574645833335,6.04388052354625
23.6577979166668,6.04335969018575
23.6581312500002,6.04244823180488
23.6584645833335,6.03828156492091
23.6587979166668,6.03684927317954
23.6591312500002,6.02929718945234
23.6594645833335,6.03658885649929
23.6597979166668,6.03919302330178
23.6601312500002,6.04062531504315
23.6604645833335,6.03528677309805
23.6607979166668,6.02539093924861
23.6611312500002,6.02330760580662
23.6614645833335,6.03112010621408
23.6617979166668,6.04895864881109
23.6621312500002,6.05677114921855
23.6624645833335,6.0532555240352
23.6627979166668,6.04700552370923
23.6631312500002,6.04661489868886
23.6634645833335,6.04531281528762
23.6637979166668,6.04283885682526
23.6641312500002,6.04010448168265
23.6644645833335,6.03450552305731
23.6647979166668,6.03619823147892
23.6651312500002,6.03893260662153
23.6654645833335,6.04296906516538
23.6657979166668,6.04153677342401
23.6661312500002,6.04388052354625
23.6664645833335,6.05091177391296
23.6667979166668,6.05572948249756
23.6671312500002,6.04934927383147
23.6674645833335,6.04114614840364
23.6677979166668,6.04114614840364
23.6681312500002,6.04908885715122
23.6684645833335,6.05742219091917
23.6687979166668,6.05156281561358
23.6691312500002,6.04531281528762
23.6694645833335,6.04401073188638
23.6697979166668,6.04440135690675
23.6701312500002,6.0430992735055
23.6704645833335,6.04140656508389
23.6707979166668,6.04153677342401
23.6711312500002,6.04570344030799
23.6714645833335,6.04388052354625
23.6717979166668,6.05000031553209
23.6721312500002,6.05572948249756
23.6724645833335,6.05638052419818
23.6727979166668,6.05442739909631
23.6731312500002,6.04166698176414
23.6734645833335,6.03997427334252
23.6737979166669,6.03450552305731
23.6741312500002,6.03958364832215
23.6744645833335,6.04270864848513
23.6747979166668,6.04635448200861
23.6751312500002,6.04687531536911
23.6754645833335,6.04348989852588
23.6757979166669,6.03997427334252
23.6761312500002,6.03919302330178
23.6764645833335,6.03632843981905
23.6767979166668,6.04062531504315
23.6771312500002,6.03906281496165
23.6774645833335,6.04257844014501
23.6777979166669,6.03684927317954
23.6781312500002,6.03645864815917
23.6784645833335,6.0393232316419
23.6787979166669,6.04635448200861
23.6791312500002,6.04700552370923
23.6794645833335,6.04088573172339
23.6797979166669,6.0355471897783
23.6801312500002,6.03776073156041
23.6804645833335,6.04570344030799
23.6807979166669,6.04960969051172
23.6811312500002,6.04960969051172
23.6814645833335,6.04388052354625
23.6817979166669,6.04583364864811
23.6821312500002,6.04635448200861
23.6824645833335,6.04687531536911
23.6827979166669,6.043620106866
23.6831312500002,6.04856802379072
23.6834645833335,6.05403677407594
23.6837979166669,6.05924510768091
23.6841312500002,6.05117219059321
23.6844645833335,6.04192739844439
23.6847979166669,6.03919302330178
23.6851312500002,6.04687531536911
23.6854645833335,6.05559927415743
23.6857979166669,6.0570315658988
23.6861312500002,6.05364614905557
23.6864645833335,6.04882844047097
23.6867979166669,6.04557323196786
23.6871312500002,6.04492219026724
23.6874645833335,6.04856802379072
23.6877979166669,6.04830760711047
23.6881312500002,6.04401073188638
23.6884645833335,6.03697948151967
23.6887979166669,6.03541698143818
23.6891312500002,6.03229198127519
23.6894645833335,6.02851593941159
23.6897979166669,6.02825552273134
23.6901312500002,6.03372427301656
23.6904645833335,6.04296906516538
23.6907979166669,6.04205760678451
23.6911312500002,6.0430992735055
23.6914645833335,6.04817739877035
23.6917979166669,6.0527346906747
23.6921312500002,6.05494823245681
23.6924645833335,6.04882844047097
23.6927979166669,6.04648469034874
23.6931312500002,6.04296906516538
23.6934645833335,6.04557323196786
23.6937979166669,6.05195344063395
23.6941312500002,6.0570315658988
23.6944645833335,6.05859406598029
23.6947979166669,6.05559927415743
23.6951312500002,6.04973989885184
23.6954645833335,6.04622427366849
23.6957979166669,6.04752635706973
23.6961312500002,6.05338573237532
23.6964645833335,6.0527346906747
23.6967979166669,6.0473961487296
23.6971312500002,6.04596385698824
23.6974645833335,6.04908885715122
23.6977979166669,6.05078156557283
23.6981312500002,6.04661489868886
23.6984645833335,6.0398440650024
23.6987979166667,6.04518260694749
23.69913125,6.05130239893333
23.6994645833333,6.06015656606178
23.6997979166667,6.05638052419818
23.70013125,6.05546906581731
23.7004645833333,6.05768260759942
23.7007979166667,6.06250031618401
23.70113125,6.05794302427967
23.7014645833333,6.04270864848513
23.7017979166667,6.03919302330178
23.70213125,6.04505239860737
23.7024645833333,6.06067739942228
23.7027979166667,6.05729198257905
23.70313125,6.05260448233457
23.7034645833333,6.05078156557283
23.7037979166667,6.05117219059321
23.70413125,6.05052114889259
23.7044645833333,6.04804719043023
23.7047979166667,6.05468781577656
23.70513125,6.05807323261979
23.7054645833333,6.05260448233457
23.7057979166667,6.04075552338327
23.70613125,6.0350263564178
23.7064645833333,6.03697948151967
23.7067979166667,6.04583364864811
23.70713125,6.05078156557283
23.7074645833333,6.05000031553209
23.7077979166667,6.04674510702898
23.70813125,6.0522138573142
23.7084645833333,6.05911489934079
23.7087979166667,6.0565107325383
23.70913125,6.04492219026724
23.7094645833334,6.0430992735055
23.7097979166667,6.05013052387221
23.71013125,6.05585969083768
23.7104645833333,6.04713573204936
23.7107979166667,6.03710968985979
23.71113125,6.03242218961532
23.7114645833334,6.0398440650024
23.7117979166667,6.04427114856662
23.71213125,6.04440135690675
23.7124645833333,6.03671906483942
23.7127979166667,6.03372427301656
23.71313125,6.03867218994128
23.7134645833334,6.044661773587
23.7137979166667,6.04674510702898
23.71413125,6.03828156492091
23.7144645833334,6.03216177293507
23.7147979166667,6.03710968985979
23.71513125,6.04492219026724
23.7154645833334,6.04921906549134
23.7157979166667,6.0403648983629
23.71613125,6.03710968985979
23.7164645833334,6.03697948151967
23.7167979166667,6.03697948151967
23.71713125,6.03450552305731
23.7174645833334,6.03671906483942
23.7177979166667,6.0473961487296
23.71813125,6.05130239893333
23.7184645833334,6.04830760711047
23.7187979166667,6.04088573172339
23.71913125,6.0403648983629
23.7194645833334,6.04622427366849
23.7197979166667,6.04882844047097
23.72013125,6.05000031553209
23.7204645833334,6.04348989852588
23.7207979166667,6.03802114824066
23.72113125,6.04023469002277
23.7214645833334,6.04908885715122
23.7217979166667,6.05755239925929
23.72213125,6.05390656573582
23.7224645833334,6.05078156557283
23.7227979166667,6.05507844079693
23.72313125,6.06158885780315
23.7234645833334,6.05872427432041
23.7237979166667,6.05130239893333
23.72413125,6.04257844014501
23.7244645833334,6.04270864848513
23.7247979166667,6.04817739877035
23.72513125,6.05625031585805
23.7254645833334,6.05312531569507
23.7257979166667,6.04388052354625
23.72613125,6.04010448168265
23.7264645833334,6.04700552370923
23.7267979166667,6.0522138573142
23.72713125,6.04908885715122
23.7274645833334,6.04401073188638
23.7277979166667,6.04075552338327
23.72813125,6.0473961487296
23.7284645833334,6.05677114921855
23.7287979166667,6.06796906646923
23.72913125,6.07200552501308
23.7294645833334,6.06406281626551
23.7297979166667,6.05507844079693
23.73013125,6.043620106866
23.7304645833334,6.04713573204936
23.7307979166667,6.0532555240352
23.73113125,6.05677114921855
23.7314645833334,6.04908885715122
23.7317979166667,6.04921906549134
23.73213125,6.05468781577656
23.7324645833334,6.05625031585805
23.7327979166667,6.04987010719197
23.73313125,6.04348989852588
23.7334645833334,6.04505239860737
23.7337979166667,6.04479198192712
23.73413125,6.04596385698824
23.7344645833334,6.04830760711047
23.7347979166667,6.04882844047097
23.73513125,6.04869823213085
23.7354645833334,6.04231802346476
23.7357979166667,6.03750031488016
23.73613125,6.03945343998203
23.7364645833334,6.04270864848513
23.7367979166667,6.04908885715122
23.7371312500001,6.04401073188638
23.7374645833334,6.04401073188638
23.7377979166667,6.04348989852588
23.7381312500001,6.05117219059321
23.7384645833334,6.05390656573582
23.7387979166667,6.05403677407594
23.7391312500001,6.05390656573582
23.7394645833334,6.05455760743644
23.7397979166667,6.05781281593954
23.7401312500001,6.0559898991778
23.7404645833334,6.06054719108215
23.7407979166667,6.05937531602103
23.7411312500001,6.05312531569507
23.7414645833334,6.04518260694749
23.7417979166667,6.04544302362774
23.7421312500001,6.05351594071544
23.7424645833334,6.05638052419818
23.7427979166667,6.05872427432041
23.7431312500001,6.05677114921855
23.7434645833334,6.06171906614327
23.7437979166667,6.06497427464638
23.7441312500001,6.06223989950377
23.7444645833334,6.06276073286426
23.7447979166667,6.0559898991778
23.7451312500001,6.0613284411229
23.7454645833334,6.06184927448339
23.7457979166667,6.06002635772165
23.7461312500001,6.05533885747718
23.7464645833334,6.05026073221234
23.7467979166667,6.05143260727346
23.7471312500001,6.05859406598029
23.7474645833334,6.06197948282352
23.7477979166667,6.06276073286426
23.7481312500001,6.05677114921855
23.7484645833334,6.05403677407594
23.7487979166667,6.05494823245681
23.7491312500001,6.0559898991778
23.7494645833334,6.05612010751793
23.7497979166667,6.04674510702898
23.7501312500001,6.03919302330178
23.7504645833334,6.04179719010426
23.7507979166667,6.0559898991778
23.7511312500001,6.065625316347
23.7514645833334,6.0570315658988
23.7517979166667,6.04882844047097
23.7521312500001,6.05091177391296
23.7524645833334,6.06380239958526
23.7527979166667,6.06549510800687
23.7531312500001,6.06171906614327
23.7534645833334,6.04882844047097
23.7537979166667,6.04674510702898
23.7541312500001,6.03893260662153
23.7544645833334,6.03684927317954
23.7547979166667,6.03515656475793
23.7551312500001,6.03450552305731
23.7554645833334,6.04114614840364
23.7557979166667,6.04127635674377
23.7561312500001,6.03958364832215
23.7564645833334,6.03020864783321
23.7567979166667,6.02942739779246
23.7571312500001,6.03593781479867
23.7574645833334,6.04375031520613
23.7577979166667,6.04257844014501
23.7581312500001,6.03906281496165
23.7584645833334,6.03229198127519
23.7587979166667,6.03151073123445
23.7591312500001,6.03437531471718
23.7594645833334,6.03190135625482
23.7597979166667,6.03190135625482
23.7601312500001,6.03372427301656
23.7604645833334,6.04218781512464
23.7607979166667,6.04596385698824
23.7611312500001,6.04023469002277
23.7614645833334,6.04114614840364
23.7617979166667,6.04492219026724
23.7621312500001,6.05065135723271
23.7624645833334,6.05312531569507
23.7627979166667,6.04596385698824
23.7631312500001,6.03971385666227
23.7634645833334,6.03723989819991
23.7637979166668,6.04375031520613
23.7641312500001,6.04765656540985
23.7644645833334,6.0441409402265
23.7647979166667,6.03906281496165
23.7651312500001,6.0360680231388
23.7654645833334,6.03385448135668
23.7657979166668,6.03085968953383
23.7661312500001,6.03020864783321
23.7664645833334,6.03802114824066
23.7667979166667,6.04257844014501
23.7671312500001,6.04765656540985
23.7674645833334,6.04231802346476
23.7677979166668,6.04505239860737
23.7681312500001,6.04895864881109
23.7684645833334,6.05065135723271
23.7687979166668,6.044661773587
23.7691312500001,6.03359406467644
23.7694645833334,6.02838573107147
23.7697979166668,6.03541698143818
23.7701312500001,6.04231802346476
23.7704645833334,6.04778677374998
23.7707979166668,6.04062531504315
23.7711312500001,6.04518260694749
23.7714645833334,6.05585969083768
23.7717979166668,6.06549510800687
23.7721312500001,6.06002635772165
23.7724645833334,6.04505239860737
23.7727979166668,6.04726594038948
23.7731312500001,6.05442739909631
23.7734645833334,6.06263052452414
23.7737979166668,6.0565107325383
23.7741312500001,6.0473961487296
23.7744645833334,6.04830760711047
23.7747979166668,6.05546906581731
23.7751312500001,6.05963573270128
23.7754645833334,6.05468781577656
23.7757979166668,6.04205760678451
23.7761312500001,6.03750031488016
23.7764645833334,6.04440135690675
23.7767979166668,6.05052114889259
23.7771312500001,6.05390656573582
23.7774645833334,6.05052114889259
23.7777979166668,6.04895864881109
23.7781312500001,6.05755239925929
23.7784645833334,6.06158885780315
23.7787979166668,6.06497427464638
23.7791312500001,6.05065135723271
23.7794645833334,6.0403648983629
23.7797979166668,6.03385448135668
23.7801312500001,6.03632843981905
23.7804645833334,6.0360680231388
23.7807979166668,6.03450552305731
23.7811312500001,6.03294302297582
23.7814645833334,6.03580760645855
23.7817979166668,6.04140656508389
23.7821312500001,6.04544302362774
23.7824645833334,6.04453156524687
23.7827979166668,6.03763052322029
23.7831312500001,6.03385448135668
23.7834645833334,6.0317711479147
23.7837979166668,6.03450552305731
23.7841312500001,6.03333364799619
23.7844645833334,6.03580760645855
23.7847979166668,6.03997427334252
23.7851312500001,6.04401073188638
23.7854645833334,6.04257844014501
23.7857979166668,6.04322948184563
23.7861312500001,6.04388052354625
23.7864645833334,6.04856802379072
23.7867979166668,6.03971385666227
23.7871312500001,6.03528677309805
23.7874645833334,6.03424510637706
23.7877979166668,6.04492219026724
23.7881312500001,6.0527346906747
23.7884645833334,6.05247427399445
23.7887979166668,6.04895864881109
23.7891312500001,6.04817739877035
23.7894645833334,6.04804719043023
23.7897979166668,6.04609406532836
23.7901312500001,6.03958364832215
23.7904645833334,6.03671906483942
23.7907979166668,6.0430992735055
23.7911312500001,6.05351594071544
23.7914645833334,6.05989614938153
23.7917979166668,6.05585969083768
23.7921312500001,6.04635448200861
23.7924645833335,6.04270864848513
23.7927979166668,6.04557323196786
23.7931312500001,6.04921906549134
23.7934645833334,6.04596385698824
23.7937979166668,6.04192739844439
23.7941312500001,6.04140656508389
23.7944645833335,6.04479198192712
23.7947979166668,6.04075552338327
23.7951312500001,6.0403648983629
23.7954645833335,6.0441409402265
23.7957979166668,6.05065135723271
23.7961312500001,6.05247427399445
23.7964645833335,6.04765656540985
23.7967979166668,6.04596385698824
23.7971312500001,6.04492219026724
23.7974645833335,6.04114614840364
23.7977979166668,6.0360680231388
23.7981312500001,6.03229198127519
23.7984645833335,6.02812531439122
23.7987979166668,6.0307294811937
23.7991312500001,6.03059927285358
23.7994645833335,6.03919302330178
23.7997979166668,6.0393232316419
23.8001312500001,6.03632843981905
23.8004645833335,6.02955760613259
23.8007979166668,6.0274742726906
23.8011312500001,6.02799510605109
23.8014645833335,6.02721385601035
23.8017979166668,6.02929718945234
23.8021312500001,6.03763052322029
23.8024645833335,6.04752635706973
23.8027979166668,6.04687531536911
23.8031312500001,6.03320343965606
23.8034645833335,6.022656564106
23.8037979166668,6.02278677244613
23.8041312500001,6.03476593973755
23.8044645833335,6.03971385666227
23.8047979166668,6.03828156492091
23.8051312500001,6.03346385633631
23.8054645833335,6.03372427301656
23.8057979166668,6.03528677309805
23.8061312500001,6.03164093957457
23.8064645833335,6.02591177260911
23.8067979166668,6.02187531406526
23.8071312500001,6.02786489771097
23.8074645833335,6.03203156459495
23.8077979166668,6.03151073123445
23.8081312500001,6.0264326059696
23.8084645833335,6.02304718912637
23.8087979166668,6.0269534393301
23.8091312500001,6.03450552305731
23.8094645833335,6.03893260662153
23.8097979166668,6.03463573139743
23.8101312500001,6.02851593941159
23.8104645833335,6.02851593941159
23.8107979166668,6.03398468969681
23.8111312500001,6.03242218961532
23.8114645833335,6.02617218928936
23.8117979166668,6.02460968920787
23.8121312500001,6.03216177293507
23.8124645833335,6.043620106866
23.8127979166668,6.04557323196786
23.8131312500001,6.03567739811842
23.8134645833335,6.02434927252762
23.8137979166668,6.02161489738501
23.8141312500001,6.03098989787395
23.8144645833335,6.03815135658078
23.8147979166668,6.03789093990054
23.8151312500001,6.03958364832215
23.8154645833335,6.03997427334252
23.8157979166668,6.04348989852588
23.8161312500001,6.03697948151967
23.8164645833335,6.02903677277209
23.8167979166668,6.02421906418749
23.8171312500001,6.01875031390227
23.8174645833335,6.02174510572513
23.8177979166668,6.023698230827
23.8181312500001,6.03385448135668
23.8184645833335,6.0403648983629
23.8187979166668,6.03815135658078
23.8191312500001,6.02630239762948
23.8194645833335,6.02408885584737
23.8197979166668,6.02786489771097
23.8201312500002,6.03593781479867
23.8204645833335,6.03828156492091
23.8207979166668,6.03359406467644
23.8211312500002,6.0264326059696
23.8214645833335,6.02343781414675
23.8217979166668,6.02487010588811
23.8221312500002,6.03138052289432
23.8224645833335,6.02304718912637
23.8227979166668,6.02070343900414
23.8231312500002,6.02057323066401
23.8234645833335,6.02447948086774
23.8237979166668,6.02187531406526
23.8241312500002,6.01419302199793
23.8244645833335,6.01445343867817
23.8247979166668,6.02148468904488
23.8251312500002,6.02799510605109
23.8254645833335,6.02734406435047
23.8257979166668,6.02304718912637
23.8261312500002,6.02070343900414
23.8264645833335,6.02591177260911
23.8267979166668,6.02617218928936
23.8271312500002,6.02721385601035
23.8274645833335,6.02070343900414
23.8277979166668,6.02200552240538
23.8281312500002,6.02447948086774
23.8284645833335,6.03164093957457
23.8287979166668,6.03098989787395
23.8291312500002,6.02929718945234
23.8294645833335,6.01692739714053
23.8297979166668,6.01536489705905
23.8301312500002,6.01757843884116
23.8304645833335,6.02825552273134
23.8307979166668,6.03229198127519
23.8311312500002,6.02539093924861
23.8314645833335,6.01757843884116
23.8317979166668,6.01562531373929
23.8321312500002,6.01992218896339
23.8324645833335,6.02786489771097
23.8327979166668,6.02968781447271
23.8331312500002,6.03489614807768
23.8334645833335,6.03645864815917
23.8337979166668,6.04114614840364
23.8341312500002,6.04322948184563
23.8344645833335,6.04492219026724
23.8347979166668,6.03880239828141
23.8351312500002,6.03841177326103
23.8354645833335,6.03359406467644
23.8357979166668,6.03528677309805
23.8361312500002,6.02903677277209
23.8364645833335,6.02656281430973
23.8367979166668,6.0269534393301
23.8371312500002,6.02591177260911
23.8374645833335,6.02226593908563
23.8377979166668,6.02005239730352
23.8381312500002,6.02604198094923
23.8384645833335,6.03893260662153
23.8387979166668,6.03997427334252
23.8391312500002,6.02838573107147
23.8394645833335,6.01875031390227
23.8397979166668,6.0221357307455
23.8401312500002,6.02864614775172
23.8404645833335,6.02981802281283
23.8407979166668,6.02148468904488
23.8411312500002,6.01848989722203
23.8414645833335,6.02096385568439
23.8417979166668,6.023698230827
23.8421312500002,6.01979198062327
23.8424645833335,6.01796906386153
23.8427979166668,6.01875031390227
23.8431312500002,6.02174510572513
23.8434645833335,6.01692739714053
23.8437979166668,6.01354198029731
23.8441312500002,6.02096385568439
23.8444645833335,6.03020864783321
23.8447979166668,6.0355471897783
23.8451312500002,6.02578156426898
23.8454645833335,6.01367218863743
23.8457979166668,6.00924510507321
23.8461312500002,6.01367218863743
23.8464645833335,6.02018260564364
23.8467979166669,6.02031281398376
23.8471312500002,6.0231773974665
23.8474645833335,6.02500031422824
23.8477979166669,6.02760448103072
23.8481312500002,6.02252635576588
23.8484645833335,6.02278677244613
23.8487979166669,6.02487010588811
23.8491312500002,6.03320343965606
23.8494645833335,6.03372427301656
23.8497979166668,6.03229198127519
23.8501312500002,6.02447948086774
23.8504645833335,6.01862010556215
23.8507979166669,6.02057323066401
23.8511312500002,6.02356802248687
23.8514645833335,6.02773468937085
23.8517979166669,6.02343781414675
23.8521312500002,6.02382843916712
23.8524645833335,6.02812531439122
23.8527979166669,6.02773468937085
23.8531312500002,6.0269534393301
23.8534645833335,6.02356802248687
23.8537979166669,6.02161489738501
23.8541312500002,6.01796906386153
23.8544645833335,6.01184927187569
23.8547979166669,6.01380239697755
23.8551312500002,6.0221357307455
23.8554645833335,6.02473989754799
23.8557979166669,6.02460968920787
23.8561312500002,6.02343781414675
23.8564645833335,6.03033885617333
23.8567979166669,6.0355471897783
23.8571312500002,6.02968781447271
23.8574645833335,6.02148468904488
23.8577979166669,6.02018260564364
23.8581312500002,6.023698230827
23.8584645833335,6.02460968920787
23.8587979166669,6.02096385568439
23.8591312500002,6.02044302232389
23.8594645833335,6.02617218928936
23.8597979166669,6.03138052289432
23.8601312500002,6.0355471897783
23.8604645833335,6.03424510637706
23.8607979166669,6.02955760613259
23.8611312500002,6.02473989754799
23.8614645833335,6.01979198062327
23.8617979166669,6.01783885552141
23.8621312500002,6.0097659384337
23.8624645833335,6.00494822984911
23.8627979166669,6.00677114661085
23.8631312500002,6.01484406369855
23.8634645833335,6.02591177260911
23.8637979166669,6.02825552273134
23.8641312500002,6.02708364767023
23.8644645833335,6.02760448103072
23.8647979166669,6.02526073090849
23.8651312500002,6.02630239762948
23.8654645833335,6.02044302232389
23.8657979166669,6.02200552240538
23.8661312500002,6.02057323066401
23.8664645833335,6.01783885552141
23.8667979166669,6.0097659384337
23.8671312500002,6.01002635511395
23.8674645833335,6.01575552207942
23.8677979166669,6.02552114758873
23.8681312500002,6.02278677244613
23.8684645833335,6.01783885552141
23.8687979166669,6.01549510539917
23.8691312500002,6.02044302232389
23.8694645833333,6.02669302264985
23.8697979166667,6.02656281430973
23.87013125,6.02656281430973
23.8704645833333,6.02252635576588
23.8707979166667,6.01692739714053
23.87113125,6.01341177195718
23.8714645833333,6.01106802183494
23.8717979166667,6.00963573009358
23.87213125,6.00273468806699
23.8724645833333,6.00156281300588
23.8727979166667,6.00924510507321
23.87313125,6.01809927220165
23.8734645833333,6.01901073058252
23.8737979166667,6.01250031357631
23.87413125,6.01132843851519
23.8744645833333,6.01419302199793
23.8747979166667,6.01393260531768
23.87513125,6.00989614677383
23.8754645833333,6.00703156329109
23.8757979166667,6.00963573009358
23.87613125,6.01562531373929
23.8764645833333,6.01757843884116
23.8767979166667,6.01875031390227
23.87713125,6.01705760548066
23.8774645833334,6.02187531406526
23.8777979166667,6.02591177260911
23.87813125,6.0307294811937
23.8784645833333,6.02656281430973
23.8787979166667,6.01979198062327
23.87913125,6.01250031357631
23.8794645833333,6.01341177195718
23.8797979166667,6.01250031357631
23.88013125,6.01419302199793
23.8804645833333,6.0151044803788
23.8807979166667,6.02356802248687
23.88113125,6.02343781414675
23.8814645833334,6.02161489738501
23.8817979166667,6.01875031390227
23.88213125,6.02057323066401
23.8824645833334,6.01588573041954
23.8827979166667,6.01914093892265
23.88313125,6.01757843884116
23.8834645833334,6.02148468904488
23.8837979166667,6.01614614709979
23.88413125,6.01393260531768
23.8844645833334,6.01184927187569
23.8847979166667,6.00924510507321
23.88513125,6.01184927187569
23.8854645833334,6.00859406337258
23.8857979166667,6.00455760482873
23.88613125,6.00989614677383
23.8864645833334,6.02109406402451
23.8867979166667,6.02591177260911
23.88713125,6.01471385535842
23.8874645833334,6.0059898965701
23.8877979166667,6.00989614677383
23.88813125,6.02070343900414
23.8884645833334,6.02447948086774
23.8887979166667,6.02096385568439
23.88913125,6.01705760548066
23.8894645833334,6.0194013556029
23.8897979166667,6.01783885552141
23.89013125,6.01328156361706
23.8904645833334,6.01354198029731
23.8907979166667,6.0188805222424
23.89113125,6.02617218928936
23.8914645833334,6.01653677212016
23.8917979166667,6.01562531373929
23.89213125,6.01250031357631
23.8924645833334,6.02161489738501
23.8927979166667,6.01575552207942
23.89313125,6.00742218831147
23.8934645833334,6.00247427138675
23.8937979166667,6.00585968822998
23.89413125,6.00963573009358
23.8944645833334,6.0097659384337
23.8947979166667,6.00781281333184
23.89513125,6.01237010523619
23.8954645833334,6.02057323066401
23.8957979166667,6.02708364767023
23.89613125,6.02708364767023
23.8964645833334,6.02291698078625
23.8967979166667,6.01966177228314
23.89713125,6.02174510572513
23.8974645833334,6.02122427236464
23.8977979166667,6.01809927220165
23.89813125,6.01276073025656
23.8984645833334,6.00794302167196
23.8987979166667,6.0054690632096
23.89913125,6.00924510507321
23.8994645833334,6.01015656345408
23.8997979166667,6.01210968855594
23.90013125,6.00703156329109
23.9004645833334,6.00794302167196
23.9007979166667,6.01497427203867
23.90113125,6.02565135592886
23.9014645833334,6.02864614775172
23.9017979166667,6.02109406402451
23.90213125,6.00937531341333
23.9024645833334,6.01171906353557
23.9027979166667,6.02174510572513
23.90313125,6.02721385601035
23.9034645833334,6.022656564106
23.9037979166667,6.0151044803788
23.9041312500001,6.01848989722203
23.9044645833334,6.02421906418749
23.9047979166667,6.02760448103072
23.90513125,6.02473989754799
23.9054645833334,6.02473989754799
23.9057979166667,6.0221357307455
23.90613125,6.02500031422824
23.9064645833334,6.02252635576588
23.9067979166667,6.02187531406526
23.90713125,6.01315135527693
23.9074645833334,6.00768260499172
23.9077979166667,6.00950552175345
23.9081312500001,6.0183596888819
23.9084645833334,6.02096385568439
23.9087979166667,6.01549510539917
23.9091312500001,6.00690135495097
23.9094645833334,6.01002635511395
23.9097979166667,6.01575552207942
23.9101312500001,6.01992218896339
23.9104645833334,6.01549510539917
23.9107979166667,6.01171906353557
23.9111312500001,6.00507843818923
23.9114645833334,6.00377635478799
23.9117979166667,6.00065135462501
23.9121312500001,6.00846385503246
23.9124645833334,6.0151044803788
23.9127979166667,6.01953156394302
23.9131312500001,6.01497427203867
23.9134645833334,6.00963573009358
23.9137979166667,6.01562531373929
23.9141312500001,6.01901073058252
23.9144645833334,6.01471385535842
23.9147979166667,6.00104197964538
23.9151312500001,5.99726593778178
23.9154645833334,6.00820343835221
23.9157979166667,6.01848989722203
23.9161312500001,6.0194013556029
23.9164645833334,6.01289093859668
23.9167979166667,6.00898468839296
23.9171312500001,6.00911489673308
23.9174645833334,6.01119823017507
23.9177979166667,6.01237010523619
23.9181312500001,6.01002635511395
23.9184645833334,6.00494822984911
23.9187979166667,6.01223989689606
23.9191312500001,6.02135448070476
23.9194645833334,6.02838573107147
23.9197979166667,6.01614614709979
23.9201312500001,6.01041698013432
23.9204645833334,6.00442739648861
23.9207979166667,6.01250031357631
23.9211312500001,6.01380239697755
23.9214645833334,6.01184927187569
23.9217979166667,6.00846385503246
23.9221312500001,6.00755239665159
23.9224645833334,6.01367218863743
23.9227979166667,6.01627635543991
23.9231312500001,6.01744823050103
23.9234645833334,6.01770864718128
23.9237979166667,6.01523468871892
23.9241312500001,6.01523468871892
23.9244645833334,6.01145864685532
23.9247979166667,6.00625031325035
23.9251312500001,6.00625031325035
23.9254645833334,6.00612010491022
23.9257979166667,6.01054718847445
23.9261312500001,6.01171906353557
23.9264645833334,6.01289093859668
23.9267979166667,6.0145836470183
23.9271312500001,6.01067739681457
23.9274645833334,6.00937531341333
23.9277979166667,6.00638052159047
23.9281312500001,6.01393260531768
23.9284645833334,6.02552114758873
23.9287979166667,6.03033885617333
23.9291312500001,6.02109406402451
23.9294645833334,6.01484406369855
23.9297979166667,6.01744823050103
23.9301312500001,6.02252635576588
23.9304645833334,6.01822948054178
23.9307979166667,6.01380239697755
23.9311312500001,6.00937531341333
23.9314645833334,6.01067739681457
23.9317979166668,6.01315135527693
23.9321312500001,6.01809927220165
23.9324645833334,6.01953156394302
23.9327979166667,6.01237010523619
23.9331312500001,6.01119823017507
23.9334645833334,6.00104197964538
23.9337979166668,5.99778677114227
23.9341312500001,5.99570343770029
23.9344645833334,6.00078156296513
23.9347979166667,6.00052114628488
23.9351312500001,5.99778677114227
23.9354645833334,5.99661489608116
23.9357979166668,6.00364614644786
23.9361312500001,6.00638052159047
23.9364645833334,6.00755239665159
23.9367979166668,6.00690135495097
23.9371312500001,6.00729197997134
23.9374645833334,6.01445343867817
23.9377979166668,6.01653677212016
23.9381312500001,6.01757843884116
23.9384645833334,6.0102867717942
23.9387979166668,6.01067739681457
23.9391312500001,6.01471385535842
23.9394645833334,6.01822948054178
23.9397979166668,6.02200552240538
23.9401312500001,6.02343781414675
23.9404645833334,6.03359406467644
23.9407979166668,6.02890656443196
23.9411312500001,6.01966177228314
23.9414645833334,6.0140628136578
23.9417979166668,6.01523468871892
23.9421312500001,6.02252635576588
23.9424645833334,6.023698230827
23.9427979166668,6.02460968920787
23.9431312500001,6.01953156394302
23.9434645833334,6.01731802216091
23.9437979166668,6.01484406369855
23.9441312500001,6.01653677212016
23.9444645833334,6.01250031357631
23.9447979166668,6.01119823017507
23.9451312500001,6.01223989689606
23.9454645833334,6.01328156361706
23.9457979166668,6.01575552207942
23.9461312500001,6.01640656378004
23.9464645833334,6.01041698013432
23.9467979166668,6.00768260499172
23.9471312500001,6.00286489640712
23.9474645833334,6.01119823017507
23.9477979166668,6.0188805222424
23.9481312500001,6.01914093892265
23.9484645833334,6.01523468871892
23.9487979166668,6.0059898965701
23.9491312500001,6.00807323001209
23.9494645833334,6.0102867717942
23.9497979166668,6.01119823017507
23.9501312500001,6.01223989689606
23.9504645833334,6.01822948054178
23.9507979166668,6.02109406402451
23.9511312500001,6.0183596888819
23.9514645833334,6.00664093827072
23.9517979166668,6.00559927154973
23.9521312500001,6.01289093859668
23.9524645833334,6.02200552240538
23.9527979166668,6.01979198062327
23.9531312500001,6.01263052191644
23.9534645833334,6.00585968822998
23.9537979166668,6.0102867717942
23.9541312500001,6.01562531373929
23.9544645833334,6.01757843884116
23.9547979166668,6.01536489705905
23.9551312500001,6.01354198029731
23.9554645833334,6.01783885552141
23.9557979166668,6.02187531406526
23.9561312500001,6.02044302232389
23.9564645833334,6.01445343867817
23.9567979166668,6.00703156329109
23.9571312500001,6.00351593810774
23.9574645833334,6.00377635478799
23.9577979166668,6.00677114661085
23.9581312500001,6.00677114661085
23.9584645833335,6.01002635511395
23.9587979166668,6.01354198029731
23.9591312500001,6.01171906353557
23.9594645833334,6.00429718814849
23.9597979166668,5.99752635446203
23.9601312500001,6.00520864652935
23.9604645833335,6.01966177228314
23.9607979166668,6.02773468937085
23.9611312500001,6.02799510605109
23.9614645833334,6.01862010556215
23.9617979166668,6.01783885552141
23.9621312500001,6.01562531373929
23.9624645833335,6.01718781382078
23.9627979166668,6.01184927187569
23.9631312500001,6.01380239697755
23.9634645833335,6.0183596888819
23.9637979166668,6.0231773974665
23.9641312500001,6.02565135592886
23.9644645833335,6.0183596888819
23.9647979166668,6.01497427203867
23.9651312500001,6.01119823017507
23.9654645833335,6.01562531373929
23.9657979166668,6.01979198062327
23.9661312500001,6.01966177228314
23.9664645833335,6.01067739681457
23.9667979166668,6.00716177163122
23.9671312500001,6.01484406369855
23.9674645833335,6.03268260629557
23.9677979166668,6.03671906483942
23.9681312500001,6.0312503145542
23.9684645833335,6.02395864750724
23.9687979166668,6.02721385601035
23.9691312500001,6.03138052289432
23.9694645833335,6.02447948086774
23.9697979166668,6.01380239697755
23.9701312500001,6.00377635478799
23.9704645833335,6.00859406337258
23.9707979166668,6.01054718847445
23.9711312500001,6.01315135527693
23.9714645833335,6.01119823017507
23.9717979166668,6.01380239697755
23.9721312500001,6.01979198062327
23.9724645833335,6.02473989754799
23.9727979166668,6.02226593908563
23.9731312500001,6.01718781382078
23.9734645833335,6.00716177163122
23.9737979166668,6.01002635511395
23.9741312500001,6.01393260531768
23.9744645833335,6.01705760548066
23.9747979166668,6.0097659384337
23.9751312500001,6.0059898965701
23.9754645833335,6.01197948021582
23.9757979166668,6.01953156394302
23.9761312500001,6.01744823050103
23.9764645833335,6.01367218863743
23.9767979166668,6.01002635511395
23.9771312500001,6.0145836470183
23.9774645833335,6.01875031390227
23.9777979166668,6.01822948054178
23.9781312500001,6.01263052191644
23.9784645833335,6.0065107299306
23.9787979166668,6.01054718847445
23.9791312500001,6.01614614709979
23.9794645833335,6.01328156361706
23.9797979166668,6.00247427138675
23.9801312500001,5.99531281267991
23.9804645833335,6.00299510474724
23.9807979166668,6.01927114726277
23.9811312500001,6.02447948086774
23.9814645833335,6.01367218863743
23.9817979166668,6.00091177130526
23.9821312500001,5.99609406272066
23.9824645833335,6.00286489640712
23.9827979166668,6.00807323001209
23.9831312500001,6.01184927187569
23.9834645833335,6.01341177195718
23.9837979166668,6.01250031357631
23.9841312500001,6.01666698046029
23.9844645833335,6.01783885552141
23.9847979166668,6.02278677244613
23.9851312500001,6.01757843884116
23.9854645833335,6.01744823050103
23.9857979166668,6.01601593875967
23.9861312500001,6.01953156394302
23.9864645833335,6.01992218896339
23.9867979166668,6.02018260564364
23.9871312500001,6.01653677212016
23.9874645833335,6.0188805222424
23.9877979166668,6.01731802216091
23.9881312500001,6.02018260564364
23.9884645833335,6.01393260531768
23.9887979166668,6.00820343835221
23.9891312500001,6.00260447972687
23.9894645833335,6.00507843818923
23.9897979166668,6.01328156361706
23.9901312500002,6.01705760548066
23.9904645833335,6.01575552207942
23.9907979166668,6.01302114693681
23.9911312500002,6.01315135527693
23.9914645833335,6.01380239697755
23.9917979166668,6.01302114693681
23.9921312500002,6.01549510539917
23.9924645833335,6.01341177195718
23.9927979166668,6.00963573009358
23.9931312500002,5.99934927122376
23.9934645833335,5.9984378128429
23.9937979166668,6.00520864652935
23.9941312500002,6.01471385535842
23.9944645833335,6.01210968855594
23.9947979166668,6.00898468839296
23.9951312500002,6.00533885486948
23.9954645833335,6.01380239697755
23.9957979166668,6.01614614709979
23.9961312500002,6.01862010556215
23.9964645833335,6.01289093859668
23.9967979166668,6.00911489673308
23.9971312500002,6.01367218863743
23.9974645833335,6.01627635543991
23.9977979166668,6.02122427236464
23.9981312500002,6.01367218863743
23.9984645833335,6.00937531341333
23.9987979166668,6.00638052159047
23.9991312500002,6.00507843818923
23.9994645833335,6.00468781316886
23.9997979166668,6.00182322968613
24.0001312500002,6.00130239632563
24.0004645833335,6.0097659384337
24.0007979166668,6.01237010523619
24.0011312500002,6.02356802248687
24.0014645833335,6.0231773974665
24.0017979166668,6.02187531406526
24.0021312500002,6.00859406337258
24.0024645833335,6.00312531308737
24.0027979166668,6.00794302167196
24.0031312500002,6.01237010523619
24.0034645833335,6.01315135527693
24.0037979166668,6.01002635511395
24.0041312500002,6.00664093827072
24.0044645833335,6.01158885519544
24.0047979166668,6.01380239697755
24.0051312500002,6.0183596888819
24.0054645833335,6.01328156361706
24.0057979166668,6.00859406337258
24.0061312500002,6.01106802183494
24.0064645833335,6.01119823017507
24.0067979166668,6.01445343867817
24.0071312500002,6.01393260531768
24.0074645833335,6.01549510539917
24.0077979166668,6.01614614709979
24.0081312500002,6.01523468871892
24.0084645833335,6.01731802216091
24.0087979166668,6.01796906386153
24.0091312500002,6.01302114693681
24.0094645833335,6.00885448005283
24.0097979166668,6.00481802150898
24.0101312500002,6.00794302167196
24.0104645833335,6.01250031357631
24.0107979166668,6.0194013556029
24.0111312500002,6.02434927252762
24.0114645833335,6.02135448070476
24.0117979166668,6.01640656378004
24.0121312500002,6.01197948021582
24.0124645833335,6.01054718847445
24.0127979166669,6.00937531341333
24.0131312500002,6.00729197997134
24.0134645833335,6.00885448005283
24.0137979166668,6.01119823017507
24.0141312500002,6.01497427203867
24.0144645833335,6.0102867717942
24.0147979166669,6.00846385503246
24.0151312500002,6.00768260499172
24.0154645833335,6.01966177228314
24.0157979166668,6.02669302264985
24.0161312500002,6.02135448070476
24.0164645833335,6.00690135495097
24.0167979166669,6.00703156329109
24.0171312500002,6.0145836470183
24.0174645833335,6.01822948054178
24.0177979166669,6.00794302167196
24.0181312500002,6.00234406304662
24.0184645833335,6.00781281333184
24.0187979166669,6.01250031357631
24.0191312500002,6.00937531341333
24.0194645833335,5.9968753127614
24.0197979166669,5.99505239599967
24.0201312500002,6.00299510474724
24.0204645833335,6.01184927187569
24.0207979166669,6.01289093859668
24.0211312500002,6.00403677146824
24.0214645833335,6.00091177130526
24.0217979166669,6.00156281300588
24.0221312500002,6.00703156329109
24.0224645833335,6.00781281333184
24.0227979166669,6.00312531308737
24.0231312500002,5.99609406272066
24.0234645833335,5.99869822952314
24.0237979166669,6.00638052159047
24.0241312500002,6.01796906386153
24.0244645833335,6.01367218863743
24.0247979166669,6.00963573009358
24.0251312500002,6.00937531341333
24.0254645833335,6.01679718880041
24.0257979166669,6.02200552240538
24.0261312500002,6.01692739714053
24.0264645833335,6.00833364669234
24.0267979166669,6.00273468806699
24.0271312500002,6.00794302167196
24.0274645833335,6.01471385535842
24.0277979166669,6.01197948021582
24.0281312500002,6.00377635478799
24.0284645833335,6.00612010491022
24.0287979166669,6.01744823050103
24.0291312500002,6.01992218896339
24.0294645833335,6.01393260531768
24.0297979166669,6.00572947988985
24.0301312500002,6.00950552175345
24.0304645833335,6.01471385535842
24.0307979166669,6.01237010523619
24.0311312500002,6.01276073025656
24.0314645833335,6.01197948021582
24.0317979166669,6.01445343867817
24.0321312500002,6.01497427203867
24.0324645833335,6.0188805222424
24.0327979166669,6.02174510572513
24.0331312500002,6.02447948086774
24.0334645833335,6.02513052256836
24.0337979166669,6.02682323098998
24.0341312500002,6.01953156394302
24.0344645833335,6.01484406369855
24.0347979166669,6.01210968855594
24.0351312500002,6.02057323066401
24.0354645833335,6.01796906386153
24.0357979166669,6.02187531406526
24.0361312500002,6.01614614709979
24.0364645833335,6.02421906418749
24.0367979166669,6.02408885584737
24.0371312500002,6.02135448070476
24.0374645833335,6.01315135527693
24.0377979166669,6.0140628136578
24.0381312500002,6.01979198062327
24.0384645833335,6.02304718912637
24.0387979166669,6.01523468871892
24.0391312500002,6.00468781316886
24.0394645833335,6.00286489640712
24.0397979166669,6.00872427171271
24.04013125,6.01601593875967
24.0404645833333,6.02187531406526
24.0407979166667,6.01822948054178
24.04113125,6.01953156394302
24.0414645833333,6.01627635543991
24.0417979166667,6.01796906386153
24.04213125,6.01562531373929
24.0424645833333,6.01093781349482
24.0427979166667,6.01093781349482
24.04313125,6.01640656378004
24.0434645833333,6.02031281398376
24.0437979166667,6.01484406369855
24.04413125,6.0097659384337
24.0444645833333,6.01614614709979
24.0447979166667,6.02447948086774
24.04513125,6.02708364767023
24.0454645833333,6.02018260564364
24.0457979166667,6.01223989689606
24.04613125,6.00833364669234
24.0464645833333,6.00716177163122
24.0467979166667,6.01132843851519
24.04713125,6.01640656378004
24.0474645833333,6.02109406402451
24.0477979166667,6.02291698078625
24.04813125,6.02500031422824
24.0484645833334,6.03033885617333
24.0487979166667,6.02916698111221
24.04913125,6.02460968920787
24.0494645833333,6.02226593908563
24.0497979166667,6.02434927252762
24.05013125,6.02617218928936
24.0504645833334,6.02356802248687
24.0507979166667,6.02070343900414
24.05113125,6.01809927220165
24.0514645833333,6.01484406369855
24.0517979166667,6.01171906353557
24.05213125,6.01679718880041
24.0524645833334,6.01289093859668
24.0527979166667,6.01106802183494
24.05313125,6.0022138547065
24.0534645833334,6.00742218831147
24.0537979166667,6.00950552175345
24.05413125,6.00846385503246
24.0544645833334,6.00156281300588
24.0547979166667,6.00052114628488
24.05513125,6.00585968822998
24.0554645833334,6.01757843884116
24.0557979166667,6.02356802248687
24.05613125,6.0221357307455
24.0564645833334,6.01341177195718
24.0567979166667,6.00716177163122
24.05713125,6.00638052159047
24.0574645833334,6.00937531341333
24.0577979166667,6.01132843851519
24.05813125,6.01302114693681
24.0584645833334,6.01523468871892
24.0587979166667,6.01822948054178
24.05913125,6.01640656378004
24.0594645833334,6.01041698013432
24.0597979166667,6.00481802150898
24.06013125,6.00625031325035
24.0604645833334,6.00911489673308
24.0607979166667,6.01171906353557
24.06113125,6.01263052191644
24.0614645833334,6.01184927187569
24.0617979166667,6.00989614677383
24.06213125,6.00416697980836
24.0624645833334,6.00781281333184
24.0627979166667,6.01992218896339
24.06313125,6.02760448103072
24.0634645833334,6.02330760580662
24.0637979166667,6.01718781382078
24.06413125,6.0221357307455
24.0644645833334,6.02682323098998
24.0647979166667,6.02161489738501
24.06513125,6.00807323001209
24.0654645833334,6.00130239632563
24.0657979166667,6.00572947988985
24.06613125,6.01119823017507
24.0664645833334,6.01497427203867
24.0667979166667,6.01197948021582
24.06713125,6.00950552175345
24.0674645833334,6.01184927187569
24.0677979166667,6.02161489738501
24.06813125,6.0317711479147
24.0684645833334,6.03164093957457
24.0687979166667,6.02070343900414
24.06913125,6.01757843884116
24.0694645833334,6.02031281398376
24.0697979166667,6.02343781414675
24.07013125,6.02187531406526
24.0704645833334,6.02278677244613
24.0707979166667,6.03346385633631
24.07113125,6.0350263564178
24.0714645833334,6.03059927285358
24.0717979166667,6.02343781414675
24.07213125,6.01809927220165
24.0724645833334,6.01901073058252
24.0727979166667,6.0194013556029
24.07313125,6.02382843916712
24.0734645833334,6.02044302232389
24.0737979166667,6.02161489738501
24.07413125,6.01757843884116
24.0744645833334,6.02226593908563
24.0747979166667,6.01862010556215
24.07513125,6.02473989754799
24.0754645833334,6.02812531439122
24.0757979166667,6.02942739779246
24.07613125,6.02356802248687
24.0764645833334,6.02200552240538
24.0767979166667,6.02408885584737
24.0771312500001,6.0264326059696
24.0774645833334,6.02617218928936
24.0777979166667,6.02734406435047
24.0781312500001,6.02942739779246
24.0784645833334,6.02161489738501
24.0787979166667,6.01705760548066
24.0791312500001,6.02421906418749
24.0794645833334,6.03307323131594
24.0797979166667,6.03437531471718
24.0801312500001,6.02721385601035
24.0804645833334,6.02513052256836
24.0807979166667,6.03359406467644
24.0811312500001,6.03723989819991
24.0814645833334,6.03424510637706
24.0817979166667,6.02812531439122
24.0821312500001,6.02330760580662
24.0824645833334,6.0274742726906
24.0827979166667,6.03020864783321
24.0831312500001,6.03268260629557
24.0834645833334,6.02942739779246
24.0837979166667,6.02773468937085
24.0841312500001,6.03411489803693
24.0844645833334,6.03997427334252
24.0847979166667,6.04140656508389
24.0851312500001,6.04062531504315
24.0854645833334,6.0307294811937
24.0857979166667,6.02460968920787
24.0861312500001,6.0188805222424
24.0864645833334,6.02617218928936
24.0867979166667,6.03320343965606
24.0871312500001,6.03307323131594
24.0874645833334,6.02617218928936
24.0877979166667,6.0183596888819
24.0881312500001,6.02057323066401
24.0884645833334,6.02669302264985
24.0887979166667,6.03229198127519
24.0891312500001,6.02226593908563
24.0894645833334,6.02161489738501
24.0897979166667,6.01901073058252
24.0901312500001,6.02513052256836
24.0904645833334,6.01953156394302
24.0907979166667,6.01614614709979
24.0911312500001,6.0221357307455
24.0914645833334,6.02786489771097
24.0917979166667,6.02682323098998
24.0921312500001,6.01692739714053
24.0924645833334,6.01276073025656
24.0927979166667,6.01848989722203
24.0931312500001,6.02981802281283
24.0934645833334,6.03333364799619
24.0937979166667,6.03242218961532
24.0941312500001,6.03190135625482
24.0944645833334,6.03281281463569
24.0947979166667,6.03033885617333
24.0951312500001,6.02487010588811
24.0954645833334,6.02487010588811
24.0957979166667,6.03541698143818
24.0961312500001,6.04492219026724
24.0964645833334,6.05143260727346
24.0967979166667,6.04661489868886
24.0971312500001,6.0360680231388
24.0974645833334,6.03164093957457
24.0977979166667,6.03424510637706
24.0981312500001,6.03880239828141
24.0984645833334,6.03216177293507
24.0987979166667,6.02903677277209
24.0991312500001,6.02942739779246
24.0994645833334,6.03632843981905
24.0997979166667,6.03723989819991
24.1001312500001,6.03854198160116
24.1004645833334,6.043620106866
24.1007979166667,6.04270864848513
24.1011312500001,6.03710968985979
24.1014645833334,6.02799510605109
24.1017979166667,6.02864614775172
24.1021312500001,6.03645864815917
24.1024645833334,6.043620106866
24.1027979166667,6.04062531504315
24.1031312500001,6.03802114824066
24.1034645833334,6.03997427334252
24.1037979166667,6.0479169820901
24.1041312500001,6.04609406532836
24.1044645833334,6.03411489803693
24.1047979166668,6.03007843949308
24.1051312500001,6.03463573139743
24.1054645833334,6.04453156524687
24.1057979166668,6.04674510702898
24.1061312500001,6.03867218994128
24.1064645833334,6.04023469002277
24.1067979166668,6.03945343998203
24.1071312500001,6.04622427366849
24.1074645833334,6.04518260694749
24.1077979166667,6.04348989852588
24.1081312500001,6.04687531536911
24.1084645833334,6.04882844047097
24.1087979166668,6.05494823245681
24.1091312500001,6.05585969083768
24.1094645833334,6.05182323229383
24.1097979166668,6.04973989885184
24.1101312500001,6.05156281561358
24.1104645833334,6.05585969083768
24.1107979166668,6.0570315658988
24.1111312500001,6.05338573237532
24.1114645833334,6.04257844014501
24.1117979166668,6.03359406467644
24.1121312500001,6.03164093957457
24.1124645833334,6.043620106866
24.1127979166668,6.05052114889259
24.1131312500001,6.04700552370923
24.1134645833334,6.04101594006352
24.1137979166668,6.04322948184563
24.1141312500001,6.05078156557283
24.1144645833334,6.05625031585805
24.1147979166668,6.0473961487296
24.1151312500001,6.04153677342401
24.1154645833334,6.04127635674377
24.1157979166668,6.05195344063395
24.1161312500001,6.05716177423892
24.1164645833334,6.05195344063395
24.1167979166668,6.04335969018575
24.1171312500001,6.04322948184563
24.1174645833334,6.04661489868886
24.1177979166668,6.05312531569507
24.1181312500001,6.04752635706973
24.1184645833334,6.04596385698824
24.1187979166668,6.04583364864811
24.1191312500001,6.05000031553209
24.1194645833334,6.05156281561358
24.1197979166668,6.0430992735055
24.1201312500001,6.03359406467644
24.1204645833334,6.03619823147892
24.1207979166668,6.04765656540985
24.1211312500001,6.05559927415743
24.1214645833334,6.05664094087842
24.1217979166668,6.0516930239537
24.1221312500001,6.05156281561358
24.1224645833334,6.04960969051172
24.1227979166668,6.04518260694749
24.1231312500001,6.04544302362774
24.1234645833334,6.03971385666227
24.1237979166668,6.0403648983629
24.1241312500001,6.03710968985979
24.1244645833334,6.0441409402265
24.1247979166668,6.04648469034874
24.1251312500001,6.0532555240352
24.1254645833334,6.05182323229383
24.1257979166668,6.05026073221234
24.1261312500001,6.05026073221234
24.1264645833334,6.05364614905557
24.1267979166668,6.0608076077624
24.1271312500001,6.06119823278277
24.1274645833334,6.06705760808836
24.1277979166668,6.07057323327172
24.1281312500001,6.06966177489085
24.1284645833334,6.05585969083768
24.1287979166668,6.04973989885184
24.1291312500001,6.04687531536911
24.1294645833334,6.05338573237532
24.1297979166668,6.05898469100066
24.1301312500001,6.06223989950377
24.1304645833334,6.0570315658988
24.1307979166668,6.05572948249756
24.1311312500001,6.05911489934079
24.1314645833335,6.06145864946302
24.1317979166668,6.05690135755867
24.1321312500001,6.05039094055246
24.1324645833334,6.05338573237532
24.1327979166668,6.05768260759942
24.1331312500001,6.05742219091917
24.1334645833335,6.05898469100066
24.1337979166668,6.06158885780315
24.1341312500001,6.06536489966675
24.1344645833334,6.06145864946302
24.1347979166668,6.05442739909631
24.1351312500001,6.05846385764016
24.1354645833335,6.06744823310874
24.1357979166668,6.06744823310874
24.1361312500001,6.06276073286426
24.1364645833335,6.06145864946302
24.1367979166668,6.06575552468712
24.1371312500001,6.06848989982973
24.1374645833335,6.07057323327172
24.1377979166668,6.07421906679519
24.1381312500001,6.07421906679519
24.1384645833335,6.07096385829209
24.1387979166668,6.07109406663221
24.1391312500001,6.06979198323097
24.1394645833335,6.06718781642849
24.1397979166668,6.06770864978898
24.1401312500001,6.07421906679519
24.1404645833335,6.08203156720265
24.1407979166668,6.07955760874029
24.1411312500001,6.08033885878103
24.1414645833335,6.07135448331246
24.1417979166668,6.06848989982973
24.1421312500001,6.06523469132662
24.1424645833335,6.0694013582106
24.1427979166668,6.06757844144886
24.1431312500001,6.05898469100066
24.1434645833335,6.05690135755867
24.1437979166668,6.06106802444265
24.1441312500001,6.06354198290501
24.1444645833335,6.06158885780315
24.1447979166668,6.05638052419818
24.1451312500001,6.06054719108215
24.1454645833335,6.07005239991122
24.1457979166668,6.08098990048166
24.1461312500001,6.0812503171619
24.1464645833335,6.07096385829209
24.1467979166668,6.06979198323097
24.1471312500001,6.07578156687669
24.1474645833335,6.08359406728414
24.1477979166668,6.07955760874029
24.1481312500001,6.06848989982973
24.1484645833335,6.06549510800687
24.1487979166668,6.07070344161184
24.1491312500001,6.07838573367917
24.1494645833335,6.07382844177482
24.1497979166668,6.06210969116364
24.1501312500001,6.06393260792538
24.1504645833335,6.07330760841433
24.1507979166668,6.08684927578725
24.1511312500001,6.0817711505224
24.1514645833335,6.07070344161184
24.1517979166668,6.06380239958526
24.1521312500001,6.06471385796613
24.1524645833335,6.06927114987048
24.1527979166668,6.07252635837358
24.1531312500001,6.07421906679519
24.1534645833335,6.07682323359768
24.1537979166668,6.06953156655072
24.1541312500001,6.0736982334347
24.1544645833335,6.07122427497234
24.1547979166668,6.07552115019644
24.1551312500001,6.07018260825134
24.1554645833335,6.07252635837358
24.1557979166668,6.08294302558352
24.1561312500001,6.09375031781383
24.1564645833335,6.08997427595023
24.1567979166668,6.08359406728414
24.1571312500001,6.06914094153035
24.1574645833335,6.0736982334347
24.1577979166668,6.06914094153035
24.1581312500001,6.07395865011495
24.1584645833335,6.07278677505383
24.1587979166668,6.07018260825134
24.1591312500002,6.07226594169333
24.1594645833335,6.08138052550203
24.1597979166668,6.09583365125582
24.1601312500002,6.10091177652066
24.1604645833335,6.0941409428342
24.1607979166668,6.08723990080762
24.1611312500002,6.08359406728414
24.1614645833335,6.08776073416812
24.1617979166668,6.09322948445333
24.1621312500002,6.09362010947371
24.1624645833335,6.08541698404588
24.1627979166668,6.08528677570575
24.1631312500002,6.08971385926998
24.1634645833335,6.09140656769159
24.1637979166668,6.08020865044091
24.1641312500002,6.07708365027793
24.1644645833335,6.086588859107
24.1647979166668,6.09700552631693
24.1651312500002,6.09557323457557
24.1654645833335,6.08333365060389
24.1657979166668,6.07825552533905
24.1661312500002,6.08020865044091
24.1664645833335,6.08697948412737
24.1667979166668,6.08619823408662
24.1671312500002,6.08880240088911
24.1674645833335,6.0908857343311
24.1677979166668,6.09348990113358
24.1681312500002,6.09492219287495
24.1684645833335,6.09557323457557
24.1687979166668,6.09856802639843
24.1691312500002,6.09987010979967
24.1694645833335,6.10000031813979
24.1697979166668,6.09622427627619
24.1701312500002,6.09309927611321
24.1704645833335,6.0984378180583
24.1707979166668,6.1070315685065
24.1711312500002,6.1113284437306
24.1714645833335,6.10481802672439
24.1717979166668,6.09973990145954
24.1721312500002,6.09609406793607
24.1724645833335,6.10013052647992
24.1727979166668,6.10143260988116
24.1731312500002,6.09661490129656
24.1734645833335,6.09492219287495
24.1737979166668,6.09153677603172
24.1741312500002,6.08971385926998
24.1744645833335,6.08059927546128
24.1747979166668,6.0779951086588
24.1751312500002,6.08411490064464
24.1754645833335,6.09765656801756
24.1757979166668,6.1032555266429
24.1761312500002,6.09830760971818
24.1764645833335,6.08841177586874
24.1767979166668,6.09687531797681
24.1771312500002,6.10963573530899
24.1774645833335,6.11588573563495
24.1777979166668,6.1108076103701
24.1781312500002,6.10416698502377
24.1784645833335,6.10026073482004
24.1787979166668,6.09752635967743
24.1791312500002,6.09765656801756
24.1794645833335,6.10742219352687
24.1797979166668,6.11223990211147
24.1801312500002,6.11250031879172
24.1804645833335,6.11028677700961
24.1807979166668,6.10937531862874
24.1811312500002,6.11028677700961
24.1814645833335,6.10403677668364
24.1817979166668,6.10638052680588
24.1821312500002,6.11067740202998
24.1824645833335,6.11888052745781
24.1827979166668,6.11809927741706
24.1831312500002,6.11171906875097
24.1834645833335,6.10794302688737
24.1837979166668,6.10234406826203
24.1841312500002,6.1027346932824
24.1844645833335,6.09934927643917
24.1847979166668,6.10612011012563
24.1851312500002,6.10846386024787
24.1854645833335,6.11223990211147
24.1857979166669,6.11054719368986
24.1861312500002,6.11796906907694
24.1864645833335,6.12695344454551
24.1867979166669,6.12565136114426
24.1871312500002,6.11822948575718
24.1874645833335,6.10533886008489
24.1877979166669,6.10195344324166
24.1881312500002,6.10052115150029
24.1884645833335,6.10533886008489
24.1887979166668,6.10729198518675
24.1891312500002,6.10612011012563
24.1894645833335,6.10429719336389
24.1897979166669,6.10312531830277
24.1901312500002,6.10169302656141
24.1904645833335,6.10039094316016
24.1907979166669,6.10625031846575
24.1911312500002,6.11367219385284
24.1914645833335,6.11770865239669
24.1917979166669,6.11484406891395
24.1921312500002,6.11158886041085
24.1924645833335,6.11223990211147
24.1927979166669,6.11106802705035
24.1931312500002,6.11093781871023
24.1934645833335,6.11419302721333
24.1937979166669,6.12161490260041
24.1941312500002,6.12708365288563
24.1944645833335,6.12200552762079
24.1947979166669,6.1199221941788
24.1951312500002,6.12434927774302
24.1954645833335,6.13554719499371
24.1957979166669,6.13541698665358
24.1961312500002,6.13059927806899
24.1964645833335,6.12708365288563
24.1967979166669,6.1328128198511
24.1971312500002,6.13632844503445
24.1974645833335,6.13294302819122
24.1977979166669,6.12786490292638
24.1981312500002,6.12434927774302
24.1984645833335,6.13125031976961
24.1987979166669,6.13398469491222
24.1991312500002,6.13242219483073
24.1994645833335,6.1247399027634
24.1997979166669,6.11744823571644
24.2001312500002,6.1247399027634
24.2004645833335,6.12942740300787
24.2007979166669,6.12929719466774
24.2011312500002,6.12174511094054
24.2014645833335,6.11914094413805
24.2017979166669,6.12929719466774
24.2021312500002,6.13776073677582
24.2024645833335,6.13697948673507
24.2027979166669,6.1317711531301
24.2031312500002,6.12968781968812
24.2034645833335,6.13450552827271
24.2037979166669,6.13828157013632
24.2041312500002,6.1317711531301
24.2044645833335,6.12929719466774
24.2047979166669,6.13242219483073
24.2051312500002,6.14544302884315
24.2054645833335,6.15130240414874
24.2057979166669,6.14505240382278
24.2061312500002,6.1328128198511
24.2064645833335,6.12786490292638
24.2067979166669,6.13398469491222
24.2071312500002,6.14609407054377
24.2074645833335,6.14596386220364
24.2077979166669,6.13737011175544
24.2081312500002,6.13476594495296
24.2084645833335,6.14335969540116
24.2087979166669,6.15130240414874
24.2091312500002,6.14687532058451
24.2094645833335,6.14270865370054
24.2097979166669,6.15299511257035
24.2101312500002,6.16419302982104
24.2104645833335,6.16679719662352
24.2107979166667,6.15390657095122
24.21113125,6.14479198714253
24.2114645833333,6.14166698697955
24.2117979166667,6.14231802868017
24.21213125,6.14557323718327
24.2124645833333,6.14505240382278
24.2127979166667,6.14934927904687
24.21313125,6.15013052908762
24.2134645833333,6.15572948771296
24.2137979166667,6.15598990439321
24.21413125,6.15455761265184
24.2144645833333,6.1532555292506
24.2147979166667,6.15911490455619
24.21513125,6.16432323816116
24.2154645833333,6.16471386318153
24.2157979166667,6.15546907103271
24.21613125,6.14960969572712
24.2164645833333,6.15286490423023
24.2167979166667,6.15989615459694
24.21713125,6.16510448820191
24.2174645833333,6.16015657127718
24.2177979166667,6.15208365418948
24.21813125,6.15468782099197
24.2184645833333,6.16315136310004
24.2187979166667,6.17552115541184
24.21913125,6.17447948869085
24.2194645833333,6.16770865500439
24.2197979166667,6.1618492796988
24.22013125,6.16419302982104
24.2204645833333,6.16640657160315
24.2207979166667,6.16966178010625
24.22113125,6.17174511354824
24.2214645833334,6.17057323848712
24.2217979166667,6.16705761330377
24.22213125,6.16367219646054
24.2224645833334,6.16848990504514
24.2227979166667,6.17148469686799
24.22313125,6.16953157176613
24.2234645833334,6.16575552990253
24.2237979166667,6.16445344650129
24.22413125,6.16796907168464
24.2244645833334,6.17135448852787
24.2247979166667,6.17057323848712
24.22513125,6.16796907168464
24.2254645833334,6.17395865533035
24.2257979166667,6.18203157241806
24.22613125,6.18463573922054
24.2264645833334,6.18372428083967
24.2267979166667,6.17929719727545
24.22713125,6.17838573889458
24.2274645833334,6.17773469719396
24.2277979166667,6.17786490553408
24.22813125,6.17838573889458
24.2284645833334,6.17395865533035
24.2287979166667,6.17369823865011
24.22913125,6.17291698860936
24.2294645833334,6.17578157209209
24.2297979166667,6.18372428083967
24.23013125,6.19309928132862
24.2304645833334,6.19335969800886
24.2307979166667,6.1871096976829
24.23113125,6.18515657258104
24.2314645833334,6.1871096976829
24.2317979166667,6.18971386448539
24.23213125,6.18567740594153
24.2324645833334,6.17929719727545
24.2327979166667,6.1747399053711
24.23313125,6.17395865533035
24.2334645833334,6.18177115573781
24.2337979166667,6.18502636424091
24.23413125,6.18424511420017
24.2344645833334,6.17773469719396
24.2347979166667,6.17187532188837
24.23513125,6.17304719694948
24.2354645833334,6.17643261379271
24.2357979166667,6.18750032270327
24.23613125,6.19348990634899
24.2364645833334,6.19075553120638
24.2367979166667,6.18593782262178
24.23713125,6.18437532254029
24.2374645833334,6.19036490618601
24.2377979166667,6.1946617814101
24.23813125,6.19388053136936
24.2384645833334,6.18932323946501
24.2387979166667,6.18723990602302
24.23913125,6.1865888643224
24.2394645833334,6.19114615622675
24.2397979166667,6.19322948966874
24.24013125,6.19895865663421
24.2404645833334,6.20247428181756
24.2407979166667,6.20494824027992
24.24113125,6.20169303177681
24.2414645833334,6.20091178173607
24.2417979166667,6.20820344878303
24.24213125,6.21432324076886
24.2424645833334,6.21302115736762
24.2427979166667,6.20364615687868
24.24313125,6.20729199040216
24.2434645833334,6.21601594919048
24.2437979166667,6.22395865793806
24.24413125,6.21445344910899
24.2444645833334,6.21093782392563
24.2447979166667,6.2128909490275
24.24513125,6.22083365777507
24.2454645833334,6.21966178271396
24.2457979166667,6.20989615720464
24.24613125,6.20221386513731
24.2464645833334,6.2032555318583
24.2467979166667,6.21276074068737
24.2471312500001,6.22356803291768
24.2474645833334,6.22122428279545
24.2477979166667,6.21653678255098
24.24813125,6.21432324076886
24.2484645833334,6.22317740789731
24.2487979166667,6.22291699121706
24.2491312500001,6.22005240773433
24.2494645833334,6.21393261574849
24.2497979166667,6.22265657453681
24.2501312500001,6.22812532482203
24.2504645833334,6.23268261672638
24.2507979166667,6.22617219972017
24.25113125,6.22747428312141
24.2514645833334,6.23046907494427
24.2517979166667,6.23632845024986
24.2521312500001,6.24010449211346
24.2524645833334,6.2381513670116
24.2527979166667,6.23841178369185
24.2531312500001,6.23737011697085
24.2534645833334,6.2424482422357
24.2537979166667,6.24010449211346
24.2541312500001,6.23268261672638
24.2544645833334,6.2290367832029
24.2547979166667,6.23125032498501
24.2551312500001,6.24335970061657
24.2554645833334,6.24752636750054
24.2557979166667,6.24270865891595
24.2561312500001,6.23177115834551
24.2564645833334,6.23059928328439
24.2567979166667,6.23802115867147
24.2571312500001,6.24127636717458
24.2574645833334,6.23268261672638
24.2577979166667,6.22929719988315
24.2581312500001,6.22643261640042
24.2584645833334,6.22994824158377
24.2587979166667,6.23268261672638
24.2591312500001,6.24010449211346
24.2594645833334,6.24518261737831
24.2597979166667,6.2467451174598
24.2601312500001,6.24791699252091
24.2604645833334,6.24908886758203
24.2607979166667,6.24973990928265
24.2611312500001,6.24583365907893
24.2614645833334,6.2457034507388
24.2617979166667,6.2462242840993
24.2621312500001,6.2494794926024
24.2624645833334,6.25273470110551
24.2627979166667,6.24908886758203
24.2631312500001,6.24817740920116
24.2634645833334,6.24778678418079
24.2637979166667,6.25169303438452
24.2641312500001,6.25234407608514
24.2644645833334,6.2462242840993
24.2647979166667,6.24700553414005
24.2651312500001,6.25312532612588
24.2654645833334,6.26145865989383
24.2657979166667,6.26250032661483
24.2661312500001,6.25664095130924
24.2664645833334,6.25950553479197
24.2667979166667,6.26523470175744
24.2671312500001,6.26914095196116
24.2674645833334,6.26315136831545
24.2677979166667,6.254297201187
24.2681312500001,6.25976595147222
24.2684645833334,6.26419303503644
24.2687979166667,6.26445345171669
24.2691312500001,6.26015657649259
24.2694645833334,6.26367220167595
24.2697979166667,6.26992220200191
24.2701312500001,6.26888053528091
24.2704645833334,6.26119824321358
24.2707979166667,6.25364615948638
24.2711312500001,6.25572949292837
24.2714645833334,6.26119824321358
24.2717979166667,6.26914095196116
24.2721312500001,6.26315136831545
24.2724645833334,6.26210970159446
24.2727979166667,6.26393261835619
24.2731312500001,6.27122428540315
24.2734645833334,6.26875032694079
24.2737979166667,6.26497428507719
24.2741312500001,6.26093782653334
24.2744645833334,6.26679720183893
24.2747979166667,6.275260743947
24.2751312500001,6.27812532742973
24.2754645833334,6.27643261900812
24.2757979166668,6.27239616046427
24.2761312500001,6.27083366038278
24.2764645833334,6.26679720183893
24.2767979166667,6.27161491042352
24.2771312500001,6.2800784525316
24.2774645833334,6.28593782783719
24.2777979166668,6.28138053593284
24.2781312500001,6.27565136896738
24.2784645833334,6.2757815773075
24.2787979166668,6.28112011925259
24.2791312500001,6.29257845318352
24.2794645833334,6.29817741180887
24.2797979166668,6.29739616176812
24.2801312500001,6.29231803650328
24.2804645833334,6.29023470306129
24.2807979166668,6.29348991156439
24.2811312500001,6.29687532840762
24.2814645833334,6.29153678646253
24.2817979166668,6.28463574443595
24.2821312500001,6.28411491107545
24.2824645833334,6.29466178662551
24.2827979166668,6.30286491205334
24.2831312500001,6.29987012023048
24.2834645833334,6.29466178662551
24.2837979166668,6.29375032824464
24.2841312500001,6.29661491172738
24.2844645833334,6.29987012023048
24.2847979166668,6.29414095326502
24.2851312500001,6.29231803650328
24.2854645833334,6.29114616144216
24.2857979166668,6.29544303666626
24.2861312500001,6.29869824516936
24.2864645833334,6.30130241197185
24.2867979166668,6.30078157861135
24.2871312500001,6.3010419952916
24.2874645833334,6.30364616209408
24.2877979166668,6.30885449569905
24.2881312500001,6.30429720379471
24.2884645833334,6.30312532873359
24.2887979166668,6.30377637043421
24.2891312500001,6.31197949586203
24.2894645833334,6.31302116258303
24.2897979166668,6.31302116258303
24.2901312500001,6.31562532938551
24.2904645833334,6.31953157958924
24.2907979166668,6.32187532971148
24.2911312500001,6.31862012120837
24.2914645833334,6.31679720444663
24.2917979166668,6.31875032954849
24.2921312500001,6.32369824647321
24.2924645833334,6.32434928817384
24.2927979166668,6.31940137124912
24.2931312500001,6.32382845481334
24.2934645833334,6.33216178858129
24.2937979166668,6.34427116421284
24.2941312500001,6.34166699741036
24.2944645833334,6.34166699741036
24.2947979166668,6.34114616404986
24.2951312500001,6.34453158089309
24.2954645833334,6.33841178890725
24.2957979166668,6.33138053854054
24.2961312500001,6.33125033020042
24.2964645833334,6.33333366364241
24.2967979166668,6.33997428898874
24.2971312500001,6.33723991384613
24.2974645833334,6.3386722055875
24.2977979166668,6.3429690808116
24.2981312500001,6.34843783109682
24.2984645833334,6.34908887279744
24.2987979166668,6.3477867893962
24.2991312500001,6.35598991482402
24.2994645833334,6.36484408195247
24.2997979166668,6.36484408195247
24.3001312500001,6.35312533134129
24.3004645833334,6.34101595570974
24.3007979166668,6.34401074753259
24.3011312500001,6.35130241457955
24.3014645833334,6.36406283191172
24.3017979166668,6.35612012316415
24.3021312500001,6.34921908113756
24.3024645833334,6.34921908113756
24.3027979166668,6.36380241523148
24.3031312500001,6.37226595733955
24.3034645833334,6.36562533199322
24.3037979166668,6.35937533166725
24.3041312500001,6.36041699838825
24.3044645833335,6.36888054049632
24.3047979166668,6.36979199887719
24.3051312500001,6.3677086654352
24.3054645833335,6.3677086654352
24.3057979166668,6.37161491563893
24.3061312500001,6.37487012414204
24.3064645833335,6.37526074916241
24.3067979166668,6.36796908211545
24.3071312500001,6.36848991547595
24.3074645833335,6.37643262422353
24.3077979166668,6.39101595831744
24.3081312500001,6.39609408358229
24.3084645833335,6.38776074981433
24.3087979166668,6.37669304090378
24.3091312500001,6.36783887377533
24.3094645833335,6.36666699871421
24.3097979166668,6.37447949912166
24.3101312500001,6.37721387426427
24.3104645833335,6.38411491629086
24.3107979166668,6.3816409578285
24.3111312500001,6.38424512463098
24.3114645833335,6.38411491629086
24.3117979166668,6.38997429159645
24.3121312500001,6.39166700001806
24.3124645833335,6.39192741669831
24.3127979166668,6.3886722081952
24.3131312500001,6.39414095848042
24.3134645833335,6.39427116682055
24.3137979166668,6.39713575030328
24.3141312500001,6.39414095848042
24.3144645833335,6.40117220884713
24.3147979166668,6.40781283419347
24.3151312500001,6.41536491792067
24.3154645833335,6.41640658464166
24.3157979166668,6.41341179281881
24.3161312500001,6.40742220917309
24.3164645833335,6.40820345921384
24.3167979166668,6.40989616763545
24.3171312500001,6.41510450124042
24.3174645833335,6.4139326261793
24.3177979166668,6.40755241751322
24.3181312500001,6.40221387556812
24.3184645833335,6.39687533362303
24.3187979166668,6.40000033378601
24.3191312500001,6.40559929241135
24.3194645833335,6.41653679298179
24.3197979166668,6.41940137646452
24.3201312500001,6.41367220949906
24.3204645833335,6.41328158447868
24.3207979166668,6.42213575160713
24.3211312500001,6.42955762699421
24.3214645833335,6.42083366820589
24.3217979166668,6.40429720901011
24.3221312500001,6.40507845905086
24.3224645833335,6.41328158447868
24.3227979166668,6.42057325152564
24.3231312500001,6.41588575128117
24.3234645833335,6.41028679265583
24.3237979166668,6.41679720966204
24.3241312500001,6.43151075209607
24.3244645833335,6.44062533590477
24.3247979166668,6.4354170022998
24.3251312500001,6.42213575160713
24.3254645833335,6.41809929306328
24.3257979166668,6.42591179347073
24.3261312500001,6.43085971039545
24.3264645833335,6.4311201270757
24.3267979166668,6.42708366853185
24.3271312500001,6.42669304351148
24.3274645833335,6.43346387719794
24.3277979166668,6.43789096076216
24.3281312500002,6.44388054440788
24.3284645833335,6.43723991906154
24.3287979166668,6.43177116877632
24.3291312500001,6.42278679330775
24.3294645833335,6.42447950172937
24.3297979166668,6.43567741898005
24.3301312500001,6.444010752748
24.3304645833335,6.4445315861085
24.3307979166668,6.43776075242204
24.3311312500001,6.43580762732017
24.3314645833335,6.44440137776837
24.3317979166668,6.44921908635297
24.3321312500002,6.45468783663819
24.3324645833335,6.45481804497831
24.3327979166668,6.45286491987645
24.3331312500002,6.45325554489682
24.3334645833335,6.45338575323695
24.3337979166668,6.45507846165856
24.3341312500002,6.45677117008017
24.3344645833335,6.45677117008017
24.3347979166668,6.46523471218825
24.3351312500002,6.46783887899073
24.3354645833335,6.46862012903148
24.3357979166668,6.45898471186229
24.3361312500002,6.46080762862403
24.3364645833335,6.46028679526353
24.3367979166668,6.46171908700489
24.3371312500002,6.45664096174005
24.3374645833335,6.45898471186229
24.3377979166668,6.46992221243272
24.3381312500002,6.47447950433707
24.3384645833335,6.47265658757533
24.3387979166668,6.46757846231048
24.3391312500002,6.46328158708639
24.3394645833335,6.46054721194378
24.3397979166668,6.45664096174005
24.3401312500002,6.46328158708639
24.3404645833335,6.46627637890924
24.3407979166668,6.4687503373716
24.3411312500002,6.46862012903148
24.3414645833335,6.46679721226974
24.3417979166668,6.46406283712713
24.3421312500002,6.46237012870552
24.3424645833335,6.46692742060986
24.3427979166668,6.4778649211803
24.3431312500002,6.4811201296834
24.3434645833335,6.47591179607844
24.3437979166668,6.46848992069136
24.3441312500002,6.46731804563024
24.3444645833335,6.47434929599695
24.3447979166668,6.47721387947968
24.3451312500002,6.47825554620067
24.3454645833335,6.48007846296241
24.3457979166668,6.48190137972415
24.3461312500002,6.48437533818651
24.3464645833335,6.49036492183222
24.3467979166668,6.49570346377732
24.3471312500002,6.50273471414403
24.3474645833335,6.50729200604837
24.3477979166668,6.51002638119098
24.3481312500002,6.50390658920514
24.3484645833335,6.50039096402179
24.3487979166668,6.50156283908291
24.3491312500002,6.51197950629285
24.3494645833335,6.51132846459223
24.3497979166668,6.506901381028
24.3501312500002,6.50182325576316
24.3504645833335,6.50520867260639
24.3507979166668,6.50937533949036
24.3511312500002,6.50768263106875
24.3514645833335,6.50104200572241
24.3517979166668,6.50598992264713
24.3521312500002,6.5160159648367
24.3524645833335,6.53098992395098
24.3527979166668,6.52539096532564
24.3531312500002,6.52057325674105
24.3534645833335,6.51210971463297
24.3537979166668,6.51627638151695
24.3541312500002,6.51640658985707
24.3544645833335,6.52382846524415
24.3547979166668,6.52669304872688
24.3551312500002,6.52877638216887
24.3554645833335,6.52278679852316
24.3557979166669,6.51966179836018
24.3561312500002,6.52005242338055
24.3564645833335,6.52291700686328
24.3567979166668,6.52708367374726
24.3571312500002,6.53164096565161
24.3574645833335,6.53398471577384
24.3577979166668,6.53255242403247
24.3581312500002,6.53489617415471
24.3584645833335,6.53515659083496
24.3587979166669,6.53658888257633
24.3591312500002,6.53229200735223
24.3594645833335,6.53333367407322
24.3597979166669,6.53658888257633
24.3601312500002,6.54322950792266
24.3604645833335,6.54973992492887
24.3607979166669,6.55000034160912
24.3611312500002,6.55091179998999
24.3614645833335,6.55260450841161
24.3617979166669,6.55442742517335
24.3621312500002,6.54791700816713
24.3624645833335,6.54270867456216
24.3627979166669,6.54791700816713
24.3631312500002,6.5574222169962
24.3634645833335,6.55872430039744
24.3637979166669,6.55039096662949
24.3641312500002,6.55091179998999
24.3644645833335,6.55625034193508
24.3647979166669,6.56328159230179
24.3651312500002,6.56002638379869
24.3654645833335,6.55950555043819
24.3657979166669,6.56966180096788
24.3661312500002,6.58203159327968
24.3664645833335,6.58880242696614
24.3667979166669,6.58059930153831
24.3671312500002,6.56848992590676
24.3674645833335,6.56158888388018
24.3677979166669,6.56953159262776
24.3681312500002,6.57968784315745
24.3684645833335,6.58307326000068
24.3687979166669,6.57903680145682
24.3691312500002,6.57656284299446
24.3694645833335,6.58385451004142
24.3697979166669,6.58502638510254
24.3701312500002,6.58854201028589
24.3704645833335,6.58619826016366
24.3707979166669,6.58515659344266
24.3711312500002,6.58294305166055
24.3714645833335,6.57968784315745
24.3717979166669,6.58867221862602
24.3721312500002,6.59322951053036
24.3724645833335,6.60052117757732
24.3727979166669,6.60390659442055
24.3731312500002,6.60781284462428
24.3734645833335,6.61419305329037
24.3737979166669,6.61588576171198
24.3741312500002,6.61419305329037
24.3744645833335,6.60768263628415
24.3747979166669,6.60598992786254
24.3751312500002,6.60716180292366
24.3754645833335,6.6084638863249
24.3757979166669,6.60351596940018
24.3761312500002,6.60286492769956
24.3764645833335,6.61015659474651
24.3767979166669,6.61901076187496
24.3771312500002,6.62617222058179
24.3774645833335,6.62734409564291
24.3777979166669,6.62213576203794
24.3781312500002,6.62487013718055
24.3784645833335,6.62708367896266
24.3787979166669,6.63020867912564
24.3791312500002,6.62734409564291
24.3794645833335,6.62578159556142
24.3797979166669,6.62877638738428
24.3801312500002,6.63281284592813
24.3804645833335,6.63463576268987
24.3807979166669,6.6332034709485
24.3811312500002,6.63033888746577
24.3814645833333,6.63359409596887
24.3817979166667,6.63893263791397
24.38213125,6.63723992949235
24.3824645833333,6.63476597102999
24.3827979166667,6.63502638771024
24.38313125,6.64765659670229
24.3834645833333,6.65859409727273
24.3837979166667,6.67018263954378
24.38413125,6.66953159784316
24.3844645833333,6.66406284755794
24.3847979166667,6.66015659735422
24.38513125,6.66406284755794
24.3854645833333,6.66862013946229
24.3857979166667,6.66692743104068
24.38613125,6.66210972245608
24.3864645833333,6.66015659735422
24.3867979166667,6.66822951444192
24.38713125,6.67526076480863
24.3874645833333,6.67656284820987
24.3877979166667,6.6665368060203
24.38813125,6.66445347257832
24.3884645833333,6.67044305622403
24.3887979166667,6.68007847339322
24.38913125,6.67643263986975
24.3894645833334,6.66796909776167
24.3897979166667,6.67096388958453
24.39013125,6.68072951509385
24.3904645833333,6.69765659931
24.3907979166667,6.70390659963596
24.39113125,6.70104201615323
24.3914645833334,6.69674514092912
24.3917979166667,6.68997430724267
24.39213125,6.70416701631621
24.3924645833333,6.70924514158105
24.3927979166667,6.71263055842428
24.39313125,6.70325555793534
24.3934645833334,6.69882847437111
24.3937979166667,6.69544305752788
24.39413125,6.69765659931
24.3944645833334,6.70338576627546
24.3947979166667,6.71276076676441
24.39513125,6.7138024334854
24.3954645833334,6.71458368352614
24.3957979166667,6.71341180846503
24.39613125,6.7095055582613
24.3964645833334,6.70338576627546
24.3967979166667,6.70585972473782
24.39713125,6.71992222547124
24.3974645833334,6.72864618425956
24.3977979166667,6.72643264247745
24.39813125,6.71640660028788
24.3984645833334,6.71276076676441
24.3987979166667,6.71888055875024
24.39913125,6.72096389219223
24.3994645833334,6.71627639194776
24.3997979166667,6.71445347518602
24.40013125,6.72343785065459
24.4004645833334,6.73710972636764
24.4007979166667,6.73958368483
24.40113125,6.73216180944292
24.4014645833334,6.72955764264043
24.4017979166667,6.73164097608242
24.40213125,6.74127639325161
24.4024645833334,6.74205764329236
24.4027979166667,6.73658889300714
24.40313125,6.7352868096059
24.4034645833334,6.74987014369981
24.4037979166667,6.76184931099124
24.40413125,6.77109410314006
24.4044645833334,6.76588576953509
24.4047979166667,6.7675784779567
24.40513125,6.76796910297708
24.4054645833334,6.7680993113172
24.4057979166667,6.76367222775298
24.40613125,6.76614618621534
24.4064645833334,6.77070347811969
24.4067979166667,6.78112014532962
24.40713125,6.77135451982031
24.4074645833334,6.77005243641907
24.4077979166667,6.76953160305857
24.40813125,6.78085972864938
24.4084645833334,6.77825556184689
24.4087979166667,6.77473993666354
24.40913125,6.77851597852714
24.4094645833334,6.79348993764143
24.4097979166667,6.80130243804888
24.41013125,6.80000035464764
24.4104645833334,6.79401077100192
24.4107979166667,6.79960972962726
24.41113125,6.80455764655199
24.4114645833334,6.80833368841559
24.4117979166667,6.80169306306925
24.41213125,6.80078160468838
24.4124645833334,6.80338577149087
24.4127979166667,6.81119827189832
24.41313125,6.82226598080888
24.4134645833334,6.82487014761136
24.4137979166667,6.82200556412863
24.41413125,6.81601598048292
24.4144645833334,6.81302118866006
24.4147979166667,6.81640660550329
24.41513125,6.81132848023844
24.4154645833334,6.81132848023844
24.4157979166667,6.81692743886379
24.4161312500001,6.8277347310941
24.4164645833334,6.83919306502503
24.4167979166667,6.84036494008615
24.4171312500001,6.84153681514727
24.4174645833334,6.84127639846702
24.4177979166667,6.84466181531025
24.4181312500001,6.84739619045286
24.4184645833334,6.84687535709236
24.4187979166667,6.84791702381335
24.41913125,6.85091181563621
24.4194645833334,6.85755244098255
24.4197979166667,6.86002639944491
24.4201312500001,6.85664098260168
24.4204645833334,6.85820348268317
24.4207979166667,6.85559931588068
24.4211312500001,6.85846389936342
24.4214645833334,6.85494827418006
24.4217979166667,6.85546910754056
24.4221312500001,6.8567711909418
24.4224645833334,6.85442744081956
24.4227979166667,6.8605472328054
24.4231312500001,6.87083369167522
24.4234645833334,6.88502640074876
24.4237979166667,6.88372431734752
24.4241312500001,6.87760452536168
24.4244645833334,6.87526077523944
24.4247979166667,6.88346390066727
24.4251312500001,6.88710973419075
24.4254645833334,6.88112015054503
24.4257979166667,6.87760452536168
24.4261312500001,6.87851598374255
24.4264645833334,6.88554723410925
24.4267979166667,6.88776077589137
24.4271312500001,6.88398473402776
24.4274645833334,6.88554723410925
24.4277979166667,6.88880244261236
24.4281312500001,6.90156285994453
24.4284645833334,6.90442744342727
24.4287979166667,6.89596390131919
24.4291312500001,6.88828160925186
24.4294645833334,6.88945348431298
24.4297979166667,6.89778681808093
24.4301312500001,6.89830765144143
24.4304645833334,6.89153681775497
24.4307979166667,6.88815140091174
24.4311312500001,6.89778681808093
24.4314645833334,6.91015661039273
24.4317979166667,6.92317744440516
24.4321312500001,6.91601598569832
24.4324645833334,6.90755244359025
24.4327979166667,6.90625036018901
24.4331312500001,6.90963577703224
24.4334645833334,6.91562536067795
24.4337979166667,6.91835973582056
24.4341312500001,6.92096390262304
24.4344645833334,6.92148473598354
24.4347979166667,6.91927119420143
24.4351312500001,6.92161494432367
24.4354645833334,6.92786494464963
24.4357979166667,6.92968786141137
24.4361312500001,6.93268265323423
24.4364645833334,6.93385452829534
24.4367979166667,6.94023473696143
24.4371312500001,6.94375036214478
24.4374645833334,6.9411461953423
24.4377979166667,6.93411494497559
24.4381312500001,6.92656286124839
24.4384645833334,6.92942744473112
24.4387979166667,6.93528682003671
24.4391312500001,6.94309932044416
24.4394645833334,6.94348994546454
24.4397979166667,6.94505244554603
24.4401312500001,6.95013057081087
24.4404645833334,6.95677119615721
24.4407979166667,6.9615889047418
24.4411312500001,6.96184932142205
24.4414645833334,6.96862015510851
24.4417979166667,6.96848994676839
24.4421312500001,6.97083369689062
24.4424645833334,6.96237015478255
24.4427979166667,6.95768265453808
24.4431312500001,6.95716182117758
24.4434645833334,6.9621097381023
24.4437979166668,6.96497432158503
24.4441312500001,6.95885452959919
24.4444645833334,6.95013057081087
24.4447979166668,6.95598994611646
24.4451312500001,6.96119827972143
24.4454645833334,6.96940140514926
24.4457979166667,6.96862015510851
24.4461312500001,6.96653682166652
24.4464645833334,6.96940140514926
24.4467979166668,6.97161494693137
24.4471312500001,6.97747432223696
24.4474645833334,6.98411494758329
24.4477979166668,6.98398473924317
24.4481312500001,6.98723994774628
24.4484645833334,6.98632848936541
24.4487979166668,6.98072953074006
24.4491312500001,6.9739586970536
24.4494645833334,6.97591182215547
24.4497979166668,6.98750036442652
24.4501312500001,6.99752640661609
24.4504645833334,6.99049515624938
24.4507979166668,6.98567744766478
24.4511312500001,6.98802119778702
24.4514645833334,6.99609411487472
24.4517979166668,6.99856807333708
24.4521312500001,6.99583369819448
24.4524645833334,6.99140661463025
24.4527979166668,6.99062536458951
24.4531312500001,6.99765661495621
24.4534645833334,7.0045576569828
24.4537979166668,7.01223994905013
24.4541312500001,7.0078128654859
24.4544645833334,7.00768265714578
24.4547979166668,7.01158890734951
24.4551312500001,7.02044307447795
24.4554645833334,7.0207034911582
24.4557979166668,7.01419307415199
24.4561312500001,7.01627640759398
24.4564645833334,7.02252640791994
24.4567979166668,7.02916703326628
24.4571312500001,7.02239619957982
24.4574645833334,7.01862015771621
24.4577979166668,7.02096390783845
24.4581312500001,7.02434932468168
24.4584645833334,7.02825557488541
24.4587979166668,7.02942744994652
24.4591312500001,7.03164099172864
24.4594645833334,7.02526078306255
24.4597979166668,7.02031286613783
24.4601312500001,7.02252640791994
24.4604645833334,7.03932328379597
24.4607979166668,7.0513024510874
24.4611312500001,7.05755245141336
24.4614645833334,7.05234411780839
24.4617979166668,7.05703161805286
24.4621312500001,7.05989620153559
24.4624645833334,7.06445349343994
24.4627979166668,7.05416703457013
24.4631312500001,7.04973995100591
24.4634645833334,7.05416703457013
24.4637979166668,7.06250036833808
24.4641312500001,7.07239620218752
24.4644645833334,7.07005245206528
24.4647979166668,7.06666703522205
24.4651312500001,7.06289099335845
24.4654645833334,7.06614620186156
24.4657979166668,7.07408891060914
24.4661312500001,7.07526078567025
24.4664645833334,7.07591182737087
24.4667979166668,7.08216182769684
24.4671312500001,7.08945349474379
24.4674645833334,7.1013024536951
24.4677979166668,7.10299516211671
24.4681312500001,7.09843787021237
24.4684645833334,7.09231807822653
24.4687979166668,7.09479203668889
24.4691312500001,7.10546912057907
24.4694645833334,7.11015662082355
24.4697979166668,7.10612016227969
24.4701312500001,7.10677120398032
24.4704645833335,7.11119828754454
24.4707979166668,7.12252641313535
24.4711312500001,7.12031287135324
24.4714645833334,7.12044307969336
24.4717979166668,7.11731807953038
24.4721312500001,7.12408891321684
24.4724645833335,7.12682328835945
24.4727979166668,7.1265628716792
24.4731312500001,7.12747433006007
24.4734645833334,7.13281287200516
24.4737979166668,7.13906287233113
24.4741312500001,7.14218787249411
24.4744645833335,7.13997433071199
24.4747979166668,7.14010453905212
24.4751312500001,7.14114620577311
24.4754645833335,7.13867224731075
24.4757979166668,7.13489620544715
24.4761312500001,7.13307328868541
24.4764645833335,7.14231808083423
24.4767979166668,7.15286495638429
24.4771312500001,7.16210974853311
24.4774645833335,7.16106808181212
24.4777979166668,7.15885454003001
24.4781312500001,7.16080766513187
24.4784645833335,7.16458370699547
24.4787979166668,7.16575558205659
24.4791312500001,7.16888058221957
24.4794645833335,7.17447954084491
24.4797979166668,7.18372433299373
24.4801312500001,7.17825558270852
24.4804645833335,7.17148474902206
24.4807979166668,7.1765628742869
24.4811312500001,7.18697954149684
24.4814645833335,7.19140662506106
24.4817979166668,7.18658891647647
24.4821312500001,7.18216183291224
24.4824645833335,7.18776079153759
24.4827979166668,7.19635454198578
24.4831312500001,7.20638058417535
24.4834645833335,7.21458370960318
24.4837979166668,7.21927120984765
24.4841312500001,7.21914100150752
24.4844645833335,7.22408891843224
24.4847979166668,7.22447954345262
24.4851312500001,7.2276045436156
24.4854645833335,7.22604204353411
24.4857979166668,7.22135454328964
24.4861312500001,7.22578162685386
24.4864645833335,7.22447954345262
24.4867979166668,7.22460975179274
24.4871312500001,7.21614620968467
24.4874645833335,7.21783891810628
24.4877979166668,7.22981808539771
24.4881312500001,7.24635454459349
24.4884645833335,7.2485680863756
24.4887979166668,7.24270871107001
24.4891312500001,7.24270871107001
24.4894645833335,7.24648475293361
24.4897979166668,7.25091183649784
24.4901312500001,7.24700558629411
24.4904645833335,7.25078162815771
24.4907979166668,7.25130246151821
24.4911312500001,7.25195350321883
24.4914645833335,7.25455767002131
24.4917979166668,7.25898475358554
24.4921312500001,7.26692746233312
24.4924645833335,7.26992225415597
24.4927979166668,7.27721392120293
24.4931312500001,7.28151079642703
24.4934645833335,7.28463579659001
24.4937979166668,7.28867225513386
24.4941312500001,7.28815142177337
24.4944645833335,7.29140663027647
24.4947979166668,7.29062538023573
24.4951312500001,7.29192746363697
24.4954645833335,7.29036496355548
24.4957979166668,7.29270871367771
24.4961312500001,7.29375038039871
24.4964645833335,7.29947954736417
24.4967979166668,7.30078163076541
24.4971312500001,7.30299517254753
24.4974645833335,7.30625038105063
24.4977979166668,7.31119829797535
24.4981312500001,7.31875038170256
24.4984645833335,7.31757850664144
24.4987979166668,7.32578163206927
24.4991312500002,7.33059934065386
24.4994645833335,7.33281288243597
24.4997979166668,7.33072954899399
24.5001312500002,7.33151079903473
24.5004645833335,7.33072954899399
24.5007979166668,7.33710975766007
24.5011312500002,7.33867225774156
24.5014645833335,7.34440142470703
24.5017979166668,7.34401079968666
24.5021312500002,7.34427121636691
24.5024645833335,7.34817746657063
24.5027979166668,7.34726600818976
24.5031312500002,7.34856809159101
24.5034645833335,7.35156288341386
24.5037979166668,7.36445350908616
24.5041312500002,7.37565142633684
24.5044645833335,7.38020871824119
24.5047979166668,7.37565142633684
24.5051312500002,7.37447955127573
24.5054645833335,7.38203163500293
24.5057979166668,7.38125038496219
24.5061312500002,7.38372434342455
24.5064645833335,7.38007850990107
24.5067979166668,7.38229205168318
24.5071312500002,7.38450559346529
24.5074645833335,7.39023476043076
24.5077979166668,7.39687538577709
24.5081312500002,7.40182330270181
24.5084645833335,7.40638059460616
24.5087979166668,7.40885455306852
24.5091312500002,7.40781288634753
24.5094645833335,7.41888059525809
24.5097979166668,7.42395872052293
24.5101312500002,7.43112017922977
24.5104645833335,7.4259118456248
24.5107979166668,7.42708372068591
24.5111312500002,7.43203163761064
24.5114645833335,7.43658892951498
24.5117979166668,7.44322955486132
24.5121312500002,7.43841184627672
24.5124645833335,7.43554726279399
24.5127979166668,7.44518267996318
24.5131312500002,7.4592451806966
24.5134645833335,7.46523476434231
24.5137979166668,7.45729205559474
24.5141312500002,7.44973997186753
24.5144645833335,7.44817747178604
24.5147979166668,7.455469138833
24.5151312500002,7.46640663940343
24.5154645833335,7.47408893147076
24.5157979166668,7.47721393163374
24.5161312500002,7.47682330661337
24.5164645833335,7.48411497366033
24.5167979166668,7.48919309892517
24.5171312500002,7.49674518265238
24.5174645833335,7.50234414127772
24.5177979166668,7.50677122484194
24.5181312500002,7.5102868500253
24.5184645833335,7.51041705836542
24.5187979166668,7.50820351658331
24.5191312500002,7.5092451833043
24.5194645833335,7.51848997545312
24.5197979166668,7.52526080913958
24.5201312500002,7.52487018411921
24.5204645833335,7.51992226719449
24.5207979166668,7.52565143415996
24.5211312500002,7.53372435124766
24.5214645833335,7.53346393456741
24.5217979166668,7.52929726768343
24.5221312500002,7.53567747634952
24.5224645833335,7.54700560194033
24.5227979166668,7.5473962269607
24.5231312500002,7.54661497691996
24.5234645833335,7.54244831003598
24.5237979166668,7.55039101878356
24.5241312500002,7.55377643562679
24.5244645833335,7.56237018607499
24.5247979166668,7.57526081174729
24.5251312500002,7.57760456186952
24.5254645833335,7.57447956170654
24.5257979166668,7.56484414453735
24.5261312500002,7.56367226947623
24.5264645833335,7.57252643660468
24.5267979166669,7.57421914502629
24.5271312500002,7.57890664527076
24.5274645833335,7.58255247879424
24.5277979166669,7.58750039571896
24.5281312500002,7.58489622891648
24.5284645833335,7.58372435385536
24.5287979166669,7.59322956268443
24.5291312500002,7.60859414681909
24.5294645833335,7.61653685556666
24.5297979166669,7.60950560519996
24.5301312500002,7.60260456317337
24.5304645833335,7.60039102139126
24.5307979166669,7.61276081370306
24.5311312500002,7.61992227240989
24.5314645833335,7.61497435548518
24.5317979166669,7.60807331345859
24.5321312500002,7.61575560552592
24.5324645833335,7.6279951894976
24.5327979166669,7.63359414812294
24.5331312500002,7.63320352310257
24.5334645833335,7.63281289808219
24.5337979166669,7.63828164836741
24.5341312500002,7.63737018998654
24.5344645833335,7.64270873193163
24.5347979166669,7.63971394010878
24.5351312500002,7.6408858151699
24.5354645833335,7.64114623185014
24.5357979166669,7.6494795656181
24.5361312500002,7.65859414942679
24.5364645833335,7.66237019129039
24.5367979166669,7.67005248335772
24.5371312500002,7.6699222750176
24.5374645833335,7.67083373339847
24.5377979166669,7.66966185833735
24.5381312500002,7.67265665016021
24.5384645833335,7.6736983168812
24.5387979166669,7.67552123364294
24.5391312500002,7.67604206700344
24.5394645833335,7.68763060927449
24.5397979166669,7.69127644279797
24.5401312500002,7.6957035263622
24.5404645833335,7.69531290134182
24.5407979166669,7.6946618596412
24.5411312500002,7.69309935955971
24.5414645833335,7.69101602611772
24.5417979166669,7.69713581810356
24.5421312500002,7.70494831851102
24.5424645833335,7.70872436037462
24.5427979166669,7.70625040191226
24.5431312500002,7.70468790183077
24.5434645833335,7.71692748580244
24.5437979166669,7.73059936151549
24.5441312500002,7.73437540337909
24.5444645833335,7.7209639443463
24.5447979166669,7.71432331899996
24.5451312500002,7.71927123592468
24.5454645833335,7.72591186127102
24.5457979166669,7.72226602774754
24.5461312500002,7.71549519406108
24.5464645833335,7.72343790280866
24.5467979166669,7.73737019520195
24.5471312500002,7.74466186224891
24.5474645833335,7.73320352831797
24.5477979166669,7.7242191528494
24.5481312500002,7.73424519503897
24.5484645833335,7.750000404194
24.5487979166669,7.75768269626133
24.5491312500002,7.75039102921437
24.5494645833335,7.74987019585387
24.5497979166669,7.75924519634282
24.5501312500002,7.76692748841015
24.5504645833335,7.76692748841015
24.5507979166669,7.7575524879212
24.5511312500002,7.7585941546422
24.5514645833335,7.76497436330828
24.5517979166669,7.77760457230033
24.55213125,7.78033894744294
24.5524645833333,7.78398478096642
24.5527979166667,7.78945353125164
24.55313125,7.79518269821711
24.5534645833333,7.79492228153686
24.5537979166667,7.78411498930655
24.55413125,7.78151082250406
24.5544645833333,7.78906290623127
24.5547979166667,7.8000004068017
24.55513125,7.79661498995847
24.5554645833333,7.80026082348195
24.5557979166667,7.80885457393015
24.55613125,7.82447957474506
24.5564645833333,7.82057332454133
24.5567979166667,7.81445353255549
24.55713125,7.81106811571226
24.5574645833333,7.81302124081412
24.5577979166667,7.82291707466356
24.55813125,7.83046915839077
24.5584645833333,7.83307332519326
24.5587979166667,7.82291707466356
24.55913125,7.82395874138456
24.5594645833333,7.82760457490804
24.5597979166667,7.84075561726058
24.56013125,7.83684936705686
24.5604645833333,7.83880249215872
24.5607979166667,7.83138061677164
24.56113125,7.84140665896121
24.5614645833333,7.84947957604891
24.5617979166667,7.85442749297363
24.56213125,7.84309936738282
24.5624645833334,7.83450561693462
24.5627979166667,7.84010457555996
24.56313125,7.85351603459276
24.5634645833334,7.85455770131375
24.5637979166667,7.85885457653785
24.56413125,7.8634118684422
24.5644645833334,7.87500041071326
24.5647979166667,7.87408895233239
24.56513125,7.87083374382928
24.5654645833334,7.86901082706754
24.5657979166667,7.86835978536692
24.56613125,7.86888061872742
24.5664645833334,7.88046916099847
24.5667979166667,7.89414103671152
24.56713125,7.90195353711897
24.5674645833334,7.89270874497015
24.5677979166667,7.88072957767872
24.56813125,7.87799520253611
24.5684645833334,7.88880249476642
24.5687979166667,7.89908895363624
24.56913125,7.90039103703748
24.5694645833334,7.89179728658928
24.5697979166667,7.89518270343251
24.57013125,7.9058597873227
24.5704645833334,7.91796916295425
24.5707979166667,7.91679728789313
24.57113125,7.91679728789313
24.5714645833334,7.92213582983823
24.5717979166667,7.92018270473636
24.57213125,7.91289103768941
24.5724645833334,7.90026082869736
24.5727979166667,7.90703166238382
24.57313125,7.918750412995
24.5734645833334,7.93567749721115
24.5737979166667,7.9354170805309
24.57413125,7.93723999729264
24.5744645833334,7.93333374708891
24.5747979166667,7.94036499745562
24.57513125,7.93658895559202
24.5754645833334,7.94192749753711
24.5757979166667,7.94882853956369
24.57613125,7.9553389565699
24.5764645833334,7.95286499810754
24.5767979166667,7.95065145632543
24.57713125,7.95065145632543
24.5774645833334,7.9558597899304
24.5777979166667,7.95833374839276
24.57813125,7.95898479009338
24.5784645833334,7.95221395640692
24.5787979166667,7.95416708150879
24.57913125,7.96041708183475
24.5794645833334,7.96601604046009
24.5797979166667,7.96510458207922
24.58013125,7.97239624912618
24.5804645833334,7.981641041275
24.5807979166667,7.97968791617314
24.58113125,7.97057333236444
24.5814645833334,7.97226604078605
24.5817979166667,7.98658895819972
24.58213125,7.99856812549115
24.5824645833334,7.99934937553189
24.5827979166667,7.99687541706953
24.58313125,7.99856812549115
24.5834645833334,8.00234416735475
24.5837979166667,7.99960979221214
24.58413125,7.99869833383127
24.5844645833334,8.00234416735475
24.5847979166667,8.00781291763997
24.58513125,8.01367229294556
24.5854645833334,8.00963583440171
24.5857979166667,8.01484416800668
24.5861312500001,8.01614625140792
24.5864645833334,8.01914104323078
24.5867979166667,8.01458375132643
24.58713125,8.00755250095972
24.5874645833334,8.01484416800668
24.5877979166667,8.02369833513512
24.58813125,8.0321618772432
24.5884645833334,8.03085979384196
24.5887979166667,8.02929729376046
24.5891312500001,8.03658896080742
24.5894645833334,8.04218791943277
24.5897979166667,8.04231812777289
24.5901312500001,8.0359379191068
24.5904645833334,8.03476604404568
24.5907979166667,8.04908896145935
24.5911312500001,8.06588583733537
24.5914645833334,8.07187542098109
24.5917979166667,8.06562542065513
24.59213125,8.06106812875078
24.5924645833334,8.06744833741687
24.5927979166667,8.07565146284469
24.5931312500001,8.07239625434158
24.5934645833334,8.06666708737612
24.5937979166667,8.06341187887301
24.5941312500001,8.07721396292618
24.5944645833334,8.08424521329289
24.5947979166667,8.08346396325214
24.5951312500001,8.07877646300767
24.5954645833334,8.0826827132114
24.5957979166667,8.0955733388837
24.5961312500001,8.1041670893319
24.5964645833334,8.1031254226109
24.5967979166667,8.10338583929115
24.5971312500001,8.11028688131773
24.5974645833334,8.12500042375177
24.5977979166667,8.1326827158191
24.5981312500001,8.12617229881289
24.5984645833334,8.12044313184742
24.5987979166667,8.12500042375177
24.5991312500001,8.13033896569687
24.5994645833334,8.12929729897587
24.5997979166667,8.128385840595
24.6001312500001,8.13099000739749
24.6004645833334,8.13138063241786
24.6007979166667,8.129427507316
24.6011312500001,8.13151084075798
24.6014645833334,8.14401084140991
24.6017979166667,8.15052125841612
24.6021312500001,8.15781292546308
24.6024645833334,8.16692750927177
24.6027979166667,8.17877646822308
24.6031312500001,8.18919313543302
24.6034645833334,8.18710980199103
24.6037979166667,8.1832035517873
24.6041312500001,8.1837243851478
24.6044645833334,8.18958376045339
24.6047979166667,8.19765667754109
24.6051312500001,8.19570355243923
24.6054645833334,8.19791709422134
24.6057979166667,8.19843792758184
24.6061312500001,8.2084639697714
24.6064645833334,8.21966188702208
24.6067979166667,8.21914105366159
24.6071312500001,8.21354209503625
24.6074645833334,8.20768271973066
24.6077979166667,8.21380251171649
24.6081312500001,8.22330772054556
24.6084645833334,8.23138063763327
24.6087979166667,8.2385420963401
24.6091312500001,8.23632855455799
24.6094645833334,8.23567751285736
24.6097979166667,8.23971397140122
24.6101312500001,8.25325563877414
24.6104645833334,8.26224001424271
24.6107979166667,8.26510459772544
24.6111312500001,8.26028688914085
24.6114645833334,8.25859418071923
24.6117979166667,8.25833376403898
24.6121312500001,8.26263063926308
24.6124645833334,8.26796918120817
24.6127979166667,8.27096397303103
24.6131312500001,8.26888063958904
24.6134645833334,8.27174522307178
24.6137979166667,8.27786501505762
24.6141312500001,8.28932334898855
24.6144645833334,8.28541709878482
24.6147979166667,8.28776084890706
24.6151312500001,8.2842452237237
24.6154645833334,8.2923181408114
24.6157979166667,8.29270876583178
24.6161312500001,8.29349001587252
24.6164645833334,8.29401084923302
24.6167979166668,8.29856814113737
24.6171312500001,8.30911501668743
24.6174645833334,8.31302126689116
24.6177979166668,8.31341189191153
24.6181312500001,8.31315147523128
24.6184645833334,8.31523480867327
24.6187979166668,8.32226605903998
24.6191312500001,8.32395876746159
24.6194645833334,8.32382855912147
24.6197979166668,8.3223962673801
24.6201312500001,8.32877647604619
24.6204645833334,8.33020876778755
24.6207979166668,8.33255251790979
24.6211312500001,8.33346397629066
24.6214645833334,8.339062934916
24.6217979166668,8.33750043483451
24.6221312500001,8.33984418495675
24.6224645833334,8.34179731005861
24.6227979166668,8.35312543564942
24.6231312500001,8.35078168552718
24.6234645833334,8.35273481062905
24.6237979166668,8.35039106050681
24.6241312500001,8.35351606066979
24.6244645833334,8.35820356091426
24.6247979166668,8.35885460261488
24.6251312500001,8.36458376958035
24.6254645833334,8.37005251986557
24.6257979166668,8.38411502059898
24.6261312500001,8.38684939574159
24.6264645833334,8.39205772934656
24.6267979166668,8.39244835436694
24.6271312500001,8.40091189647501
24.6274645833334,8.40273481323675
24.6277979166668,8.40390668829787
24.6281312500001,8.40742231348122
24.6284645833334,8.41224002206582
24.6287979166668,8.41471398052818
24.6291312500001,8.41575564724917
24.6294645833334,8.41523481388868
24.6297979166668,8.41705773065041
24.6301312500001,8.40924523024296
24.6304645833334,8.41250043874607
24.6307979166668,8.41796918903128
24.6311312500001,8.42864627292147
24.6314645833334,8.43606814830855
24.6317979166668,8.43815148175054
24.6321312500001,8.44023481519253
24.6324645833334,8.43593793996843
24.6327979166668,8.43112023138383
24.6331312500001,8.43737023170979
24.6334645833334,8.44895877398085
24.6337979166668,8.45325564920495
24.6341312500001,8.45221398248396
24.6344645833334,8.44635460717837
24.6347979166668,8.44908898232097
24.6351312500001,8.45104210742284
24.6354645833334,8.45403689924569
24.6357979166668,8.45442752426607
24.6361312500001,8.44505252377712
24.6364645833334,8.43867231511104
24.6367979166668,8.44479210709687
24.6371312500001,8.45859419115004
24.6374645833334,8.46679731657787
24.6377979166668,8.46523481649638
24.6381312500001,8.47174523350259
24.6384645833334,8.47838585884893
24.6387979166668,8.47565148370632
24.6391312500001,8.46953169172048
24.6394645833334,8.47148481682234
24.6397979166668,8.48099002565141
24.6401312500001,8.49101606784097
24.6404645833334,8.48893273439899
24.6407979166668,8.49401085966383
24.6411312500001,8.49895877658855
24.6414645833334,8.50117231837067
24.6417979166668,8.50130252671079
24.6421312500001,8.49987023496942
24.6424645833334,8.50924523545837
24.6427979166668,8.51054731885961
24.6431312500001,8.50677127699601
24.6434645833335,8.50078169335029
24.6437979166668,8.50156294339104
24.6441312500001,8.50338586015278
24.6444645833335,8.50481815189414
24.6447979166668,8.50325565181265
24.6451312500001,8.50768273537688
24.6454645833335,8.5158858608047
24.6457979166668,8.52005252768868
24.6461312500001,8.52083377772942
24.6464645833335,8.51835981926706
24.6467979166668,8.52187544445042
24.6471312500001,8.52526086129365
24.6474645833335,8.52578169465414
24.6477979166668,8.53138065327948
24.6481312500001,8.53815148696595
24.6484645833335,8.55143273765862
24.6487979166668,8.55208377935924
24.6491312500001,8.54947961255675
24.6494645833335,8.54869836251601
24.6497979166668,8.55533898786234
24.6501312500001,8.56289107158955
24.6504645833335,8.56224002988893
24.6507979166668,8.56093794648769
24.6511312500001,8.56601607175253
24.6514645833335,8.56888065523526
24.6517979166668,8.56705773847352
24.6521312500001,8.57018273863651
24.6524645833335,8.57213586373837
24.6527979166668,8.57825565572421
24.6531312500001,8.57343794713961
24.6534645833335,8.57369836381986
24.6537979166668,8.57330773879949
24.6541312500001,8.57838586406433
24.6544645833335,8.58346398932918
24.6547979166668,8.59296919815825
24.6551312500001,8.59179732309713
24.6554645833335,8.59335982317862
24.6557979166668,8.59830774010334
24.6561312500001,8.60716190723179
24.6564645833335,8.60794315727253
24.6567979166668,8.60169315694657
24.6571312500001,8.59479211491998
24.6574645833335,8.60403690706881
24.6577979166668,8.60963586569415
24.6581312500001,8.61731815776147
24.6584645833335,8.60625044885092
24.6587979166668,8.60052128188545
24.6591312500001,8.59557336496073
24.6594645833335,8.59895878180396
24.6597979166668,8.60169315694657
24.6601312500001,8.60104211524595
24.6604645833335,8.60768274059228
24.6607979166668,8.61497440763924
24.6611312500001,8.62864628335228
24.6614645833335,8.62890670003253
24.6617979166668,8.63072961679427
24.6621312500001,8.62434940812818
24.6624645833335,8.62916711671278
24.6627979166668,8.63554732537887
24.6631312500001,8.63997440894309
24.6634645833335,8.64882857607154
24.6637979166668,8.65052128449315
24.6641312500001,8.65312545129564
24.6644645833335,8.64817753437092
24.6647979166668,8.65963586830185
24.6651312500001,8.67070357721241
24.6654645833335,8.66966191049142
24.6657979166668,8.65807336822036
24.6661312500001,8.64974003445241
24.6664645833335,8.66289107680495
24.6667979166668,8.66393274352595
24.6671312500001,8.66666711866856
24.6674645833335,8.65781295154011
24.6677979166668,8.65716190983949
24.6681312500001,8.66263066012471
24.6684645833335,8.67161503559328
24.6687979166668,8.67682336919825
24.6691312500002,8.67682336919825
24.6694645833335,8.6760421191575
24.6697979166668,8.68580774466682
24.6701312500001,8.69023482823104
24.6704645833335,8.68437545292545
24.6707979166668,8.68020878604148
24.6711312500002,8.68593795300694
24.6714645833335,8.70104212046135
24.6717979166668,8.71171920435154
24.6721312500002,8.71015670427005
24.6724645833335,8.70208378718235
24.6727979166668,8.69544316183601
24.6731312500001,8.69205774499278
24.6734645833335,8.69934941203974
24.6737979166668,8.70091191212123
24.6741312500002,8.70546920402558
24.6744645833335,8.70442753730458
24.6747979166668,8.70442753730458
24.6751312500002,8.70585982904595
24.6754645833335,8.7141931628139
24.6757979166668,8.71549524621514
24.6761312500002,8.71914107973862
24.6764645833335,8.7179692046775
24.6767979166668,8.7265629551257
24.6771312500002,8.72721399682632
24.6774645833335,8.72109420484049
24.6777979166668,8.71835982969787
24.6781312500002,8.72474003836396
24.6784645833335,8.72721399682632
24.6787979166668,8.73385462217266
24.6791312500002,8.74270878930111
24.6794645833335,8.7561202483339
24.6797979166668,8.75976608185738
24.6801312500002,8.75507858161291
24.6804645833335,8.75690149837465
24.6807979166668,8.75846399845614
24.6811312500002,8.76132858193887
24.6814645833335,8.760417123558
24.6817979166668,8.75898483181664
24.6821312500002,8.76302129036048
24.6824645833335,8.76796920728521
24.6827979166668,8.78059941627726
24.6831312500002,8.78645879158285
24.6834645833335,8.78841191668471
24.6837979166668,8.78776087498409
24.6841312500002,8.78737024996372
24.6844645833335,8.78958379174583
24.6847979166668,8.79166712518781
24.6851312500002,8.79218795854831
24.6854645833335,8.80000045895577
24.6857979166668,8.8066410843021
24.6861312500002,8.80403691749962
24.6864645833335,8.80143275069713
24.6867979166668,8.79765670883353
24.6871312500002,8.80507858422061
24.6874645833335,8.80859420940396
24.6877979166668,8.80924525110459
24.6881312500002,8.80859420940396
24.6884645833335,8.81224004292744
24.6887979166668,8.81015670948545
24.6891312500002,8.80820358438359
24.6894645833335,8.80325566745887
24.6897979166668,8.80091191733663
24.6901312500002,8.80950566778483
24.6904645833335,8.81224004292744
24.6907979166668,8.81315150130831
24.6911312500002,8.81666712649167
24.6914645833335,8.82526087693987
24.6917979166668,8.83580775248993
24.6921312500002,8.83437546074856
24.6924645833335,8.83385462738807
24.6927979166668,8.84544316965912
24.6931312500002,8.85976608707279
24.6934645833335,8.86171921217465
24.6937979166668,8.86106817047403
24.6941312500002,8.85833379533142
24.6944645833335,8.86666712909937
24.6947979166668,8.87018275428273
24.6951312500002,8.86849004586111
24.6954645833335,8.8619796288549
24.6957979166668,8.86757858748024
24.6961312500002,8.87942754643155
24.6964645833335,8.89257858878409
24.6967979166668,8.88229212991428
24.6971312500002,8.87552129622782
24.6974645833335,8.87669317128894
24.6977979166669,8.88971400530136
24.6981312500002,8.89622442230757
24.6984645833335,8.89283900546434
24.6987979166668,8.89192754708347
24.6991312500002,8.89322963048471
24.6994645833335,8.90078171421192
24.6997979166669,8.90403692271502
24.7001312500002,8.90742233955825
24.7004645833335,8.9119796314626
24.7007979166669,8.91849004846881
24.7011312500002,8.93059942410036
24.7014645833335,8.93593796604546
24.7017979166669,8.93424525762384
24.7021312500002,8.93020879907999
24.7024645833335,8.92578171551577
24.7027979166669,8.93684942442633
24.7031312500002,8.94166713301092
24.7034645833335,8.94505254985416
24.7037979166669,8.93971400790906
24.7041312500002,8.93580775770533
24.7044645833335,8.93880254952819
24.7047979166669,8.93932338288869
24.7051312500002,8.94375046645291
24.7054645833335,8.95247442524124
24.7057979166669,8.96289109245117
24.7061312500002,8.97200567625987
24.7064645833335,8.98476609359205
24.7067979166669,8.98932338549639
24.7071312500002,8.99179734395875
24.7074645833335,8.98802130209515
24.7077979166669,8.99283901067975
24.7081312500002,9.0054692196718
24.7084645833335,9.01380255343975
24.7087979166669,9.01406297012
24.7091312500002,9.01171921999776
24.7094645833335,9.01380255343975
24.7097979166669,9.01966192874534
24.7101312500002,9.0226567205682
24.7104645833335,9.0259119290713
24.7107979166669,9.0307296376559
24.7111312500002,9.03710984632198
24.7114645833335,9.03437547117938
24.7117979166669,9.0334640127985
24.7121312500002,9.03919317976397
24.7124645833335,9.04088588818559
24.7127979166669,9.04987026365416
24.7131312500002,9.05377651385789
24.7134645833335,9.05716193070112
24.7137979166669,9.05247443045664
24.7141312500002,9.05182338875602
24.7144645833335,9.06315151434683
24.7147979166669,9.07487026495801
24.7151312500002,9.075911931679
24.7154645833335,9.07500047329813
24.7157979166669,9.08424526544695
24.7161312500002,9.09192755751428
24.7164645833335,9.09960984958161
24.7167979166669,9.10677130828844
24.7171312500002,9.10638068326807
24.7174645833335,9.10911505841068
24.7177979166669,9.10559943322733
24.7181312500002,9.11849005889962
24.7184645833335,9.12864630942932
24.7187979166669,9.12565151760646
24.7191312500002,9.11380255865515
24.7194645833335,9.1011723496631
24.7197979166669,9.11302130861441
24.7201312500002,9.13424526805466
24.7204645833335,9.14947964384919
24.7207979166669,9.1441411019041
24.7211312500002,9.13919318497938
24.7214645833335,9.14388068522385
24.7217979166669,9.15143276895106
24.7221312500002,9.15429735243379
24.7224645833335,9.15546922749491
24.7227979166667,9.15729214425665
24.72313125,9.16575568636472
24.7234645833333,9.16627651972522
24.7237979166667,9.18085985381913
24.72413125,9.17955777041789
24.7244645833333,9.18463589568273
24.7247979166667,9.18710985414509
24.72513125,9.21054735536745
24.7254645833333,9.2199223558564
24.7257979166667,9.22070360589714
24.72613125,9.20820360524522
24.7264645833333,9.21093798038783
24.7267979166667,9.21393277221068
24.72713125,9.21718798071379
24.7274645833333,9.22395881440025
24.7277979166667,9.23372443990957
24.72813125,9.2408858986164
24.7284645833333,9.2441411071195
24.7287979166667,9.24531298218062
24.72913125,9.2532556909282
24.7294645833333,9.25494839934982
24.7297979166667,9.26145881635603
24.73013125,9.26432339983876
24.7304645833333,9.27343798364745
24.7307979166667,9.27395881700795
24.73113125,9.27408902534808
24.7314645833334,9.26979215012398
24.7317979166667,9.26406298315851
24.73213125,9.26393277481839
24.7324645833333,9.26835985838261
24.7327979166667,9.28151090073516
24.73313125,9.28294319247653
24.7334645833334,9.28398485919752
24.7337979166667,9.28554735927901
24.73413125,9.29388069304696
24.7344645833333,9.30781298544025
24.7347979166667,9.30846402714087
24.73513125,9.30299527685565
24.7354645833334,9.29557340146857
24.7357979166667,9.30312548519578
24.73613125,9.31862027767056
24.7364645833334,9.32604215305764
24.7367979166667,9.33151090334286
24.73713125,9.32669319475827
24.7374645833334,9.34088590383181
24.7377979166667,9.34427132067504
24.73813125,9.35820361306833
24.7384645833334,9.34388069565466
24.7387979166667,9.33789111200895
24.73913125,9.34023486213119
24.7394645833334,9.35221402942261
24.7397979166667,9.35612027962634
24.74013125,9.35195361274237
24.7404645833334,9.35716194634733
24.7407979166667,9.37382861388323
24.74113125,9.3790369474882
24.7414645833334,9.37291715550237
24.7417979166667,9.37226611380175
24.74213125,9.3843754894333
24.7424645833334,9.40169319866982
24.7427979166667,9.4005213236087
24.74313125,9.3838546560728
24.7434645833334,9.3833338227123
24.7437979166667,9.39309944822162
24.74413125,9.41627653276373
24.7444645833334,9.41406299098162
24.7447979166667,9.40364632377168
24.74513125,9.41002653243777
24.7454645833334,9.42669319997367
24.7457979166667,9.4424484091287
24.74613125,9.42916715843603
24.7464645833334,9.41601611608348
24.7467979166667,9.41953174126684
24.74713125,9.43645882548299
24.7474645833334,9.44453174257069
24.7477979166667,9.43958382564597
24.74813125,9.43346403366013
24.7484645833334,9.43528695042187
24.7487979166667,9.44375049252995
24.74913125,9.44466195091081
24.7494645833334,9.45117236791702
24.7497979166667,9.4606775767461
24.75013125,9.47096403561591
24.7504645833334,9.47799528598262
24.7507979166667,9.47174528565665
24.75113125,9.46744841043255
24.7514645833334,9.45703174322262
24.7517979166667,9.45468799310038
24.75213125,9.45976611836522
24.7524645833334,9.47773486930237
24.7527979166667,9.49414112015802
24.75313125,9.50247445392597
24.7534645833334,9.49218799505616
24.7537979166667,9.48763070315181
24.75413125,9.49427132849814
24.7544645833334,9.50807341255131
24.7547979166667,9.51302132947603
24.75513125,9.51106820437417
24.7554645833334,9.51640674631926
24.7557979166667,9.5268234135292
24.75613125,9.53359424721566
24.7564645833334,9.52408903838659
24.7567979166667,9.51783903806063
24.75713125,9.51862028810138
24.7574645833334,9.53203174713417
24.7577979166667,9.54192758098361
24.75813125,9.54505258114659
24.7584645833334,9.53880258082063
24.7587979166667,9.53411508057616
24.75913125,9.53255258049467
24.7594645833334,9.5429692477046
24.7597979166667,9.55364633159479
24.76013125,9.56237029038312
24.7604645833334,9.57656299945666
24.7607979166667,9.582161958082
24.76113125,9.58658904164622
24.7614645833334,9.58632862496597
24.7617979166667,9.58242237476225
24.7621312500001,9.58789112504746
24.7624645833334,9.58841195840796
24.7627979166667,9.58489633322461
24.7631312500001,9.57565154107579
24.7634645833334,9.57526091605542
24.7637979166667,9.58737029168697
24.7641312500001,9.60221404246113
24.7644645833334,9.6111984179297
24.7647979166667,9.61354216805194
24.7651312500001,9.61380258473219
24.7654645833334,9.61276091801119
24.7657979166667,9.62474008530262
24.7661312500001,9.62539112700324
24.7664645833334,9.62929737720697
24.7667979166667,9.63072966894834
24.7671312500001,9.63919321105641
24.7674645833334,9.64088591947802
24.7677979166667,9.63854216935579
24.7681312500001,9.62565154368349
24.7684645833334,9.62005258505815
24.7687979166667,9.6192713350174
24.7691312500001,9.63307341907057
24.7694645833334,9.63802133599529
24.7697979166667,9.64270883623976
24.7701312500001,9.63984425275703
24.7704645833334,9.6455734197225
24.7707979166667,9.65481821187132
24.7711312500001,9.65963592045591
24.7714645833334,9.65924529543554
24.7717979166667,9.66028696215653
24.7721312500001,9.66849008758436
24.7724645833334,9.67526092127082
24.7727979166667,9.67213592110784
24.7731312500001,9.66940154596523
24.7734645833334,9.66419321236026
24.7737979166667,9.65403696183057
24.7741312500001,9.65625050361268
24.7744645833334,9.66849008758436
24.7747979166667,9.68398488005914
24.7751312500001,9.68203175495728
24.7754645833334,9.67916717147455
24.7757979166667,9.68671925520175
24.7761312500001,9.69791717245244
24.7764645833334,9.69960988087405
24.7767979166667,9.69778696411231
24.7771312500001,9.70117238095554
24.7774645833334,9.70599008954014
24.7777979166667,9.70729217294138
24.7781312500001,9.70677133958088
24.7784645833334,9.71393279828772
24.7787979166667,9.72239634039579
24.7791312500001,9.73138071586436
24.7794645833334,9.73489634104772
24.7797979166667,9.72643279893964
24.7801312500001,9.7251307155384
24.7804645833334,9.72122446533467
24.7807979166667,9.73815154955082
24.7811312500001,9.75390675870585
24.7814645833334,9.76666717603803
24.7817979166667,9.76445363425592
24.7821312500001,9.76041717571206
24.7824645833334,9.76614634267753
24.7827979166667,9.77864634332946
24.7831312500001,9.78007863507082
24.7834645833334,9.76835988445964
24.7837979166667,9.76119842575281
24.7841312500001,9.76901092616026
24.7844645833334,9.78671926041716
24.7847979166667,9.78255259353318
24.7851312500001,9.77786509328871
24.7854645833334,9.77968801005045
24.7857979166668,9.79049530228076
24.7861312500001,9.79700571928697
24.7864645833334,9.78997446892026
24.7867979166667,9.78528696867579
24.7871312500001,9.78906301053939
24.7874645833334,9.79804738600797
24.7877979166668,9.8089848865784
24.7881312500001,9.81250051176176
24.7884645833334,9.81588592860498
24.7887979166667,9.82604217913468
24.7891312500001,9.83294322116126
24.7894645833334,9.83763072140573
24.7897979166668,9.84296926335083
24.7901312500001,9.84088592990884
24.7904645833334,9.84974009703728
24.7907979166668,9.85221405549964
24.7911312500001,9.8675786396343
24.7914645833334,9.87630259842263
24.7917979166668,9.87838593186461
24.7921312500001,9.86354218109045
24.7924645833334,9.85585988902312
24.7927979166668,9.86471405615157
24.7931312500001,9.89114634919679
24.7934645833334,9.90585989163083
24.7937979166668,9.90651093333145
24.7941312500001,9.89349009931902
24.7944645833334,9.90039114134561
24.7947979166668,9.90599009997095
24.7951312500001,9.91653697552101
24.7954645833334,9.90937551681418
24.7957979166668,9.91445364207903
24.7961312500001,9.92916718451306
24.7964645833334,9.94309947690636
24.7967979166668,9.94921926889219
24.7971312500001,9.94726614379033
24.7974645833334,9.94570364370884
24.7977979166668,9.9524744773953
24.7981312500001,9.95690156095952
24.7984645833334,9.96028697780275
24.7987979166668,9.95924531108176
24.7991312500001,9.96302135294536
24.7994645833334,9.9729171867948
24.7997979166668,9.98059947886213
24.8001312500001,9.97838593708002
24.8004645833334,9.98125052056275
24.8007979166668,9.98841197926959
24.8011312500001,10.0009119799215
24.8014645833334,10.0082036469685
24.8017979166668,10.0018234383024
24.8021312500001,9.99648489635729
24.8024645833334,10.0062505218666
24.8027979166668,10.0247401061642
24.8031312500001,10.04127656536
24.8034645833334,10.0398442736187
24.8037979166668,10.0414067737001
24.8041312500001,10.0369796901359
24.8044645833334,10.0384119818773
24.8047979166668,10.0441411488428
24.8051312500001,10.0562505244743
24.8054645833334,10.0613286497392
24.8057979166668,10.0589848996169
24.8061312500001,10.0585942745965
24.8064645833334,10.058073441236
24.8067979166668,10.0567713578348
24.8071312500001,10.0559901077941
24.8074645833334,10.0661463583237
24.8077979166668,10.0802088590572
24.8081312500001,10.0975265682937
24.8084645833334,10.1003911517764
24.8087979166668,10.0950526098313
24.8091312500001,10.0968755265931
24.8094645833334,10.1024744852184
24.8097979166668,10.1136724024691
24.8101312500001,10.109375527245
24.8104645833334,10.1080734438438
24.8107979166668,10.113542194129
24.8111312500001,10.1207036528358
24.8114645833334,10.122005736237
24.8117979166668,10.123047402958
24.8121312500001,10.1250005280599
24.8124645833335,10.1388026121131
24.8127979166668,10.1389328204532
24.8131312500001,10.1421880289563
24.8134645833335,10.137630737052
24.8137979166668,10.1467453208606
24.8141312500001,10.152344279486
24.8144645833334,10.1548182379483
24.8147979166668,10.157552613091
24.8151312500001,10.1571619880706
24.8154645833334,10.1635421967367
24.8157979166668,10.1683599053213
24.8161312500001,10.1723963638651
24.8164645833335,10.1735682389262
24.8167979166668,10.1718755305046
24.8171312500001,10.1761724057287
24.8174645833335,10.1877609479998
24.8177979166668,10.1912765731831
24.8181312500001,10.1947921983665
24.8184645833335,10.1930994899449
24.8187979166668,10.1959640734276
24.8191312500001,10.1958338650875
24.8194645833335,10.2035161571548
24.8197979166668,10.2046880322159
24.8201312500001,10.2164067828271
24.8204645833335,10.2134119910042
24.8207979166668,10.2229171998333
24.8211312500001,10.2236984498741
24.8214645833335,10.2160161578067
24.8217979166668,10.2095057408005
24.8221312500001,10.2016932403931
24.8224645833335,10.2143234493851
24.8227979166668,10.2261724083364
24.8231312500001,10.2359380338457
24.8234645833335,10.2369797005667
24.8237979166668,10.2408859507705
24.8241312500001,10.2542974098033
24.8244645833335,10.2621099102107
24.8247979166668,10.2585942850274
24.8251312500001,10.2531255347421
24.8254645833335,10.2622401185508
24.8257979166668,10.2744797025225
24.8261312500001,10.28229220293
24.8264645833335,10.28229220293
24.8267979166668,10.2761724109441
24.8271312500001,10.2817713695695
24.8274645833335,10.2842453280318
24.8277979166668,10.2947922035819
24.8281312500001,10.2817713695695
24.8284645833335,10.2803390778281
24.8287979166668,10.2790369944269
24.8291312500001,10.2946619952418
24.8294645833335,10.3037765790505
24.8297979166668,10.3123703294987
24.8301312500001,10.3235682467493
24.8304645833335,10.3248703301506
24.8307979166668,10.3272140802728
24.8311312500001,10.326302621892
24.8314645833335,10.3192713715252
24.8317979166668,10.3113286627777
24.8321312500001,10.2967453286838
24.8324645833335,10.3080734542746
24.8327979166668,10.3222661633481
24.8331312500001,10.3406255393056
24.8334645833335,10.3446619978495
24.8337979166668,10.3518234565563
24.8341312500001,10.3539067899983
24.8344645833335,10.3631515821471
24.8347979166668,10.364063040528
24.8351312500001,10.3726567909762
24.8354645833335,10.3703130408539
24.8357979166668,10.3643234572082
24.8361312500001,10.3618494987459
24.8364645833335,10.3705734575342
24.8367979166668,10.3804692913836
24.8371312500001,10.3878911667707
24.8374645833335,10.386068250009
24.8377979166668,10.385026583288
24.8381312500001,10.3861984583491
24.8384645833335,10.389193250172
24.8387979166668,10.3984380423208
24.8391312500001,10.3979172089603
24.8394645833335,10.4037765842659
24.8397979166668,10.4126307513943
24.8401312500002,10.4221359602234
24.8404645833335,10.423828668645
24.8407979166668,10.4226567935839
24.8411312500001,10.4264328354475
24.8414645833335,10.4328130441136
24.8417979166668,10.4429692946433
24.8421312500001,10.4459640864661
24.8424645833335,10.4545578369143
24.8427979166668,10.458464087118
24.8431312500001,10.4604172122199
24.8434645833335,10.462630754002
24.8437979166668,10.4537765868736
24.8441312500002,10.4576828370773
24.8444645833335,10.4652349208045
24.8447979166668,10.4785161714972
24.8451312500002,10.4809901299595
24.8454645833335,10.4782557548169
24.8457979166668,10.4679692959471
24.8461312500002,10.4739588795928
24.8464645833335,10.4819015883404
24.8467979166668,10.5023442977399
24.8471312500002,10.5061203396035
24.8474645833335,10.5046880478621
24.8477979166668,10.4953130473732
24.8481312500002,10.495052630693
24.8484645833335,10.4936203389516
24.8487979166668,10.5046880478621
24.8491312500002,10.5098963814671
24.8494645833335,10.5197922153166
24.8497979166668,10.5240890905407
24.8501312500002,10.5278651324043
24.8504645833335,10.5302088825265
24.8507979166668,10.5385422162944
24.8511312500002,10.5529953420482
24.8514645833335,10.5528651337081
24.8517979166668,10.5453130499809
24.8521312500002,10.5361984661722
24.8524645833335,10.5463547167019
24.8527979166668,10.5666672177613
24.8531312500002,10.5746099265089
24.8534645833335,10.56536513436
24.8537979166668,10.5580734673131
24.8541312500002,10.5680995095026
24.8544645833335,10.5885422189021
24.8547979166668,10.5902349273238
24.8551312500002,10.5837245103176
24.8554645833335,10.5694015929039
24.8557979166668,10.5687505512033
24.8561312500002,10.5678390928224
24.8564645833335,10.5748703431891
24.8567979166668,10.5743495098286
24.8571312500002,10.5807297184947
24.8574645833335,10.5929693024664
24.8577979166668,10.6039068030368
24.8581312500002,10.6032557613362
24.8584645833335,10.5962245109695
24.8587979166668,10.5955734692689
24.8591312500002,10.6027349279757
24.8594645833335,10.6123703451449
24.8597979166668,10.6170578453894
24.8601312500002,10.6165370120289
24.8604645833335,10.6153651369677
24.8607979166668,10.613542220206
24.8611312500002,10.6234380540554
24.8614645833335,10.6330734712246
24.8617979166668,10.63867242985
24.8621312500002,10.6346359713061
24.8624645833335,10.6332036795648
24.8627979166668,10.6330734712246
24.8631312500002,10.6424484717136
24.8634645833335,10.6432297217543
24.8637979166668,10.6470057636179
24.8641312500002,10.6429693050741
24.8644645833335,10.6528651389235
24.8647979166668,10.663802639494
24.8651312500002,10.6736984733434
24.8654645833335,10.6683599313983
24.8657979166668,10.673307848323
24.8661312500002,10.6789068069484
24.8664645833335,10.6865890990157
24.8667979166669,10.6802088903496
24.8671312500002,10.6772140985267
24.8674645833335,10.6839849322132
24.8677979166668,10.6964849328651
24.8681312500002,10.7062505583745
24.8684645833335,10.7066411833948
24.8687979166669,10.7013026414497
24.8691312500002,10.7055995166738
24.8694645833335,10.7132818087412
24.8697979166668,10.7247401426721
24.8701312500002,10.7216151425091
24.8704645833335,10.7208338924684
24.8707979166669,10.7210943091486
24.8711312500002,10.7270838927943
24.8714645833335,10.7329432680999
24.8717979166669,10.7423182685889
24.8721312500002,10.7533859774994
24.8724645833335,10.7559901443019
24.8727979166669,10.7589849361248
24.8731312500002,10.7666672281921
24.8734645833335,10.7778651454428
24.8737979166669,10.7869797292515
24.8741312500002,10.7858078541904
24.8744645833335,10.7834641040681
24.8747979166669,10.781250562286
24.8751312500002,10.7873703542718
24.8754645833335,10.8046880635084
24.8757979166669,10.8195318142825
24.8761312500002,10.8235682728264
24.8764645833335,10.8240891061869
24.8767979166669,10.8272141063499
24.8771312500002,10.8369797318592
24.8774645833335,10.8386724402808
24.8777979166669,10.8300786898326
24.8781312500002,10.8282557730709
24.8784645833335,10.8333338983357
24.8787979166669,10.8460943156679
24.8791312500002,10.8518234826333
24.8794645833335,10.8611984831223
24.8797979166669,10.8729172337335
24.8801312500002,10.8720057753526
24.8804645833335,10.8680995251489
24.8807979166669,10.8731776504137
24.8811312500002,10.8830734842632
24.8814645833335,10.8911464013509
24.8817979166669,10.895443276575
24.8821312500002,10.9010422352003
24.8824645833335,10.9092453606281
24.8827979166669,10.9158859859745
24.8831312500002,10.9229172363412
24.8834645833335,10.9277349449258
24.8837979166669,10.9226568196609
24.8841312500002,10.9330734868709
24.8844645833335,10.9445318208018
24.8847979166669,10.9527349462296
24.8851312500002,10.9582036965148
24.8854645833335,10.9557297380525
24.8857979166669,10.9617193216982
24.8861312500002,10.9671880719834
24.8864645833335,10.9727870306087
24.8867979166669,10.9832036978187
24.8871312500002,10.9869797396823
24.8874645833335,11.0039068238984
24.8877979166669,11.0114589076256
24.8881312500002,11.0114589076256
24.8884645833335,11.0121099493263
24.8887979166669,11.0145839077886
24.8891312500002,11.0303391169437
24.8894645833335,11.0333339087665
24.8897979166669,11.0305995336239
24.8901312500002,11.0289068252023
24.8904645833335,11.0304693252838
24.8907979166669,11.042188075895
24.8911312500002,11.0488287012413
24.8914645833335,11.0518234930641
24.8917979166669,11.0514328680438
24.8921312500002,11.0549484932271
24.8924645833335,11.0652349520969
24.8927979166669,11.0807297445717
24.8931312500002,11.0996099538897
24.8934645833333,11.1071620376169
24.8937979166667,11.1108078711404
24.89413125,11.106120370896
24.8944645833333,11.1126307879022
24.8947979166667,11.1286464137374
24.89513125,11.1363287058048
24.8954645833333,11.1382818309066
24.8957979166667,11.1287766220776
24.89613125,11.1287766220776
24.8964645833333,11.1289068304177
24.8967979166667,11.1279953720368
24.89713125,11.1256516219146
24.8974645833333,11.14179745609
24.8977979166667,11.1600266237074
24.89813125,11.1731776660599
24.8984645833333,11.1722662076791
24.8987979166667,11.1661464156932
24.89913125,11.1653651656525
24.8994645833333,11.1609380820883
24.8997979166667,11.1537766233814
24.90013125,11.1578130819253
24.9004645833333,11.1613287071086
24.9007979166667,11.1798182914063
24.90113125,11.1893235002353
24.9014645833334,11.1967453756224
24.9017979166667,11.2041672510095
24.90213125,11.2091151679342
24.9024645833334,11.2093755846145
24.9027979166667,11.2014328758669
24.90313125,11.1933599587792
24.9034645833333,11.2003912091459
24.9037979166667,11.2167974600015
24.90413125,11.2253912104497
24.9044645833334,11.2270839188714
24.9047979166667,11.2296880856738
24.90513125,11.238281836122
24.9054645833334,11.2501307950733
24.9057979166667,11.249740170053
24.90613125,11.2402349612239
24.9064645833334,11.2330735025171
24.9067979166667,11.2375005860813
24.90713125,11.2532557952363
24.9074645833334,11.2639328791265
24.9077979166667,11.264453712487
24.90813125,11.2631516290858
24.9084645833334,11.2747401713568
24.9087979166667,11.2894537137909
24.90913125,11.2992193393002
24.9094645833334,11.3006516310415
24.9097979166667,11.2938807973551
24.91013125,11.3040370478848
24.9104645833334,11.3190110069991
24.9107979166667,11.334636007814
24.91113125,11.3388026746979
24.9114645833334,11.3272141324269
24.9117979166667,11.3233078822232
24.91213125,11.3389328830381
24.9124645833334,11.3569016339752
24.9127979166667,11.3636724676617
24.91313125,11.3553391338937
24.9134645833334,11.3558599672542
24.9137979166667,11.3597662174579
24.91413125,11.3602870508184
24.9144645833334,11.3701828846679
24.9147979166667,11.3848964271019
24.91513125,11.3893235106661
24.9154645833334,11.3851568437822
24.9157979166667,11.389193302326
24.91613125,11.4079433033039
24.9164645833334,11.4212245539966
24.9167979166667,11.4282558043633
24.91713125,11.4273443459824
24.9174645833334,11.4333339296281
24.9177979166667,11.4427089301171
24.91813125,11.452083930606
24.9184645833334,11.4505214305245
24.9187979166667,11.4457037219399
24.91913125,11.4501308055042
24.9194645833334,11.4617193477752
24.9197979166667,11.4759120568488
24.92013125,11.485547474018
24.9204645833334,11.4949224745069
24.9207979166667,11.5036464332952
24.92113125,11.5154953922465
24.9214645833334,11.5199224758107
24.9217979166667,11.5223964342731
24.92213125,11.518099559049
24.9224645833334,11.5158860172669
24.9227979166667,11.5173183090083
24.92313125,11.5203131008311
24.9234645833334,11.54010476853
24.9237979166667,11.547396435577
24.92413125,11.5613287279703
24.9244645833334,11.5563808110455
24.9247979166667,11.5677089366363
24.92513125,11.5808599789889
24.9254645833334,11.5928391462803
24.9257979166667,11.5981776882254
24.92613125,11.5932297713007
24.9264645833334,11.5920578962396
24.9267979166667,11.6032558134903
24.92713125,11.6127610223193
24.9274645833334,11.6263026896922
24.9277979166667,11.6307297732565
24.9281312500001,11.6333339400589
24.9284645833334,11.6316412316373
24.9287979166667,11.6330735233787
24.92913125,11.6324224816781
24.9294645833334,11.6292974815151
24.9297979166667,11.619792272686
24.9301312500001,11.6196620643459
24.9304645833334,11.6257818563317
24.9307979166667,11.6373703986028
24.9311312500001,11.6503912326152
24.9314645833334,11.6565110246011
24.9317979166667,11.6513026909961
24.9321312500001,11.6460943573911
24.9324645833334,11.6541672744788
24.9327979166667,11.6661464417703
24.9331312500001,11.6701829003141
24.9334645833334,11.6707037336746
24.9337979166667,11.6730474837968
24.9341312500001,11.6859381094691
24.9344645833334,11.6911464430741
24.9347979166667,11.6856776927889
24.9351312500001,11.6748704005586
24.9354645833334,11.6654954000696
24.9357979166667,11.6770839423407
24.9361312500001,11.6942714432371
24.9364645833334,11.7011724852637
24.9367979166667,11.694141234897
24.9371312500001,11.6932297765161
24.9374645833334,11.6963547766791
24.9377979166667,11.7110683191131
24.9381312500001,11.7013026936038
24.9384645833334,11.6997401935223
24.9387979166667,11.6928391514957
24.9391312500001,11.7022141519847
24.9394645833334,11.706771443889
24.9397979166667,11.70781311061
24.9401312500001,11.7063808188686
24.9404645833334,11.7102870690724
24.9407979166667,11.7190110278607
24.9411312500001,11.7191412362008
24.9414645833334,11.7173183194391
24.9417979166667,11.7208339446224
24.9421312500001,11.7268235282681
24.9424645833334,11.735026653696
24.9427979166667,11.7260422782274
24.9431312500001,11.7240891531255
24.9434645833334,11.7236985281052
24.9437979166667,11.7309901951521
24.9441312500001,11.7404954039812
24.9444645833334,11.7417974873824
24.9447979166667,11.7449224875454
24.9451312500001,11.7378912371787
24.9454645833334,11.7384120705392
24.9457979166667,11.7427089457633
24.9461312500001,11.7545579047146
24.9464645833334,11.7602870716801
24.9467979166667,11.7589849882788
24.9471312500001,11.7545579047146
24.9474645833334,11.759115196619
24.9477979166667,11.7708339472301
24.9481312500001,11.7868495730654
24.9484645833334,11.8041672823019
24.9487979166667,11.8028651989007
24.9491312500001,11.7942714484525
24.9494645833334,11.7912766566296
24.9497979166667,11.7962245735544
24.9501312500001,11.8040370739618
24.9504645833334,11.8037766572816
24.9507979166667,11.8028651989007
24.9511312500001,11.810547490968
24.9514645833334,11.8221360332391
24.9517979166667,11.8269537418237
24.9521312500001,11.8322922837688
24.9524645833334,11.8296881169663
24.9527979166667,11.8363287423126
24.9531312500001,11.837761034054
24.9534645833334,11.8381516590744
24.9537979166667,11.8458339511417
24.9541312500001,11.8489589513047
24.9544645833334,11.8540370765695
24.9547979166667,11.8570318683924
24.9551312500001,11.8701829107449
24.9554645833334,11.8709641607857
24.9557979166667,11.8682297856431
24.9561312500001,11.8622402019973
24.9564645833334,11.8632818687183
24.9567979166668,11.8686204106634
24.9571312500001,11.8683599939832
24.9574645833334,11.863932910419
24.9577979166668,11.8572922850726
24.9581312500001,11.8554693683109
24.9584645833334,11.873438119248
24.9587979166668,11.8809902029752
24.9591312500001,11.8850266615191
24.9594645833334,11.8816412446759
24.9597979166668,11.892318328566
24.9601312500001,11.9066412459797
24.9604645833334,11.9024745790957
24.9607979166668,11.8958339537494
24.9611312500001,11.8970058288105
24.9614645833334,11.9115891629044
24.9617979166668,11.9220058301144
24.9621312500001,11.9213547884137
24.9624645833334,11.9204433300329
24.9627979166668,11.9144537463872
24.9631312500001,11.9042974958575
24.9634645833334,11.9075527043606
24.9637979166668,11.9188808299514
24.9641312500001,11.9316412472836
24.9644645833334,11.932162080644
24.9647979166668,11.9298183305218
24.9651312500001,11.9269537470391
24.9654645833334,11.9333339557052
24.9657979166668,11.9333339557052
24.9661312500001,11.9391933310108
24.9664645833334,11.9359381225077
24.9667979166668,11.9432297895546
24.9671312500001,11.9395839560311
24.9674645833334,11.9470058314182
24.9677979166668,11.9558599985467
24.9681312500001,11.9714849993616
24.9684645833334,11.9678391658381
24.9687979166668,11.9619797905325
24.9691312500001,11.9654954157159
24.9694645833334,11.975130832885
24.9697979166668,11.9815110415511
24.9701312500001,11.9805995831703
24.9704645833334,11.9884120835777
24.9707979166668,11.9988287507877
24.9711312500001,12.0039068760525
24.9714645833334,11.9993495841482
24.9717979166668,11.9928391671419
24.9721312500001,11.985547500095
24.9724645833334,11.9994797924883
24.9727979166668,12.0188808351668
24.9731312500001,12.0381516695052
24.9734645833334,12.0335943776008
24.9737979166668,12.0184902101464
24.9741312500001,12.0105475013988
24.9744645833334,12.0160162516841
24.9747979166668,12.029557919057
24.9751312500001,12.0345058359817
24.9754645833334,12.0255214605131
24.9757979166668,12.0260422938736
24.9761312500001,12.0333339609206
24.9764645833334,12.0506516701571
24.9767979166668,12.0514329201978
24.9771312500001,12.045313128212
24.9774645833334,12.0429693780898
24.9777979166668,12.0498704201164
24.9781312500001,12.0618495874078
24.9784645833334,12.0554693787417
24.9787979166668,12.0514329201978
24.9791312500001,12.0574225038436
24.9794645833334,12.0738287546992
24.9797979166668,12.0873704220721
24.9801312500001,12.0860683386709
24.9804645833334,12.0859381303308
24.9807979166668,12.087240213732
24.9811312500001,12.0960943808605
24.9814645833334,12.0994797977037
24.9817979166668,12.1070318814309
24.9821312500001,12.0980475059623
24.9824645833334,12.1016933394858
24.9827979166668,12.1000006310642
24.9831312500001,12.1078131314716
24.9834645833334,12.1072922981111
24.9837979166668,12.1171881319606
24.9841312500001,12.125000632368
24.9844645833335,12.1325527160952
24.9847979166668,12.1305995909934
24.9851312500001,12.1272141741501
24.9854645833335,12.1299485492928
24.9857979166668,12.1209641738242
24.9861312500001,12.1170579236205
24.9864645833335,12.1167975069402
24.9867979166668,12.1235683406267
24.9871312500001,12.1295579242724
24.9874645833335,12.1402350081626
24.9877979166668,12.1434902166657
24.9881312500001,12.1558600089775
24.9884645833335,12.1562506339978
24.9887979166668,12.1585943841201
24.9891312500001,12.1615891759429
24.9894645833335,12.1727870931936
24.9897979166668,12.1845058438048
24.9901312500001,12.1912766774913
24.9904645833335,12.1838548021042
24.9907979166668,12.1901048024301
24.9911312500001,12.1917975108518
24.9914645833335,12.1946620943345
24.9917979166668,12.1942714693141
24.9921312500001,12.207813136687
24.9924645833335,12.2153652204142
24.9927979166668,12.2218756374205
24.9931312500001,12.2135423036525
24.9934645833335,12.2303391795285
24.9937979166668,12.229818346168
24.9941312500001,12.2408860550786
24.9944645833335,12.2337245963718
24.9947979166668,12.2363287631742
24.9951312500001,12.2385423049564
24.9954645833335,12.2505214722478
24.9957979166668,12.2649745980016
24.9961312500001,12.2686204315251
24.9964645833335,12.2597662643966
24.9967979166668,12.2535162640706
24.9971312500001,12.2627610562195
24.9974645833335,12.276953765293
24.9977979166668,12.2904954326659
24.9981312500001,12.2885423075641
24.9984645833335,12.2848964740406
24.9987979166668,12.2851568907208
24.9991312500001,12.2933600161487
24.9994645833335,12.3002610581752
24.9997979166668,12.3003912665154
25.0001312500001,12.3009120998759
25.0004645833335,12.3033860583382
25.0007979166668,12.3096360586642
25.0011312500001,12.3165371006908
25.0014645833335,12.3221360593161
25.0017979166668,12.3337246015872
25.0021312500001,12.3361985600495
25.0024645833335,12.3393235602125
25.0027979166668,12.3334641849069
25.0031312500001,12.3235683510575
25.0034645833335,12.3259121011797
25.0037979166668,12.338802726852
25.0041312500001,12.3645839781966
25.0044645833335,12.3714850202232
25.0047979166668,12.3636725198157
25.0051312500001,12.3611985613534
25.0054645833335,12.3687506450806
25.0057979166668,12.3799485623313
25.0061312500001,12.381771479093
25.0064645833335,12.3895839795005
25.0067979166668,12.4001308550505
25.0071312500001,12.408985022179
25.0074645833335,12.4074225220975
25.0077979166668,12.398568354969
25.0081312500002,12.4109381472808
25.0084645833335,12.4260423147352
25.0087979166668,12.4406256488292
25.0091312500001,12.4356777319044
25.0094645833335,12.4307298149797
25.0097979166668,12.4345058568433
25.0101312500002,12.4341152318229
25.0104645833335,12.4338548151427
25.0107979166668,12.433073565102
25.0111312500002,12.4401048154687
25.0114645833335,12.4471360658354
25.0117979166668,12.4527350244607
25.0121312500002,12.4707037753978
25.0124645833335,12.4903652347566
25.0127979166668,12.5161464861012
25.0131312500002,12.5217454447265
25.0134645833335,12.5200527363049
25.0137979166668,12.5152350277203
25.0141312500002,12.5256516949303
25.0144645833335,12.5397141956637
25.0147979166668,12.5450527376088
25.0151312500002,12.5417975291057
25.0154645833335,12.5476569044113
25.0157979166668,12.553646488057
25.0161312500002,12.5617194051447
25.0164645833335,12.5656256553484
25.0167979166668,12.5661464887089
25.0171312500002,12.5606777384237
25.0174645833335,12.5611985717842
25.0177979166668,12.5738287807762
25.0181312500002,12.5830735729251
25.0184645833335,12.5858079480677
25.0187979166668,12.5868496147887
25.0191312500002,12.5904954483121
25.0194645833335,12.6003912821616
25.0197979166668,12.607162115848
25.0201312500002,12.6119798244326
25.0204645833335,12.6233079500234
25.0207979166668,12.6358079506754
25.0211312500002,12.652214201531
25.0214645833335,12.6571621184557
25.0217979166668,12.6598964935984
25.0221312500002,12.6644537855027
25.0224645833335,12.6643235771626
25.0227979166668,12.6757819110935
25.0231312500002,12.6809902446985
25.0234645833335,12.6873704533646
25.0237979166668,12.6890631617862
25.0241312500002,12.6911464952282
25.0244645833335,12.6967454538535
25.0247979166668,12.7006517040572
25.0251312500002,12.70351628754
25.0254645833335,12.7063808710227
25.0257979166668,12.7057298293221
25.0261312500002,12.7127610796888
25.0264645833335,12.7218756634975
25.0267979166668,12.7300787889253
25.0271312500002,12.7286464971839
25.0274645833335,12.7300787889253
25.0277979166668,12.7322923307074
25.0281312500002,12.7406256644754
25.0284645833335,12.7434902479581
25.0287979166668,12.7472662898217
25.0291312500002,12.7555996235897
25.0294645833335,12.765365249099
25.0297979166668,12.7675787908811
25.0301312500002,12.7738287912071
25.0304645833335,12.7675787908811
25.0307979166668,12.7686204576021
25.0311312500002,12.7648444157385
25.0314645833335,12.7677089992212
25.0317979166668,12.7721360827854
25.0321312500002,12.7725267078058
25.0324645833335,12.77695379137
25.0327979166668,12.7860683751787
25.0331312500002,12.7890631670016
25.0334645833335,12.7886725419812
25.0337979166668,12.77695379137
25.0341312500002,12.7765631663497
25.0344645833335,12.7727871244861
25.0347979166668,12.7891933753417
25.0351312500002,12.7992194175313
25.0354645833335,12.8132819182647
25.0357979166668,12.8065110845782
25.0361312500002,12.8111985848227
25.0364645833335,12.8065110845782
25.0367979166668,12.8024746260344
25.0371312500002,12.7946621256269
25.0374645833335,12.8037767094356
25.0377979166668,12.8238287938148
25.0381312500002,12.8345058777049
25.0384645833335,12.8382819195685
25.0387979166668,12.8346360860451
25.0391312500002,12.8417975447519
25.0394645833335,12.8406256696908
25.0397979166669,12.8447923365748
25.0401312500002,12.8432298364933
25.0404645833335,12.8615892124508
25.0407979166669,12.8665371293755
25.0411312500002,12.8669277543959
25.0414645833335,12.863932962573
25.0417979166669,12.873307963062
25.0421312500002,12.8790371300274
25.0424645833335,12.8876308804756
25.0427979166669,12.89218817238
25.0431312500002,12.910026714977
25.0434645833335,12.8977871310053
25.0437979166669,12.8907558806386
25.0441312500002,12.8834642135917
25.0444645833335,12.8858079637139
25.0447979166669,12.8889329638769
25.0451312500002,12.8944017141621
25.0454645833335,12.9022142145695
25.0457979166669,12.9040371313313
25.0461312500002,12.9055996314128
25.0464645833335,12.9088548399159
25.0467979166669,12.908985048256
25.0471312500002,12.9026048395899
25.0474645833335,12.9033860896307
25.0477979166669,12.9115892150585
25.0481312500002,12.9113287983782
25.0484645833335,12.9114590067184
25.0487979166669,12.9098965066369
25.0491312500002,12.9316412994376
25.0494645833335,12.9480475502933
25.0497979166669,12.9542975506192
25.0501312500002,12.9438808834093
25.0504645833335,12.9447923417902
25.0507979166669,12.9636725511082
25.0511312500002,12.9794277602632
25.0514645833335,12.9768235934607
25.0517979166669,12.9610683843057
25.0521312500002,12.9569017174217
25.0524645833335,12.9626308843872
25.0527979166669,12.977084010141
25.0531312500002,12.9811204686848
25.0534645833335,12.988672552412
25.0537979166669,12.9863288022898
25.0541312500002,12.9811204686848
25.0544645833335,12.9807298436644
25.0547979166669,12.9859381772694
25.0551312500002,13.0102871368727
25.0554645833335,13.019011095661
25.0557979166669,13.0217454708036
25.0561312500002,13.0186204706406
25.0564645833335,13.0266933877283
25.0567979166669,13.0359381798771
25.0571312500002,13.0312506796326
25.0574645833335,13.0276048461092
25.0577979166669,13.0397142217407
25.0581312500002,13.0592454727594
25.0584645833335,13.0654954730853
25.0587979166669,13.0539069308143
25.0591312500002,13.0427090135636
25.0594645833335,13.052604847413
25.0597979166669,13.0686204732483
25.0601312500002,13.078776723778
25.0604645833335,13.0729173484724
25.0607979166669,13.0683600565681
25.0611312500002,13.0824225573015
25.0614645833335,13.099740266538
25.0617979166669,13.1067715169047
25.0621312500002,13.0895840160083
25.0624645833335,13.0837246407027
25.0627979166669,13.0898444326886
25.0631312500002,13.1173183924548
25.0634645833335,13.1233079761005
25.0637979166669,13.1320319348888
25.06413125,13.1255215178826
25.0644645833333,13.1244798511616
25.0647979166667,13.1244798511616
25.06513125,13.1351569350518
25.0654645833333,13.1473965190235
25.0657979166667,13.1484381857445
25.06613125,13.1425788104389
25.0664645833333,13.1519538109278
25.0667979166667,13.1617194364371
25.06713125,13.1691413118242
25.0674645833333,13.1747402704495
25.0677979166667,13.1786465206533
25.06813125,13.1852871459996
25.0684645833333,13.186719437741
25.0687979166667,13.1923183963663
25.06913125,13.2022142302158
25.0694645833333,13.2050788136985
25.0697979166667,13.2179694393708
25.07013125,13.2197923561325
25.0704645833333,13.2321621484443
25.0707979166667,13.2403652738722
25.07113125,13.2493496493407
25.0714645833333,13.2429694406746
25.0717979166667,13.2253913147579
25.07213125,13.2214850645541
25.0724645833333,13.2225267312751
25.0727979166667,13.2321621484443
25.07313125,13.2311204817233
25.0734645833333,13.2352871486073
25.0737979166667,13.2477871492592
25.07413125,13.2546881912858
25.0744645833334,13.264323608455
25.0747979166667,13.2634121500741
25.07513125,13.2652350668359
25.0754645833334,13.2648444418155
25.0757979166667,13.2778652758279
25.07613125,13.293620484983
25.0764645833334,13.3007819436898
25.0767979166667,13.282162151052
25.07713125,13.2761725674063
25.0774645833334,13.2714850671618
25.0777979166667,13.2889329847385
25.07813125,13.3042975688732
25.0784645833334,13.3212246530893
25.0787979166667,13.3279954867758
25.07913125,13.3260423616739
25.0794645833334,13.3268236117146
25.0797979166667,13.3320319453196
25.08013125,13.3337246537412
25.0804645833334,13.3375006956048
25.0807979166667,13.3296881951974
25.08113125,13.3339850704215
25.0814645833334,13.3391934040264
25.0817979166667,13.3636725719698
25.08213125,13.3644538220105
25.0824645833334,13.3683600722143
25.0827979166667,13.3634121552896
25.08313125,13.3768236143223
25.0834645833334,13.3824225729477
25.0837979166667,13.3847663230699
25.08413125,13.3816413229069
25.0844645833334,13.3904954900354
25.0847979166667,13.3946621569194
25.08513125,13.4062506991904
25.0854645833334,13.406901740891
25.0857979166667,13.4117194494756
25.08613125,13.4136725745775
25.0864645833334,13.415235074659
25.0867979166667,13.4243496584677
25.08713125,13.4272142419504
25.0874645833334,13.4436204928061
25.0877979166667,13.442448617745
25.08813125,13.4446621595271
25.0884645833334,13.435156950698
25.0887979166667,13.4276048669708
25.08913125,13.4386725758814
25.0894645833334,13.4477871596901
25.0897979166667,13.4654954939469
25.09013125,13.470834035892
25.0904645833334,13.4717454942729
25.0907979166667,13.477084036218
25.09113125,13.477084036218
25.0914645833334,13.4815111197822
25.0917979166667,13.472917369334
25.09213125,13.4669277856883
25.0924645833334,13.4713548692525
25.0927979166667,13.4811204947619
25.09313125,13.4890632035094
25.0934645833334,13.4908861202712
25.0937979166667,13.5013027874811
25.09413125,13.5085944545281
25.0944645833334,13.5082038295077
25.0947979166667,13.5095059129089
25.09513125,13.52109445518
25.0954645833334,13.5406257061986
25.0957979166667,13.5455736231233
25.09613125,13.5507819567283
25.0964645833334,13.5489590399666
25.0967979166667,13.5632819573802
25.09713125,13.5591152904963
25.0974645833334,13.5592454988364
25.0977979166667,13.5584642487956
25.09813125,13.5725267495291
25.0984645833334,13.5817715416779
25.0987979166667,13.5824225833785
25.09913125,13.5736986245902
25.0994645833334,13.576693416413
25.0997979166667,13.5924486255681
25.1001312500001,13.599740292615
25.1004645833334,13.6058600846009
25.1007979166667,13.6002611259755
25.1011312500001,13.6135423766682
25.1014645833334,13.6167975851713
25.1017979166667,13.6291673774831
25.1021312500001,13.6463548783795
25.1024645833334,13.6561205038888
25.1027979166667,13.6542975871271
25.10313125,13.647917378461
25.1034645833334,13.6561205038888
25.1037979166667,13.6671882127994
25.1041312500001,13.6723965464043
25.1044645833334,13.6713548796834
25.1047979166667,13.6662767544185
25.1051312500001,13.6631517542555
25.1054645833334,13.6696621712617
25.1057979166667,13.6821621719137
25.1061312500001,13.6958340476267
25.1064645833334,13.7062507148366
25.1067979166667,13.7058600898163
25.1071312500001,13.7063809231768
25.1074645833334,13.7141934235842
25.1077979166667,13.7360684247251
25.1081312500001,13.7408861333097
25.1084645833334,13.7402350916091
25.1087979166667,13.7477871753363
25.1091312500001,13.768490301416
25.1094645833334,13.7657559262734
25.1097979166667,13.7528653006011
25.1101312500001,13.7429694667517
25.1104645833334,13.7480475920165
25.1107979166667,13.7541673840024
25.1111312500001,13.7638028011716
25.1114645833334,13.7723965516198
25.1117979166667,13.770573634858
25.1121312500001,13.7598965509678
25.1124645833334,13.7576830091857
25.1127979166667,13.7602871759882
25.1131312500001,13.7673184263549
25.1134645833334,13.7773444685445
25.1137979166667,13.7847663439316
25.1141312500001,13.7950528028014
25.1144645833334,13.792578844339
25.1147979166667,13.7990892613452
25.1151312500001,13.7970059279032
25.1154645833334,13.7902350942168
25.1157979166667,13.7942715527606
25.1161312500001,13.7966153028829
25.1164645833334,13.8071621784329
25.1167979166667,13.8029955115489
25.1171312500001,13.7962246778625
25.1174645833334,13.8015632198076
25.1177979166667,13.808334053494
25.1181312500001,13.8143236371398
25.1184645833334,13.8070319700928
25.1187979166667,13.8071621784329
25.1191312500001,13.8226569709077
25.1194645833334,13.8279955128528
25.1197979166667,13.8255215543904
25.1201312500001,13.820834054146
25.1204645833334,13.821875720867
25.1207979166667,13.8240892626491
25.1211312500001,13.816667387262
25.1214645833334,13.8210944708262
25.1217979166667,13.8194017624046
25.1221312500001,13.8239590543089
25.1224645833334,13.8223965542275
25.1227979166667,13.8259121794108
25.1231312500001,13.8372403050016
25.1234645833334,13.8496100973134
25.1237979166667,13.8542975975579
25.1241312500001,13.8481778055721
25.1244645833334,13.8430996803072
25.1247979166667,13.8441413470282
25.1251312500001,13.8507819723745
25.1254645833334,13.859636139503
25.1257979166667,13.8563809309999
25.1261312500001,13.8550788475986
25.1264645833334,13.853386139177
25.1267979166668,13.8609382229042
25.1271312500001,13.8641934314073
25.1274645833334,13.8630215563462
25.1277979166667,13.8608080145641
25.1281312500001,13.8587246811221
25.1284645833334,13.8597663478431
25.1287979166668,13.8611986395845
25.1291312500001,13.8717455151345
25.1294645833334,13.8778653071204
25.1297979166668,13.8824225990247
25.1301312500001,13.8707038484135
25.1304645833334,13.8600267645234
25.1307979166668,13.8640632230672
25.1311312500001,13.8710944734339
25.1314645833334,13.8765632237191
25.1317979166668,13.8752611403179
25.1321312500001,13.8820319740043
25.1324645833334,13.8907559327927
25.1327979166668,13.8949225996766
25.1331312500001,13.8881517659902
25.1334645833334,13.878516348821
25.1337979166668,13.879558015542
25.1341312500001,13.894271557976
25.1344645833334,13.9101569754712
25.1347979166668,13.9095059337706
25.1351312500001,13.9033861417847
25.1354645833334,13.9084642670496
25.1357979166668,13.9270840596873
25.1361312500001,13.9376309352374
25.1364645833334,13.9316413515917
25.1367979166668,13.91940176762
25.1371312500001,13.9167976008175
25.1374645833334,13.9343757267343
25.1377979166668,13.9496101025288
25.1381312500001,13.948698644148
25.1384645833334,13.946615310706
25.1387979166668,13.9493496858486
25.1391312500001,13.9562507278752
25.1394645833334,13.9489590608282
25.1397979166668,13.947656977427
25.1401312500001,13.9580736446369
25.1404645833334,13.975000728853
25.1407979166668,13.9807298958185
25.1411312500001,13.9908861463482
25.1414645833334,13.9928392714501
25.1417979166668,14.0062507304829
25.1421312500001,14.0040371887008
25.1424645833334,14.0111986474076
25.1427979166668,14.0041673970409
25.1431312500001,14.0071621888637
25.1434645833334,14.0126309391489
25.1437979166668,14.0203132312163
25.1441312500001,14.026302814862
25.1444645833334,14.0321621901676
25.1447979166668,14.0365892737318
25.1451312500001,14.0518236495263
25.1454645833334,14.0625007334165
25.1457979166668,14.0699226088036
25.1461312500001,14.0519538578665
25.1464645833334,14.0348965653102
25.1467979166668,14.0345059402898
25.1471312500001,14.0617194833758
25.1474645833334,14.0861986513191
25.1477979166668,14.0910163599037
25.1481312500001,14.0878913597408
25.1484645833334,14.0907559432235
25.1487979166668,14.0985684436309
25.1491312500001,14.1071621940791
25.1494645833334,14.1031257355353
25.1497979166668,14.104948652297
25.1501312500001,14.0981778186106
25.1504645833334,14.1082038608001
25.1507979166668,14.1171882362687
25.1511312500001,14.1235684449348
25.1514645833334,14.1200528197514
25.1517979166668,14.1108080276026
25.1521312500001,14.10807365246
25.1524645833334,14.1037767772359
25.1527979166668,14.1115892776434
25.1531312500001,14.1200528197514
25.1534645833334,14.1252611533564
25.1537979166668,14.1309903203219
25.1541312500001,14.1298184452608
25.1544645833335,14.1276049034786
25.1547979166668,14.132162195383
25.1551312500001,14.1282559451793
25.1554645833335,14.1389330290695
25.1557979166668,14.1354174038861
25.1561312500001,14.1398444874503
25.1564645833334,14.1350267788657
25.1567979166668,14.1289069868799
25.1571312500001,14.1207038614521
25.1574645833334,14.1171882362687
25.1577979166668,14.132162195383
25.1581312500001,14.1464851127967
25.1584645833335,14.1535163631634
25.1587979166668,14.1464851127967
25.1591312500001,14.1462246961164
25.1594645833335,14.1488288629189
25.1597979166668,14.1369799039676
25.1601312500001,14.1395840707701
25.1604645833335,14.1382819873688
25.1607979166668,14.1410163625114
25.1611312500001,14.1364590706071
25.1614645833335,14.152084071422
25.1617979166668,14.175130947624
25.1621312500001,14.1828132396913
25.1624645833335,14.1756517809845
25.1627979166668,14.175130947624
25.1631312500001,14.1869799065753
25.1634645833335,14.2023444907099
25.1637979166668,14.1951830320031
25.1641312500001,14.1878913649562
25.1644645833335,14.1790371978277
25.1647979166668,14.1873705315957
25.1651312500001,14.1958340737037
25.1654645833335,14.2041674074717
25.1657979166668,14.2138028246409
25.1661312500001,14.2277351170342
25.1664645833335,14.2364590758225
25.1667979166668,14.2428392844886
25.1671312500001,14.2356778257818
25.1674645833335,14.2399747010058
25.1677979166668,14.2451830346108
25.1681312500001,14.2614590771263
25.1684645833335,14.2709642859554
25.1687979166668,14.2785163696826
25.1691312500001,14.2697924108943
25.1694645833335,14.2729174110573
25.1697979166668,14.2742194944585
25.1701312500001,14.2878913701716
25.1704645833335,14.279948661424
25.1707979166668,14.2733080360777
25.1711312500001,14.2805997031246
25.1714645833335,14.3010424125241
25.1717979166668,14.3194017884816
25.1721312500001,14.3148444965773
25.1724645833335,14.3136726215162
25.1727979166668,14.3227872053249
25.1731312500001,14.3358080393373
25.1734645833335,14.3347663726163
25.1737979166668,14.3329434558545
25.1741312500001,14.3333340808749
25.1744645833335,14.3389330395003
25.1747979166668,14.3420580396632
25.1751312500001,14.3557299153763
25.1754645833335,14.3670580409671
25.1757979166668,14.3727872079326
25.1761312500001,14.3761726247758
25.1764645833335,14.3821622084215
25.1767979166668,14.3860684586252
25.1771312500001,14.3891934587882
25.1774645833335,14.3923184589512
25.1777979166668,14.3959642924747
25.1781312500001,14.4015632511
25.1784645833335,14.4156257518334
25.1787979166668,14.429818460907
25.1791312500001,14.4286465858459
25.1794645833335,14.4165372102143
25.1797979166668,14.4161465851939
25.1801312500001,14.4240892939415
25.1804645833335,14.4440111699805
25.1807979166668,14.4503913786466
25.1811312500001,14.4636726293393
25.1814645833335,14.4794278384943
25.1817979166668,14.4940111725882
25.1821312500001,14.4859382555005
25.1824645833335,14.4834642970382
25.1827979166668,14.486459088861
25.1831312500002,14.5067715899204
25.1834645833335,14.49583408935
25.1837979166668,14.5001309645741
25.1841312500002,14.4976570061117
25.1844645833335,14.5190111738921
25.1847979166668,14.5179695071711
25.1851312500002,14.5279955493606
25.1854645833335,14.5303392994829
25.1857979166668,14.532552841265
25.1861312500002,14.5187507572118
25.1864645833335,14.5141934653075
25.1867979166668,14.5204434656334
25.1871312500002,14.534636174707
25.1874645833335,14.5298184661224
25.1877979166668,14.5235684657964
25.1881312500002,14.5210945073341
25.1884645833335,14.5368497164891
25.1887979166668,14.5509122172225
25.1891312500002,14.5635424262146
25.1894645833335,14.5598965926911
25.1897979166668,14.5510424255626
25.1901312500002,14.5475268003793
25.1904645833335,14.55872471763
25.1907979166668,14.5708340932615
25.1911312500002,14.5820320105122
25.1914645833335,14.5795580520498
25.1917979166668,14.5697924265405
25.1921312500002,14.574479926785
25.1924645833335,14.5859382607159
25.1927979166668,14.6097663869587
25.1931312500002,14.6010424281703
25.1934645833335,14.5911465943209
25.1937979166668,14.5951830528647
25.1941312500002,14.6100268036389
25.1944645833335,14.6208340958692
25.1947979166668,14.6088549285778
25.1951312500002,14.598568469708
25.1954645833335,14.5963549279259
25.1957979166668,14.6079434701969
25.1961312500002,14.6197924291482
25.1964645833335,14.6201830541686
25.1967979166668,14.6158861789445
25.1971312500002,14.6162768039649
25.1974645833335,14.6248705544131
25.1977979166668,14.6359382633236
25.1981312500002,14.6348965966026
25.1984645833335,14.6326830548205
25.1987979166668,14.6264330544946
25.1991312500002,14.6304695130384
25.1994645833335,14.6441413887514
25.1997979166668,14.6619799313485
25.2001312500002,14.6660163898923
25.2004645833335,14.6606778479472
25.2007979166668,14.6553393060021
25.2011312500002,14.6509122224379
25.2014645833335,14.6523445141793
25.2017979166668,14.6501309723972
25.2021312500002,14.6601570145867
25.2024645833335,14.658334097825
25.2027979166668,14.6598965979065
25.2031312500002,14.6640632647905
25.2034645833335,14.6670580566133
25.2037979166668,14.6727872235788
25.2041312500002,14.6679695149942
25.2044645833335,14.6680997233343
25.2047979166668,14.6652351398516
25.2051312500002,14.6640632647905
25.2054645833335,14.6705736817967
25.2057979166668,14.673047640259
25.2061312500002,14.6774747238233
25.2064645833335,14.6828132657683
25.2067979166668,14.6872403493326
25.2071312500002,14.6927090996178
25.2074645833335,14.6959643081209
25.2077979166668,14.6890632660943
25.2081312500002,14.6916674328968
25.2084645833335,14.6839851408295
25.2087979166669,14.6912768078764
25.2091312500002,14.6942715996993
25.2094645833335,14.7070320170315
25.2097979166669,14.7125007673167
25.2101312500002,14.7089851421333
25.2104645833335,14.6964851414814
25.2107979166668,14.6914070162165
25.2111312500002,14.6938809746789
25.2114645833335,14.6998705583246
25.2117979166669,14.7031257668277
25.2121312500002,14.6989590999438
25.2124645833335,14.6954434747604
25.2127979166669,14.7001309750049
25.2131312500002,14.7006518083654
25.2134645833335,14.698177849903
25.2137979166669,14.6872403493326
25.2141312500002,14.6945320163795
25.2144645833335,14.7104174338747
25.2147979166669,14.7291674348526
25.2151312500002,14.7363288935594
25.2154645833335,14.7386726436816
25.2157979166669,14.7213549344451
25.2161312500002,14.713933059058
25.2164645833335,14.7074226420518
25.2167979166669,14.719141392663
25.2171312500002,14.7207038927445
25.2174645833335,14.7199226427037
25.2177979166669,14.7182299342821
25.2181312500002,14.728516393152
25.2184645833335,14.7493497275718
25.2187979166669,14.7643236866861
25.2191312500002,14.7614591032034
25.2194645833335,14.7545580611768
25.2197979166669,14.7511726443336
25.2201312500002,14.7588549364009
25.2204645833335,14.7506518109731
25.2207979166669,14.7496101442521
25.2211312500002,14.7459643107286
25.2214645833335,14.7503913942928
25.2217979166669,14.7549486861972
25.2221312500002,14.7670580618287
25.2224645833335,14.7796882708208
25.2227979166669,14.7888028546295
25.2231312500002,14.7848966044257
25.2234645833335,14.7829434793239
25.2237979166669,14.7906257713912
25.2241312500002,14.7944018132548
25.2244645833335,14.7963549383567
25.2247979166669,14.7812507709023
25.2251312500002,14.7785163957597
25.2254645833335,14.7699226453115
25.2257979166669,14.7752611872565
25.2261312500002,14.7847663960856
25.2264645833335,14.7994799385197
25.2267979166669,14.8035163970635
25.2271312500002,14.7996101468598
25.2274645833335,14.8042976471043
25.2277979166669,14.8095059807092
25.2281312500002,14.8110684807907
25.2284645833335,14.7979174384382
25.2287979166669,14.7871101462079
25.2291312500002,14.7953132716357
25.2294645833335,14.81028723075
25.2297979166669,14.8170580644364
25.2301312500002,14.8088549390086
25.2304645833335,14.8087247306685
25.2307979166669,14.8186205645179
25.2311312500002,14.8337247319723
25.2314645833335,14.8341153569927
25.2317979166669,14.8328132735915
25.2321312500002,14.8283861900272
25.2324645833335,14.8377611905162
25.2327979166669,14.8441413991823
25.2331312500002,14.8533861913311
25.2334645833335,14.8688809838059
25.2337979166669,14.8842455679405
25.2341312500002,14.8819018178183
25.2344645833336,14.8662768170034
25.2347979166667,14.8555997331132
25.23513125,14.8576830665552
25.2354645833333,14.860677858378
25.2357979166667,14.8632820251805
25.23613125,14.8824226511788
25.2364645833333,14.8933601517492
25.2367979166667,14.9006518187962
25.23713125,14.8880216098041
25.2374645833333,14.8916674433276
25.2377979166667,14.8992195270548
25.23813125,14.9105476526456
25.2384645833333,14.9053393190407
25.2387979166667,14.8984382770141
25.23913125,14.891016401627
25.2394645833333,14.9062507774215
25.2397979166667,14.914063277829
25.24013125,14.9218757782364
25.2404645833333,14.9108080693259
25.2407979166667,14.9169278613117
25.24113125,14.9289070286031
25.2414645833333,14.939193487473
25.2417979166667,14.9423184876359
25.24213125,14.9480476546014
25.2424645833333,14.9540372382471
25.2427979166667,14.9531257798662
25.24313125,14.9502611963835
25.2434645833333,14.9656257805182
25.2437979166667,14.9863289065979
25.24413125,14.9957039070869
25.2444645833334,14.9889330734004
25.2447979166667,14.9871101566387
25.24513125,14.997917448869
25.2454645833334,15.0154955747857
25.2457979166667,15.0261726586759
25.24613125,15.0286466171383
25.2464645833333,15.0244799502543
25.2467979166667,15.033594534063
25.24713125,15.0386726593279
25.2474645833334,15.0476570347964
25.2477979166667,15.0414070344705
25.24813125,15.0479174514767
25.2484645833334,15.0472664097761
25.2487979166667,15.0541674518026
25.24913125,15.0531257850817
25.2494645833334,15.0653653690533
25.2497979166667,15.0824226616096
25.25013125,15.0940112038807
25.2504645833334,15.1002612042066
25.2507979166667,15.0898445369967
25.25113125,15.092318495459
25.2514645833334,15.0937507872004
25.2517979166667,15.1067716212128
25.25213125,15.1238289137691
25.2524645833334,15.1388028728834
25.2527979166667,15.1420580813865
25.25313125,15.1486987067328
25.2534645833334,15.1458341232501
25.2537979166667,15.1516934985557
25.25413125,15.1454434982297
25.2544645833334,15.1437507898081
25.2547979166667,15.1544278736983
25.25513125,15.1622403741058
25.2554645833334,15.1743497497373
25.2557979166667,15.1729174579959
25.25613125,15.1846362086071
25.2564645833334,15.2001310010819
25.2567979166667,15.2118497516931
25.25713125,15.2123705850536
25.2574645833334,15.2066414180881
25.2577979166667,15.2067716264282
25.25813125,15.2162768352573
25.2584645833334,15.231641419392
25.2587979166667,15.2468757951865
25.25913125,15.249479961989
25.2594645833334,15.2488289202884
25.2597979166667,15.2449226700846
25.26013125,15.247396628547
25.2604645833334,15.2460945451458
25.2607979166667,15.2566414206958
25.26113125,15.2623705876613
25.2614645833334,15.2739591299323
25.2617979166667,15.2701830880687
25.26213125,15.2628914210218
25.2624645833334,15.262110170981
25.2627979166667,15.2777351717959
25.26313125,15.288282047346
25.2634645833334,15.2984382978757
25.2637979166667,15.2826830887207
25.26413125,15.284115380462
25.2644645833334,15.2867195472645
25.2647979166667,15.2947924643522
25.26513125,15.2847664221626
25.2654645833334,15.2765632967348
25.2657979166667,15.2783862134966
25.26613125,15.2928393392504
25.2664645833334,15.2930997559306
25.2667979166667,15.290365380788
25.26713125,15.2899747557676
25.2674645833334,15.3026049647597
25.2677979166667,15.3164070488128
25.26813125,15.3319018412876
25.2684645833334,15.3337247580494
25.2687979166667,15.3368497582123
25.26913125,15.3348966331105
25.2694645833334,15.3377612165932
25.2697979166667,15.3417976751371
25.2701312500001,15.3342455914099
25.2704645833334,15.339584133355
25.2707979166667,15.3411466334364
25.2711312500001,15.3447924669599
25.2714645833334,15.3363289248518
25.2717979166667,15.3231778824993
25.27213125,15.3174487155338
25.2724645833334,15.3225268407987
25.2727979166667,15.3325528829882
25.2731312500001,15.3380216332735
25.2734645833334,15.3401049667154
25.2737979166667,15.3458341336809
25.2741312500001,15.3494799672044
25.2744645833334,15.3350268414506
25.2747979166667,15.3261726743222
25.2751312500001,15.3315112162672
25.2754645833334,15.3419278834772
25.2757979166667,15.349089342184
25.2761312500001,15.3513028839661
25.2764645833334,15.3420580918173
25.2767979166667,15.3359382998315
25.2771312500001,15.3356778831512
25.2774645833334,15.3446622586198
25.2777979166667,15.3519539256667
25.2781312500001,15.3497403838846
25.2784645833334,15.3613289261557
25.2787979166667,15.3664070514205
25.2791312500001,15.3652351763594
25.2794645833334,15.3671883014613
25.2797979166667,15.3613289261557
25.2801312500001,15.3628914262372
25.2804645833334,15.3582039259927
25.2807979166667,15.3552091341699
25.2811312500001,15.3537768424285
25.2814645833334,15.3546883008094
25.2817979166667,15.3692716349033
25.2821312500001,15.372136218386
25.2824645833334,15.3733080934471
25.2827979166667,15.3639330929582
25.2831312500001,15.369011218223
25.2834645833334,15.3791674687527
25.2837979166667,15.3824226772558
25.2841312500001,15.3819018438953
25.2844645833334,15.3803393438138
25.2847979166667,15.3845060106978
25.2851312500001,15.3895841359627
25.2854645833334,15.379427885433
25.2857979166667,15.3735685101274
25.2861312500001,15.3770841353107
25.2864645833334,15.3839851773373
25.2867979166667,15.3980476780707
25.2871312500001,15.3986987197713
25.2874645833334,15.399349761472
25.2877979166667,15.3838549689972
25.2881312500001,15.3750008018687
25.2884645833334,15.3848966357182
25.2887979166667,15.4002612198528
25.2891312500001,15.4162768456881
25.2894645833334,15.4141935122461
25.2897979166667,15.4139330955659
25.2901312500001,15.4131518455251
25.2904645833334,15.4242195544357
25.2907979166667,15.4295580963808
25.2911312500001,15.4317716381629
25.2914645833334,15.4166674707085
25.2917979166667,15.4235685127351
25.2921312500001,15.4313810131425
25.2924645833334,15.4355476800265
25.2927979166667,15.4326830965438
25.2931312500001,15.4338549716049
25.2934645833334,15.4466153889371
25.2937979166667,15.4574226811674
25.2941312500001,15.4627612231125
25.2944645833334,15.4579435145279
25.2947979166667,15.438151846829
25.2951312500001,15.4252612211567
25.2954645833334,15.4290372630203
25.2957979166667,15.437110180108
25.2961312500001,15.438151846829
25.2964645833334,15.4302091380814
25.2967979166667,15.4369799717679
25.2971312500001,15.4576830978476
25.2974645833334,15.4743497653835
25.2977979166667,15.4682299733977
25.2981312500001,15.4569018478069
25.2984645833334,15.4535164309636
25.2987979166667,15.4669278899964
25.2991312500001,15.4697924734792
25.2994645833334,15.4718758069212
25.2997979166667,15.463282056473
25.3001312500001,15.4716153902409
25.3004645833334,15.479037265628
25.3007979166667,15.4925789330009
25.3011312500001,15.4791674739681
25.3014645833334,15.4721362236014
25.3017979166668,15.4736987236829
25.3021312500001,15.4755216404446
25.3024645833334,15.480078932349
25.3027979166668,15.4799487240089
25.3031312500001,15.4908862245793
25.3034645833334,15.495834141504
25.3037979166668,15.5033862252312
25.3041312500001,15.5104174755979
25.3044645833334,15.5115893506591
25.3047979166668,15.5003914334084
25.3051312500001,15.5035164335714
25.3054645833334,15.5067716420745
25.3057979166668,15.5222664345492
25.3061312500001,15.5207039344678
25.3064645833334,15.524089351311
25.3067979166668,15.5179695593251
25.3071312500001,15.5235685179505
25.3074645833334,15.5264331014332
25.3077979166668,15.5304695599771
25.3081312500001,15.5266935181135
25.3084645833334,15.5248706013517
25.3087979166668,15.5111987256387
25.3091312500001,15.5067716420745
25.3094645833334,15.5044278919522
25.3097979166668,15.5144539341418
25.3101312500001,15.51263101738
25.3104645833334,15.5139331007813
25.3107979166668,15.5238289346307
25.3111312500001,15.5339851851604
25.3114645833334,15.5368497686432
25.3117979166668,15.5324226850789
25.3121312500001,15.527214351474
25.3124645833334,15.5347664352012
25.3127979166668,15.5412768522074
25.3131312500001,15.5385424770648
25.3134645833334,15.5316414350382
25.3137979166668,15.5265633097733
25.3141312500001,15.5321622683987
25.3144645833334,15.534636226861
25.3147979166668,15.5399747688061
25.3151312500001,15.5417976855679
25.3154645833334,15.5468758108327
25.3157979166668,15.5519539360976
25.3161312500001,15.5614591449266
25.3164645833334,15.5600268531853
25.3167979166668,15.5520841444377
25.3171312500001,15.54401122735
25.3174645833334,15.5334643517999
25.3177979166668,15.5348966435413
25.3181312500001,15.5376310186839
25.3184645833334,15.5361987269425
25.3187979166668,15.5298185182764
25.3191312500001,15.5203133094474
25.3194645833334,15.5270841431338
25.3197979166668,15.5325528934191
25.3201312500001,15.5385424770648
25.3204645833334,15.5376310186839
25.3207979166668,15.5381518520444
25.3211312500001,15.5384122687246
25.3214645833334,15.5544278945599
25.3217979166668,15.5640633117291
25.3221312500001,15.569141436994
25.3224645833334,15.5554695612809
25.3227979166668,15.5510424777167
25.3231312500001,15.5592456031445
25.3234645833334,15.5613289365865
25.3237979166668,15.5544278945599
25.3241312500001,15.5493497692951
25.3244645833335,15.56497477011
25.3247979166668,15.5799487292243
25.3251312500001,15.5945320633182
25.3254645833334,15.5938810216176
25.3257979166668,15.5794278958638
25.3261312500001,15.5712247704359
25.3264645833334,15.5645841450896
25.3267979166668,15.5694018536742
25.3271312500001,15.5704435203952
25.3274645833335,15.5665372701915
25.3277979166668,15.5809903959453
25.3281312500001,15.5787768541632
25.3284645833335,15.5811206042854
25.3287979166668,15.570183103715
25.3291312500001,15.5636726867087
25.3294645833335,15.5641935200692
25.3297979166668,15.5703133120551
25.3301312500001,15.5790372708434
25.3304645833335,15.5833341460675
25.3307979166668,15.5756518540002
25.3311312500001,15.5812508126255
25.3314645833335,15.5781258124625
25.3317979166668,15.5875008129515
25.3321312500001,15.5738289372384
25.3324645833335,15.5733081038779
25.3327979166668,15.5665372701915
25.3331312500001,15.5678393535927
25.3334645833335,15.5605476865458
25.3337979166668,15.5592456031445
25.3341312500001,15.5575528947229
25.3344645833335,15.5615893532668
25.3347979166668,15.5540372695396
25.3351312500001,15.5480476858938
25.3354645833335,15.5473966441932
25.3357979166668,15.5442716440302
25.3361312500001,15.5485685192543
25.3364645833335,15.5494799776352
25.3367979166668,15.5592456031445
25.3371312500001,15.5561206029815
25.3374645833335,15.5609383115661
25.3377979166668,15.5602872698655
25.3381312500001,15.5572924780427
25.3384645833335,15.5464851858123
25.3387979166668,15.5438810190099
25.3391312500001,15.5617195616069
25.3394645833335,15.5777351874422
25.3397979166668,15.5875008129515
25.3401312500001,15.5868497712509
25.3404645833335,15.5760424790205
25.3407979166668,15.5856778961897
25.3411312500001,15.5833341460675
25.3414645833335,15.5778653957823
25.3417979166668,15.5463549774722
25.3421312500001,15.5436206023296
25.3424645833335,15.5542976862198
25.3427979166668,15.5682299786131
25.3431312500001,15.568099770273
25.3434645833335,15.560808103226
25.3437979166668,15.570183103715
25.3441312500001,15.579688312544
25.3444645833335,15.5923185215361
25.3447979166668,15.5855476878496
25.3451312500001,15.5768237290613
25.3454645833335,15.5834643544076
25.3457979166668,15.5938810216176
25.3461312500001,15.6020841470454
25.3464645833335,15.6001310219435
25.3467979166668,15.6020841470454
25.3471312500001,15.6052091472084
25.3474645833335,15.6130216476158
25.3477979166668,15.6175789395202
25.3481312500001,15.6134122726362
25.3484645833335,15.605860188909
25.3487979166668,15.5949226883386
25.3491312500001,15.6003914386238
25.3494645833335,15.6041674804874
25.3497979166668,15.6130216476158
25.3501312500001,15.6158862310986
25.3504645833335,15.6190112312615
25.3507979166668,15.6194018562819
25.3511312500001,15.6272143566894
25.3514645833335,15.6234383148258
25.3517979166668,15.624740398227
25.3521312500001,15.6276049817097
25.3524645833335,15.6377612322394
25.3527979166668,15.6434903992049
25.3531312500002,15.6442716492456
25.3534645833335,15.6371101905388
25.3537979166668,15.6486987328099
25.3541312500002,15.6516935246327
25.3544645833335,15.6589851916797
25.3547979166668,15.649870607871
25.3551312500002,15.6544278997753
25.3554645833335,15.6690112338692
25.3557979166668,15.6863289431058
25.3561312500002,15.6851570680446
25.3564645833335,15.6860685264255
25.3567979166668,15.6910164433502
25.3571312500002,15.6997404021386
25.3574645833335,15.7058601941244
25.3577979166668,15.7062508191448
25.3581312500002,15.7067716525053
25.3584645833335,15.6979174853768
25.3587979166668,15.702344568941
25.3591312500002,15.7045581107232
25.3594645833335,15.7157560279738
25.3597979166668,15.7035164440022
25.3601312500002,15.7115893610899
25.3604645833335,15.7242195700819
25.3607979166668,15.736849779074
25.3611312500002,15.7342456122715
25.3614645833335,15.7234383200412
25.3617979166668,15.729558112027
25.3621312500002,15.7434904044203
25.3624645833335,15.758854988555
25.3627979166668,15.7705737391661
25.3631312500002,15.7665372806223
25.3634645833335,15.7647143638606
25.3637979166668,15.7523445715487
25.3641312500002,15.7522143632086
25.3644645833335,15.7516935298481
25.3647979166668,15.7597664469358
25.3651312500002,15.7717456142273
25.3654645833335,15.7912768652459
25.3657979166668,15.809245616183
25.3661312500002,15.8128914497065
25.3664645833335,15.8015633241157
25.3667979166668,15.7884122817632
25.3671312500002,15.7794279062946
25.3674645833335,15.7880216567428
25.3677979166668,15.800782074075
25.3681312500002,15.8187508250121
25.3684645833335,15.8162768665497
25.3687979166668,15.8074226994213
25.3691312500002,15.8088549911627
25.3694645833335,15.8182299916516
25.3697979166668,15.8167976999102
25.3701312500002,15.8100268662238
25.3704645833335,15.8006518657348
25.3707979166668,15.81653728323
25.3711312500002,15.8264331170794
25.3714645833335,15.8423185345746
25.3717979166668,15.8386727010511
25.3721312500002,15.830209158943
25.3724645833335,15.8345060341671
25.3727979166668,15.8421883262345
25.3731312500002,15.851172701703
25.3734645833335,15.8363289509289
25.3737979166668,15.8195320750528
25.3741312500002,15.8243497836374
25.3744645833335,15.8289070755418
25.3747979166668,15.843750826316
25.3751312500002,15.8394539510919
25.3754645833335,15.8410164511733
25.3757979166668,15.8497404099617
25.3761312500002,15.8598966604914
25.3764645833335,15.8675789525587
25.3767979166668,15.870052911021
25.3771312500002,15.8613289522327
25.3774645833335,15.8480477015401
25.3777979166668,15.8394539510919
25.3781312500002,15.8471362431592
25.3784645833335,15.8678393692389
25.3787979166668,15.871094577742
25.3791312500002,15.8645841607358
25.3794645833335,15.8662768691574
25.3797979166668,15.8656258274568
25.3801312500002,15.8722664528032
25.3804645833335,15.8651049940963
25.3807979166668,15.8678393692389
25.3811312500002,15.8683602025994
25.3814645833335,15.8723966611433
25.3817979166669,15.876302911347
25.3821312500002,15.8898445787199
25.3824645833335,15.8917977038218
25.3827979166669,15.8910164537811
25.3831312500002,15.8778654114285
25.3834645833335,15.8716154111025
25.3837979166668,15.8628914523142
25.3841312500002,15.8562508269679
25.3844645833335,15.8575529103691
25.3847979166669,15.8639331190352
25.3851312500002,15.8656258274568
25.3854645833335,15.8747404112655
25.3857979166669,15.8768237447075
25.3861312500002,15.8890633286792
25.3864645833335,15.8765633280273
25.3867979166669,15.8843758284347
25.3871312500002,15.8781258281088
25.3874645833335,15.8716154111025
25.3877979166669,15.8510424933629
25.3881312500002,15.8265633254196
25.3884645833335,15.8377612426702
25.3887979166669,15.8458341597579
25.3891312500002,15.8641935357155
25.3894645833335,15.8515633267234
25.3897979166669,15.8414070761937
25.3901312500002,15.8419279095542
25.3904645833335,15.8455737430777
25.3907979166669,15.8473966598394
25.3911312500002,15.8356779092283
25.3914645833335,15.8256518670387
25.3917979166669,15.8266935337597
25.3921312500002,15.8425789512548
25.3924645833335,15.8518237434037
25.3927979166669,15.8520841600839
25.3931312500002,15.8311206173239
25.3934645833335,15.8164070748899
25.3937979166669,15.81653728323
25.3941312500002,15.8281258255011
25.3944645833335,15.840625826153
25.3947979166669,15.8382820760307
25.3951312500002,15.8371102009696
25.3954645833335,15.832292492385
25.3957979166669,15.8329435340856
25.3961312500002,15.8171883249306
25.3964645833335,15.8115893663053
25.3967979166669,15.798698740633
25.3971312500002,15.8083341578022
25.3974645833335,15.8250008253381
25.3977979166669,15.8358081175684
25.3981312500002,15.8356779092283
25.3984645833335,15.8214852001547
25.3987979166669,15.8173185332707
25.3991312500002,15.8208341584541
25.3994645833335,15.8234383252566
25.3997979166669,15.8209643667942
25.4001312500002,15.8067716577207
25.4004645833335,15.8061206160201
25.4007979166669,15.8022143658163
25.4011312500002,15.8136726997473
25.4014645833335,15.8042976992583
25.4017979166669,15.8054695743194
25.4021312500002,15.7964851988509
25.4024645833335,15.7930997820076
25.4027979166669,15.7920581152866
25.4031312500002,15.7930997820076
25.4034645833335,15.8014331157756
25.4037979166669,15.8029956158571
25.4041312500002,15.8109383246046
25.4044645833335,15.8029956158571
25.4047979166669,15.7962247821706
25.4051312500002,15.7807299896958
25.4054645833333,15.7796883229748
25.4057979166667,15.7760424894514
25.40613125,15.7846362398996
25.4064645833333,15.8032560325373
25.4067979166667,15.8097664495435
25.40713125,15.7970060322114
25.4074645833333,15.7845060315594
25.4077979166667,15.7755216560909
25.40813125,15.7873706150422
25.4084645833333,15.7803393646755
25.4087979166667,15.791407073586
25.40913125,15.7779956145532
25.4094645833333,15.7700529058056
25.4097979166667,15.7641935305001
25.41013125,15.7742195726896
25.4104645833333,15.7825529064576
25.4107979166667,15.7727872809483
25.41113125,15.7576831134938
25.4114645833333,15.7454435295222
25.4117979166667,15.7535164466099
25.41213125,15.7670581139828
25.4124645833333,15.7738289476692
25.4127979166667,15.7695320724451
25.41313125,15.756771655113
25.4134645833334,15.756771655113
25.4137979166667,15.7597664469358
25.41413125,15.7641935305001
25.4144645833333,15.7643237388402
25.4147979166667,15.7497404047463
25.41513125,15.7444018628012
25.4154645833333,15.7401049875771
25.4157979166667,15.751563321508
25.41613125,15.754688321671
25.4164645833333,15.7493497797259
25.4167979166667,15.7312508204486
25.41713125,15.7238289450615
25.4174645833334,15.7212247782591
25.4177979166667,15.7205737365584
25.41813125,15.7055997774442
25.4184645833334,15.6963549852953
25.4187979166667,15.6967456103157
25.41913125,15.7011726938799
25.4194645833333,15.6979174853768
25.4197979166667,15.6930997767922
25.42013125,15.6848966513644
25.4204645833334,15.6864591514459
25.4207979166667,15.6773445676372
25.42113125,15.6727872757328
25.4214645833334,15.6684904005087
25.4217979166667,15.6613289418019
25.42213125,15.6533862330543
25.4224645833334,15.6449226909463
25.4227979166667,15.6430997741845
25.42313125,15.6437508158851
25.4234645833334,15.6398445656814
25.4237979166667,15.6377612322394
25.42413125,15.6199226896424
25.4244645833334,15.6044278971676
25.4247979166667,15.6005216469639
25.42513125,15.6045581055078
25.4254645833334,15.6148445643776
25.4257979166667,15.6082039390312
25.42613125,15.6029956054263
25.4264645833334,15.5850268544891
25.4267979166667,15.5713549787761
25.42713125,15.5643237284094
25.4274645833334,15.559766436505
25.4277979166667,15.5519539360976
25.42813125,15.5453133107512
25.4284645833334,15.5436206023296
25.4287979166667,15.5453133107512
25.42913125,15.5437508106697
25.4294645833334,15.5296883099363
25.4297979166667,15.5226570595696
25.43013125,15.5223966428894
25.4304645833334,15.5304695599771
25.4307979166667,15.5270841431338
25.43113125,15.5145841424819
25.4314645833334,15.500000808388
25.4317979166667,15.497917474946
25.43213125,15.4899747661984
25.4324645833334,15.4789070572879
25.4327979166667,15.4667976816563
25.43313125,15.4630216397927
25.4334645833334,15.4621101814118
25.4337979166667,15.4766935155058
25.43413125,15.482162265791
25.4344645833334,15.4872403910558
25.4347979166667,15.4692716401187
25.43513125,15.4523445559025
25.4354645833334,15.4513028891815
25.4357979166667,15.4587247645686
25.43613125,15.4673185150168
25.4364645833334,15.4644539315341
25.4367979166667,15.4691414317786
25.43713125,15.4679695567174
25.4374645833334,15.4615893480513
25.4377979166667,15.4475268473179
25.43813125,15.4457039305562
25.4384645833334,15.4540372643241
25.4387979166667,15.4535164309636
25.43913125,15.4493497640797
25.4394645833334,15.4505216391408
25.4397979166667,15.4430997637537
25.44013125,15.4363289300673
25.4404645833334,15.4158862206677
25.4407979166667,15.4230476793746
25.44113125,15.4338549716049
25.4414645833334,15.4430997637537
25.4417979166667,15.441276846992
25.44213125,15.4410164303117
25.4424645833334,15.4342455966253
25.4427979166667,15.4279955962993
25.4431312500001,15.4274747629388
25.4434645833334,15.4286466379999
25.4437979166667,15.4256518461771
25.44413125,15.4201830958918
25.4444645833334,15.4273445545987
25.4447979166667,15.4417976803525
25.4451312500001,15.4395841385704
25.4454645833334,15.4393237218901
25.4457979166667,15.4343758049654
25.4461312500001,15.4449226805154
25.4464645833334,15.4386726801895
25.4467979166667,15.4348966383259
25.4471312500001,15.4289070546802
25.4474645833334,15.4324226798635
25.4477979166667,15.42877684634
25.4481312500001,15.4266935128981
25.4484645833334,15.4238289294153
25.4487979166667,15.4272143462586
25.4491312500001,15.431901846503
25.4494645833334,15.442318513713
25.4497979166667,15.4421883053728
25.4501312500001,15.4325528882036
25.4504645833334,15.4277351796191
25.4507979166667,15.4277351796191
25.4511312500001,15.422396637674
25.4514645833334,15.4080737202603
25.4517979166667,15.4069018451992
25.4521312500001,15.4170580957289
25.4524645833334,15.4242195544357
25.4527979166667,15.4214851792931
25.4531312500001,15.4201830958918
25.4534645833334,15.4239591377554
25.4537979166667,15.4307299714419
25.4541312500001,15.4335945549246
25.4544645833334,15.4305997631018
25.4547979166667,15.4226570543542
25.4551312500001,15.4136726788856
25.4554645833334,15.4100268453622
25.4557979166667,15.4111987204233
25.4561312500001,15.4134122622054
25.4564645833334,15.4122403871443
25.4567979166667,15.4069018451992
25.4571312500001,15.4131518455251
25.4574645833334,15.4148445539468
25.4577979166667,15.4145841372665
25.4581312500001,15.3998705948325
25.4584645833334,15.4019539282745
25.4587979166667,15.4074226785597
25.4591312500001,15.4131518455251
25.4594645833334,15.399349761472
25.4597979166667,15.391016427704
25.4601312500001,15.3903653860034
25.4604645833334,15.3955737196084
25.4607979166667,15.3898445526429
25.4611312500001,15.3798185104533
25.4614645833334,15.3790372604126
25.4617979166667,15.367969551502
25.4621312500001,15.3621101761964
25.4624645833334,15.3544278841291
25.4627979166667,15.3541674674489
25.4631312500001,15.3576830926322
25.4634645833334,15.3492195505241
25.4637979166667,15.3432299668784
25.4641312500001,15.3282560077641
25.4644645833334,15.3283862161043
25.4647979166667,15.3279955910839
25.4651312500001,15.3266935076827
25.4654645833334,15.3225268407987
25.4657979166667,15.3191414239554
25.4661312500001,15.328125799424
25.4664645833334,15.3225268407987
25.4667979166667,15.3244799659005
25.4671312500001,15.3212247573974
25.4674645833334,15.3191414239554
25.4677979166667,15.3096362151264
25.4681312500001,15.3044278815214
25.4684645833334,15.2959643394133
25.4687979166667,15.291407047509
25.4691312500001,15.2751310049935
25.4694645833334,15.2778653801361
25.4697979166667,15.2864591305843
25.4701312500001,15.2915372558491
25.4704645833334,15.2898445474275
25.4707979166667,15.2791674635373
25.4711312500001,15.2739591299323
25.4714645833334,15.2726570465311
25.4717979166668,15.2666674628854
25.4721312500001,15.270443504749
25.4724645833334,15.2589851708181
25.4727979166668,15.2699226713885
25.4731312500001,15.2729174632113
25.4734645833334,15.2726570465311
25.4737979166668,15.2713549631299
25.4741312500001,15.2615893376205
25.4744645833334,15.2710945464496
25.4747979166668,15.2587247541378
25.4751312500001,15.2462247534859
25.4754645833334,15.228516419229
25.4757979166668,15.2195320437604
25.4761312500001,15.2177091269987
25.4764645833334,15.2259122524265
25.4767979166668,15.2273445441679
25.4771312500001,15.2329435027932
25.4774645833334,15.2265632941271
25.4777979166668,15.2296882942901
25.4781312500001,15.2282560025487
25.4784645833334,15.2225268355833
25.4787979166668,15.2119799600332
25.4791312500001,15.2019539178436
25.4794645833334,15.1875007920899
25.4797979166668,15.1779955832608
25.4801312500001,15.1805997500633
25.4804645833334,15.1921882923343
25.4807979166668,15.2003914177621
25.4811312500001,15.188672667151
25.4814645833334,15.1873705837497
25.4817979166668,15.179297666662
25.4821312500001,15.1795580833423
25.4824645833334,15.1652351659286
25.4827979166668,15.1502612068143
25.4831312500001,15.1376309978223
25.4834645833334,15.1368497477815
25.4837979166668,15.1500007901341
25.4841312500001,15.1557299570995
25.4844645833334,15.1433601647877
25.4847979166668,15.1311205808161
25.4851312500001,15.1251309971703
25.4854645833334,15.1319018308568
25.4857979166668,15.1319018308568
25.4861312500001,15.1263028722315
25.4864645833334,15.1252612055105
25.4867979166668,15.1272143306123
25.4871312500001,15.1147143299604
25.4874645833334,15.1050789127912
25.4877979166668,15.0871101618541
25.4881312500001,15.105860162832
25.4884645833334,15.1166674550623
25.4887979166668,15.121615371987
25.4891312500001,15.0970059957035
25.4894645833334,15.0761726612836
25.4897979166668,15.0686205775564
25.4901312500001,15.0657559940737
25.4904645833334,15.0580737020064
25.4907979166668,15.0509122432995
25.4911312500001,15.0472664097761
25.4914645833334,15.0414070344705
25.4917979166668,15.0339851590834
25.4921312500001,15.0279955754377
25.4924645833334,15.031511200621
25.4927979166668,15.0337247424031
25.4931312500001,15.0292976588389
25.4934645833334,15.0239591168938
25.4937979166668,15.0182299499284
25.4941312500001,15.0063809909771
25.4944645833334,15.0013028657122
25.4947979166668,15.0052091159159
25.4951312500001,15.0182299499284
25.4954645833334,15.0098966161604
25.4957979166668,14.9787768228707
25.4961312500001,14.9605476552533
25.4964645833335,14.9529955715261
25.4967979166668,14.9565111967095
25.4971312500001,14.9513028631045
25.4974645833335,14.9436205710372
25.4977979166668,14.9364591123303
25.4981312500001,14.9255216117599
25.4984645833335,14.9196622364543
25.4987979166668,14.9101570276252
25.4991312500001,14.9024747355579
25.4994645833334,14.8933601517492
25.4997979166668,14.885808068022
25.5001312500001,14.8829434845393
25.5004645833335,14.8757820258325
25.5007979166668,14.8772143175738
25.5011312500001,14.8675789004046
25.5014645833335,14.8613289000787
25.5017979166668,14.8486986910866
25.5021312500001,14.8476570243656
25.5024645833335,14.8434903574816
25.5027979166668,14.838672648897
25.5031312500001,14.827084106626
25.5034645833335,14.8151049393346
25.5037979166668,14.8136726475932
25.5041312500001,14.8156257726951
25.5044645833335,14.8058601471857
25.5047979166668,14.7842455627251
25.5051312500001,14.7645841033664
25.5054645833335,14.7665372284682
25.5057979166668,14.7593757697614
25.5061312500001,14.7481778525107
25.5064645833335,14.7230476428667
25.5067979166668,14.7041674335487
25.5071312500001,14.6968757665018
25.5074645833335,14.6984382665833
25.5077979166668,14.6976570165425
25.5081312500001,14.6923184745974
25.5084645833335,14.6756518070615
25.5087979166668,14.676172640422
25.5091312500001,14.6752611820411
25.5094645833335,14.6697924317559
25.5097979166668,14.6527351391997
25.5101312500001,14.6419278469693
25.5104645833335,14.6356778466434
25.5107979166668,14.6382820134459
25.5111312500001,14.6214851375698
25.5114645833335,14.6078132618568
25.5117979166668,14.598568469708
25.5121312500001,14.5863288857363
25.5124645833335,14.5800788854103
25.5127979166668,14.5572924258886
25.5131312500001,14.5486986754404
25.5134645833335,14.5269538826396
25.5137979166668,14.5079434649815
25.5141312500001,14.4828132553375
25.5144645833335,14.4755215882906
25.5147979166668,14.4787767967937
25.5151312500001,14.4819017969567
25.5154645833335,14.4671882545226
25.5157979166668,14.4550788788911
25.5161312500001,14.4442715866608
25.5164645833335,14.4420580448787
25.5167979166668,14.426693460744
25.5171312500001,14.4033861678618
25.5174645833335,14.3856778336049
25.5177979166668,14.3829434584623
25.5181312500001,14.3843757502036
25.5184645833335,14.3791674165986
25.5187979166668,14.3600267906004
25.5191312500001,14.3432299147244
25.5194645833335,14.3325528308342
25.5197979166668,14.3097663713124
25.5201312500001,14.2944017871778
25.5204645833335,14.2721361610165
25.5207979166668,14.264193452269
25.5211312500001,14.2561205351813
25.5214645833335,14.2523444933177
25.5217979166668,14.2453132429509
25.5221312500001,14.2398444926657
25.5224645833335,14.2246101168712
25.5227979166668,14.2093757410767
25.5231312500001,14.1796882395283
25.5234645833335,14.1679694889172
25.5237979166668,14.1651049054344
25.5241312500001,14.1618496969313
25.5244645833335,14.1453132377355
25.5247979166668,14.1188809446903
25.5251312500001,14.1123705276841
25.5254645833335,14.1108080276026
25.5257979166668,14.10807365246
25.5261312500002,14.0899746931827
25.5264645833335,14.0604173999745
25.5267979166668,14.0475267743022
25.5271312500001,14.0351569819904
25.5274645833335,14.027344481583
25.5277979166668,14.0085944806051
25.5281312500002,13.9947923965519
25.5284645833335,13.9863288544439
25.5287979166668,13.968620520187
25.5291312500002,13.9483080191276
25.5294645833335,13.9226569761231
25.5297979166668,13.9161465591169
25.5301312500002,13.9126309339335
25.5304645833335,13.903646558465
25.5307979166668,13.8794278072019
25.5311312500002,13.8558600976394
25.5314645833335,13.8411465552053
25.5317979166668,13.8290371795738
25.5321312500002,13.8203132207855
25.5324645833335,13.8075528034533
25.5327979166668,13.791537177618
25.5331312500002,13.7734382183407
25.5334645833335,13.756901759145
25.5337979166668,13.7428392584116
25.5341312500002,13.7243496741139
25.5344645833335,13.7061205064965
25.5347979166668,13.6967455060076
25.5351312500002,13.6871100888384
25.5354645833335,13.673047588105
25.5357979166668,13.6544277954672
25.5361312500002,13.6442715449375
25.5364645833335,13.6428392531961
25.5367979166668,13.6384121696319
25.5371312500002,13.6204434186948
25.5374645833335,13.6013027926965
25.5377979166668,13.5858080002217
25.5381312500002,13.5729173745494
25.5384645833335,13.5511725817487
25.5387979166668,13.5276048721862
25.5391312500002,13.5143236214935
25.5394645833335,13.5091152878886
25.5397979166668,13.5028652875626
25.5401312500002,13.4835944532242
25.5404645833335,13.4625007021241
25.5407979166668,13.4359382007387
25.5411312500002,13.4221361166856
25.5414645833335,13.4074225742515
25.5417979166668,13.3940111152187
25.5421312500002,13.3739590308396
25.5424645833335,13.3687506972346
25.5427979166668,13.3617194468679
25.5431312500002,13.3477871544746
25.5434645833335,13.3191413196473
25.5437979166668,13.3045579855534
25.5441312500002,13.3003913186694
25.5444645833335,13.2949225683842
25.5447979166668,13.2782559008483
25.5451312500002,13.2511725661025
25.5454645833335,13.2269538148394
25.5457979166668,13.2207038145134
25.5461312500002,13.2199225644727
25.5464645833335,13.2145840225276
25.5467979166668,13.1911465213052
25.5471312500002,13.1665371450217
25.5474645833335,13.1363288101129
25.5477979166668,13.1204433926177
25.5481312500002,13.1069017252448
25.5484645833335,13.1014329749596
25.5487979166668,13.082943390662
25.5491312500002,13.074610056894
25.5494645833335,13.0576829726779
25.5497979166668,13.0356777631969
25.5501312500002,13.0111985952535
25.5504645833335,12.9962246361392
25.5507979166669,12.9825527604262
25.5511312500002,12.9572923424421
25.5514645833335,12.9360683830018
25.5517979166669,12.9239590073703
25.5521312500002,12.9218756739283
25.5524645833335,12.9115892150585
25.5527979166668,12.9018235895492
25.5531312500002,12.8747402548033
25.5534645833335,12.8567715038662
25.5537979166668,12.8386725445889
25.5541312500002,12.8279954606987
25.5544645833335,12.8190110852302
25.5547979166669,12.7998704592319
25.5551312500002,12.7820319166349
25.5554645833335,12.7627610822965
25.5557979166669,12.757031915331
25.5561312500002,12.7548183735489
25.5564645833335,12.7403652477951
25.5567979166669,12.7143235797703
25.5571312500002,12.6973964955541
25.5574645833335,12.694141287051
25.5577979166669,12.6955735787924
25.5581312500002,12.6707037858287
25.5584645833335,12.6453131595044
25.5587979166669,12.6247402417648
25.5591312500002,12.6225266999827
25.5594645833335,12.6096360743104
25.5597979166669,12.5885423232103
25.5601312500002,12.5717454473343
25.5604645833335,12.5636725302465
25.5607979166669,12.5542975297576
25.5611312500002,12.5294277367939
25.5614645833335,12.4972662767832
25.5617979166669,12.470833983738
25.5621312500002,12.465625650133
25.5624645833335,12.4661464834935
25.5627979166669,12.4536464828416
25.5631312500002,12.4346360651834
25.5634645833335,12.4242193979735
25.5637979166669,12.4235683562729
25.5641312500002,12.4125006473623
25.5644645833335,12.3966152298672
25.5647979166669,12.3785162705899
25.5651312500002,12.362891269775
25.5654645833335,12.3348964766483
25.5657979166669,12.3139329338883
25.5661312500002,12.2950527245703
25.5664645833335,12.2884120992239
25.5667979166669,12.2778652236739
25.5671312500002,12.2617193894985
25.5674645833335,12.2459641803434
25.5677979166669,12.2325527213106
25.5681312500002,12.2208339706995
25.5684645833335,12.2115891785506
25.5687979166669,12.1882818856684
25.5691312500002,12.1779954267986
25.5694645833335,12.1583339674398
25.5697979166669,12.1486985502706
25.5701312500002,12.1303391743131
25.5704645833335,12.1148443818383
25.5707979166669,12.1042975062883
25.5711312500002,12.0985683393228
25.5714645833335,12.0783860466036
25.5717979166669,12.0520839618985
25.5721312500002,12.0192714601872
25.5724645833335,12.0139329182421
25.5727979166669,12.0118495848001
25.5731312500002,12.0003912508691
25.5734645833335,11.9752610412252
25.5737979166669,11.9449224979762
25.5741312500002,11.9264329136786
25.5744645833335,11.9117193712445
25.5747979166669,11.8963547871099
25.5751312500002,11.8825527030567
25.5754645833335,11.8665370772214
25.5757979166669,11.848307909604
25.57613125,11.8276047835243
25.5764645833333,11.8128912410903
25.5767979166667,11.7973964486155
25.57713125,11.7792974893382
25.5774645833333,11.7429693624435
25.5777979166667,11.7285162366898
25.57813125,11.7169276944187
25.5784645833333,11.7093756106915
25.5787979166667,11.6946620682575
25.57913125,11.6772141506808
25.5794645833333,11.6570318579616
25.5797979166667,11.632292273338
25.58013125,11.6117193555983
25.5804645833333,11.60299539681
25.5807979166667,11.5894537294371
25.58113125,11.5713547701598
25.5814645833333,11.5526047691819
25.5817979166667,11.5312506014016
25.58213125,11.5114589337027
25.5824645833333,11.4876308074599
25.5827979166667,11.4669276813802
25.58313125,11.4433599718177
25.5834645833333,11.4309901795059
25.5837979166667,11.4213547623367
25.58413125,11.4040370531002
25.5844645833334,11.3846360104217
25.5847979166667,11.3585943423968
25.58513125,11.3470058001258
25.5854645833333,11.3363287162356
25.5857979166667,11.3256516323454
25.58613125,11.310547464891
25.5864645833334,11.2910162138724
25.5867979166667,11.2740891296562
25.58713125,11.2544276702974
25.5874645833334,11.2415370446251
25.5877979166667,11.2270839188714
25.58813125,11.2132818348182
25.5884645833334,11.2001307924656
25.5887979166667,11.1902349586162
25.58913125,11.180599541447
25.5894645833334,11.1610682904284
25.5897979166667,11.1332037056418
25.59013125,11.121875580051
25.5904645833334,11.1082037043379
25.5907979166667,11.101953704012
25.59113125,11.073698494205
25.5914645833334,11.0509120346833
25.5917979166667,11.041146409174
25.59213125,11.031771408685
25.5924645833334,11.0167974495707
25.5927979166667,10.9947922400897
25.59313125,10.979297447615
25.5934645833334,10.9677089053439
25.5937979166667,10.9580734881747
25.59413125,10.9514328628284
25.5944645833334,10.9390630705166
25.5947979166667,10.9196620278381
25.59513125,10.8958339015953
25.5954645833334,10.8759120255563
25.5957979166667,10.8622401498433
25.59613125,10.839974523682
25.5964645833334,10.8277349397104
25.5967979166667,10.8083338970318
25.59713125,10.7958338963799
25.5974645833334,10.7736984785588
25.5977979166667,10.7567713943427
25.59813125,10.7502609773364
25.5984645833334,10.7433599353099
25.5987979166667,10.7364588932833
25.59913125,10.7157557672035
25.5994645833334,10.6904953492194
25.5997979166667,10.6684901397384
25.60013125,10.6519536805426
25.6004645833334,10.637630763129
25.6007979166667,10.6157557619881
25.60113125,10.5981776360713
25.6014645833334,10.5929693024664
25.6017979166667,10.5876307605213
25.60213125,10.5720057597064
25.6024645833334,10.5503911752458
25.6027979166667,10.5334640910296
25.60313125,10.5162765901332
25.6034645833334,10.4973963808152
25.6037979166667,10.4742192962731
25.60413125,10.4550786702748
25.6044645833334,10.4371099193377
25.6047979166667,10.4180995016795
25.60513125,10.4048182509869
25.6054645833334,10.3869797083898
25.6057979166667,10.3699224158336
25.60613125,10.3605474153446
25.6064645833334,10.3453130395501
25.6067979166667,10.3213547049672
25.60713125,10.2934901201807
25.6074645833334,10.2817713695695
25.6077979166667,10.2882817865757
25.60813125,10.2912765783985
25.6084645833334,10.2675786604959
25.6087979166667,10.2360682421859
25.60913125,10.2080734490592
25.6094645833334,10.200521365332
25.6097979166667,10.1858078228979
25.61013125,10.1647140717978
25.6104645833334,10.1373703203717
25.6107979166667,10.1213546945364
25.61113125,10.1035161519394
25.6114645833334,10.0984380266746
25.6117979166667,10.0812505257782
25.6121312500001,10.0614588580793
25.6124645833334,10.0302088564495
25.6127979166667,10.0140630222741
25.6131312500001,9.99804739643878
25.6134645833334,9.98372447902511
25.6137979166667,9.95885468606139
25.61413125,9.95117239399406
25.6144645833334,9.94375051860698
25.6147979166667,9.93294322637667
25.6151312500001,9.91770885058213
25.6154645833334,9.89375051599927
25.6157979166667,9.87825572352449
25.6161312500001,9.8680994729948
25.6164645833334,9.85481822230213
25.6167979166667,9.83919322148722
25.6171312500001,9.8089848865784
25.6174645833334,9.78789113547828
25.6177979166667,9.77109425960225
25.6181312500001,9.76054738405219
25.6184645833334,9.75117238356325
25.6187979166667,9.73541717440821
25.6191312500001,9.71757863181119
25.6194645833334,9.69205779714685
25.6197979166667,9.67526092127082
25.6201312500001,9.66471404572076
25.6204645833334,9.6579432120343
25.6207979166667,9.64114633615827
25.6211312500001,9.61953175169765
25.6214645833334,9.60247445914138
25.6217979166667,9.58958383346908
25.6221312500001,9.57552133273566
25.6224645833334,9.55221403985343
25.6227979166667,9.53216195547429
25.6231312500001,9.51510466291802
25.6234645833334,9.50416716234759
25.6237979166667,9.48750049481169
25.6241312500001,9.46927132719429
25.6244645833334,9.45234424297814
25.6247979166667,9.4429692424892
25.6251312500001,9.43229215859901
25.6254645833334,9.42408903317119
25.6257979166667,9.4128911159205
25.6261312500001,9.39453173996299
25.6264645833334,9.37838590578758
25.6267979166667,9.36432340505417
25.6271312500001,9.34908902925963
25.6274645833334,9.3338546534651
25.6277979166667,9.30742236041988
25.6281312500001,9.28958381782286
25.6284645833334,9.2736984003277
25.6287979166667,9.26692756664124
25.6291312500001,9.2580733995128
25.6294645833334,9.24388069043926
25.6297979166667,9.22630256452249
25.6301312500001,9.21419318889093
25.6304645833334,9.20000047981739
25.6307979166667,9.19283902111056
25.6311312500001,9.17057339494932
25.6314645833334,9.14908901882882
25.6317979166667,9.12565151760646
25.6321312500001,9.12005255898112
25.6324645833334,9.1145838086959
25.6327979166667,9.10403693314584
25.6331312500001,9.08658901556919
25.6334645833334,9.08099005694385
25.6337979166667,9.08059943192348
25.6341312500001,9.07408901491726
25.6344645833334,9.04908901361341
25.6347979166667,9.01158901165764
25.6351312500001,8.99218796897912
25.6354645833334,8.98138067674881
25.6357979166667,8.98619838533341
25.6361312500001,8.97838588492596
25.6364645833334,8.96419317585242
25.6367979166667,8.94335984143254
25.6371312500001,8.93632859106583
25.6374645833334,8.92669317389664
25.6377979166668,8.91966192352993
25.6381312500001,8.88815150521987
25.6384645833334,8.86979212926235
25.6387979166667,8.85195358666533
25.6391312500001,8.84453171127825
25.6394645833334,8.83580775248993
25.6397979166667,8.81992233499477
25.6401312500001,8.8061202509416
25.6404645833334,8.78919316672545
25.6407979166668,8.7808598329575
25.6411312500001,8.78059941627726
25.6414645833334,8.7695317073667
25.6417979166668,8.75872441513639
25.6421312500001,8.74479212274309
25.6424645833334,8.74231816428073
25.6427979166668,8.72747441350657
25.6431312500001,8.70768274580769
25.6434645833334,8.69596399519651
25.6437979166668,8.69075566159154
25.6441312500001,8.67721399421862
25.6444645833334,8.66263066012471
25.6447979166668,8.65664107647899
25.6451312500001,8.65390670133638
25.6454645833334,8.63867232554185
25.6457979166668,8.62916711671278
25.6461312500001,8.61471399095899
25.6464645833334,8.61093794909539
25.6467979166668,8.59140669807675
25.6471312500001,8.57721398900321
25.6474645833334,8.56536503005191
25.6477979166668,8.55494836284197
25.6481312500001,8.54934940421663
25.6484645833334,8.54101607044868
25.6487979166668,8.52421919457265
25.6491312500001,8.5115889855806
25.6494645833334,8.50221398509166
25.6497979166668,8.49765669318731
25.6501312500001,8.48776085933787
25.6504645833334,8.47070356678159
25.6507979166668,8.46393273309514
25.6511312500001,8.46445356645563
25.6514645833334,8.45911502451054
25.6517979166668,8.43945356515178
25.6521312500001,8.41731814733066
25.6524645833334,8.40520877169911
25.6527979166668,8.401953563196
25.6531312500001,8.39101606262557
25.6534645833334,8.38059939541563
25.6537979166668,8.37330772836867
25.6541312500001,8.36197960277787
25.6544645833334,8.34960981046606
25.6547979166668,8.33997439329687
25.6551312500001,8.33593793475302
25.6554645833334,8.33190147620917
25.6557979166668,8.31979210057762
25.6561312500001,8.30989626672817
25.6564645833334,8.29843793279724
25.6567979166668,8.29101605741016
25.6571312500001,8.2809900152206
25.6574645833334,8.26679730614706
25.6577979166668,8.24934938857041
25.6581312500001,8.23815147131973
25.6584645833334,8.2347660544765
25.6587979166668,8.23776084629935
25.6591312500001,8.23281292937463
25.6594645833334,8.21888063698134
25.6597979166668,8.20364626118681
25.6601312500001,8.19791709422134
25.6604645833334,8.19947959430283
25.6607979166668,8.19153688555525
25.6611312500001,8.17330771793786
25.6614645833334,8.14778688327351
25.6617979166668,8.13906292448519
25.6621312500001,8.13619834100246
25.6624645833334,8.13020875735674
25.6627979166668,8.11093792301836
25.6631312500001,8.09661500560469
25.6634645833334,8.09974000576767
25.6637979166668,8.1122400064196
25.6641312500001,8.11015667297761
25.6644645833334,8.09544313054357
25.6647979166668,8.07265667102183
25.6651312500001,8.06315146219276
25.6654645833334,8.06809937911749
25.6657979166668,8.06145875377115
25.6661312500001,8.04817750307848
25.6664645833335,8.01849000153015
25.6667979166668,8.01054729278258
25.6671312500001,8.01158895950357
25.6674645833335,8.01367229294556
25.6677979166668,8.00351604241587
25.6681312500001,7.98307333301636
25.6684645833334,7.97278687414655
25.6687979166668,7.96653687382059
25.6691312500001,7.96666708216071
25.6694645833335,7.95507853988966
25.6697979166668,7.94804728952295
25.6701312500001,7.93684937227226
25.6704645833335,7.93242228870804
25.6707979166668,7.92421916328021
25.6711312500001,7.91848999631475
25.6714645833335,7.90716187072394
25.6717979166668,7.88789103638556
25.6721312500001,7.87278686893114
25.6724645833335,7.86380249346257
25.6727979166668,7.86171916002059
25.6731312500001,7.85455770131375
25.6734645833335,7.84752645094704
25.6737979166668,7.84778686762729
25.6741312500001,7.84049520058034
25.6744645833335,7.8290368666494
25.6747979166668,7.81562540761661
25.6751312500001,7.80937540729065
25.6754645833335,7.80598999044742
25.6757979166668,7.79921915676096
25.6761312500001,7.79388061481586
25.6764645833335,7.79401082315599
25.6767979166668,7.7833337392658
25.6771312500001,7.77252644703549
25.6774645833335,7.75364623771748
25.6777979166668,7.74427123722853
25.6781312500001,7.73750040354207
25.6784645833335,7.73372436167847
25.6787979166668,7.72955769479449
25.6791312500001,7.72669311131176
25.6794645833335,7.7242191528494
25.6797979166668,7.7236983194889
25.6801312500001,7.71458373568021
25.6804645833335,7.69882852652518
25.6807979166668,7.69010456773685
25.6811312500001,7.68619831753313
25.6814645833335,7.6903649844171
25.6817979166668,7.687109775914
25.6821312500001,7.67539102530282
25.6824645833335,7.66341185801139
25.6827979166668,7.64882852391747
25.6831312500001,7.6408858151699
25.6834645833335,7.62981810625934
25.6837979166668,7.62565143937536
25.6841312500001,7.62500039767474
25.6844645833335,7.62734414779698
25.6847979166668,7.61848998066853
25.6851312500001,7.60677123005735
25.6854645833335,7.59257852098381
25.6857979166668,7.58294310381462
25.6861312500001,7.5850264372566
25.6864645833335,7.58346393717511
25.6867979166668,7.58164102041337
25.6871312500001,7.56054726931325
25.6874645833335,7.54804726866132
25.6877979166668,7.54283893505635
25.6881312500001,7.54322956007673
25.6884645833335,7.53776080979151
25.6887979166668,7.53033893440443
25.6891312500001,7.51679726703151
25.6894645833335,7.50612018314132
25.6897979166668,7.49414101584989
25.6901312500001,7.49609414095175
25.6904645833335,7.49244830742828
25.6907979166668,7.4807295568171
25.6911312500001,7.47278684806952
25.6914645833335,7.4716149730084
25.6917979166668,7.47083372296765
25.6921312500002,7.46380247260095
25.6924645833335,7.45807330563548
25.6927979166668,7.45312538871076
25.6931312500002,7.43619830449461
25.6934645833335,7.42604205396492
25.6937979166668,7.41979205363896
25.6941312500001,7.42226601210132
25.6944645833335,7.41315142829262
25.6947979166668,7.40260455274256
25.6951312500002,7.39192746885237
25.6954645833335,7.38281288504368
25.6957979166668,7.37656288471772
25.6961312500002,7.37630246803747
25.6964645833335,7.37304725953436
25.6967979166668,7.37096392609237
25.6971312500002,7.3576826753997
25.6974645833335,7.3501305916725
25.6977979166668,7.34882850827125
25.6981312500002,7.35273475847498
25.6984645833335,7.35195350843424
25.6987979166668,7.34947954997188
25.6991312500002,7.34726600818976
25.6994645833335,7.33841184106132
25.6997979166668,7.32018267344392
25.7001312500002,7.306641006071
25.7004645833335,7.30169308914628
25.7007979166668,7.3033857975679
25.7011312500002,7.29622433886107
25.7014645833335,7.2899743385351
25.7017979166668,7.285677463311
25.7021312500002,7.28450558824989
25.7024645833335,7.28554725497088
25.7027979166668,7.27174517091771
25.7031312500002,7.25846392022504
25.7034645833335,7.24453162783175
25.7037979166668,7.24192746102926
25.7041312500002,7.24309933609038
25.7044645833335,7.23880246086628
25.7047979166668,7.23867225252616
25.7051312500002,7.23880246086628
25.7054645833335,7.24231808604964
25.7057979166668,7.23815141916566
25.7061312500002,7.22578162685386
25.7064645833335,7.2141930845828
25.7067979166668,7.20221391729138
25.7071312500002,7.19960975048889
25.7074645833335,7.19596391696541
25.7077979166668,7.19335975016293
25.7081312500002,7.18737016651721
25.7084645833335,7.17591183258628
25.7087979166668,7.17565141590603
25.7091312500002,7.17447954084491
25.7094645833335,7.17447954084491
25.7097979166668,7.16575558205659
25.7101312500002,7.15104203962255
25.7104645833335,7.15494828982628
25.7107979166668,7.16054724845162
25.7111312500002,7.16549516537634
25.7114645833335,7.15286495638429
25.7117979166668,7.13802120561013
25.7121312500002,7.12890662180143
25.7124645833335,7.12903683014156
25.7127979166668,7.1260420383187
25.7131312500002,7.12578162163845
25.7134645833335,7.1088545374223
25.7137979166668,7.10416703717783
25.7141312500002,7.10234412041609
25.7144645833335,7.11237016260566
25.7147979166668,7.11250037094578
25.7151312500002,7.10494828721858
25.7154645833335,7.10299516211671
25.7157979166668,7.10143266203522
25.7161312500002,7.09947953693336
25.7164645833335,7.08294307773758
25.7167979166668,7.06731807692268
25.7171312500002,7.05924515983497
25.7174645833335,7.06458370178007
25.7177979166668,7.05638057635224
25.7181312500002,7.06158890995721
25.7184645833335,7.06471391012019
25.7187979166668,7.07851599417336
25.7191312500002,7.06705766024243
25.7194645833335,7.05065140938677
25.7197979166668,7.04010453383671
25.7201312500002,7.03723995035398
25.7204645833335,7.03697953367373
25.7207979166668,7.03645870031323
25.7211312500002,7.02994828330702
25.7214645833335,7.02578161642305
25.7217979166668,7.02330765796069
25.7221312500002,7.02578161642305
25.7224645833335,7.02005244945758
25.7227979166668,7.01302119909087
25.7231312500002,7.00872432386677
25.7234645833335,7.01158890734951
25.7237979166669,7.00911494888715
25.7241312500002,7.00260453188093
25.7244645833335,6.99388057309261
25.7247979166669,6.98828161446727
25.7251312500002,6.98567744766478
25.7254645833335,6.98268265584193
25.7257979166669,6.97382848871348
25.7261312500002,6.96614619664615
25.7264645833335,6.96627640498627
25.7267979166669,6.96927119680913
25.7271312500002,6.97291703033261
25.7274645833335,6.96835973842826
25.7277979166669,6.95976598798006
25.7281312500002,6.9535159876541
25.7284645833335,6.94687536230777
25.7287979166669,6.94231807040342
25.7291312500002,6.92825556967
25.7294645833335,6.9250003611669
25.7297979166669,6.92408890278603
25.7301312500002,6.92760452796938
25.7304645833335,6.91875036084093
25.7307979166669,6.90872431865137
25.7311312500002,6.90859411031124
25.7314645833335,6.91549515233783
25.7317979166669,6.92304723606503
25.7321312500002,6.9201826525823
25.7324645833335,6.91627640237857
25.7327979166669,6.91888056918106
25.7331312500002,6.92278681938478
25.7334645833335,6.92265661104466
25.7337979166669,6.90833369363099
25.7341312500002,6.89713577638031
25.7344645833335,6.89505244293832
25.7347979166669,6.89778681808093
25.7351312500002,6.8906253593741
25.7354645833335,6.87565140025981
25.7357979166669,6.87552119191969
25.7361312500002,6.88281285896665
25.7364645833335,6.88789098423149
25.7367979166669,6.87916702544317
25.7371312500002,6.86653681645112
25.7374645833335,6.85598994090106
25.7377979166669,6.85559931588068
25.7381312500002,6.85885452438379
25.7384645833335,6.85598994090106
25.7387979166669,6.84296910688863
25.7391312500002,6.82838577279472
25.7394645833335,6.82786493943422
25.7397979166669,6.83671910656267
25.7401312500002,6.84322952356888
25.7404645833335,6.83737014826329
25.7407979166669,6.83671910656267
25.7411312500002,6.83919306502503
25.7414645833335,6.84531285701087
25.7417979166669,6.83333368971944
25.7421312500002,6.82682327271323
25.7424645833335,6.82200556412863
25.7427979166669,6.82265660582925
25.7431312500002,6.81601598048292
25.7434645833335,6.81393264704093
25.7437979166669,6.81848993894528
25.7441312500002,6.81445348040143
25.7444645833335,6.80442743821186
25.7447979166669,6.79062535415869
25.7451312500002,6.7938805626618
25.7454645833335,6.79882847958652
25.7457979166669,6.79921910460689
25.7461312500002,6.79166702087969
25.7464645833336,6.79101597917907
25.7467979166667,6.79257847926056
25.74713125,6.79192743755994
25.7474645833333,6.77994827026851
25.7477979166667,6.76666701957584
25.74813125,6.76601597787521
25.7484645833333,6.77083368645981
25.7487979166667,6.77408889496292
25.74913125,6.76822951965733
25.7494645833333,6.7643232694536
25.7497979166667,6.76158889431099
25.75013125,6.7600263942295
25.7504645833333,6.7552086856449
25.7507979166667,6.75703160240664
25.75113125,6.75612014402577
25.7514645833333,6.75260451884242
25.7517979166667,6.74596389349608
25.75213125,6.74049514321087
25.7524645833333,6.73737014304788
25.7527979166667,6.73515660126577
25.75313125,6.73138055940217
25.7534645833333,6.7304691010213
25.7537979166667,6.7352868096059
25.75413125,6.74583368515596
25.7544645833333,6.74817743527819
25.7547979166667,6.74114618491149
25.75513125,6.72903680927993
25.7554645833333,6.72265660061385
25.7557979166667,6.72395868401509
25.75613125,6.7218753505731
25.7564645833334,6.717578475349
25.7567979166667,6.70989618328167
25.75713125,6.69973993275198
25.7574645833333,6.70442743299645
25.7577979166667,6.70664097477857
25.75813125,6.71354201680515
25.7584645833334,6.70651076643844
25.7587979166667,6.70117222449335
25.75913125,6.69531284918776
25.7594645833334,6.69322951574577
25.7597979166667,6.68880243218155
25.76013125,6.68554722367844
25.7604645833334,6.68190139015496
25.7607979166667,6.67968784837285
25.76113125,6.68346389023645
25.7614645833334,6.68177118181484
25.7617979166667,6.67317743136664
25.76213125,6.6589847222931
25.7624645833334,6.65755243055173
25.7627979166667,6.66250034747645
25.76313125,6.66953159784316
25.7634645833334,6.66445347257832
25.7637979166667,6.66184930577583
25.76413125,6.6632815975172
25.7644645833334,6.66848993112217
25.7647979166667,6.66627638934006
25.76513125,6.65625034715049
25.7654645833334,6.65273472196714
25.7657979166667,6.6638024308777
25.76613125,6.67356805638701
25.7664645833334,6.66966180618329
25.7667979166667,6.65729201387148
25.76713125,6.65000034682453
25.7674645833334,6.654687847069
25.7677979166667,6.66080763905484
25.76813125,6.6589847222931
25.7684645833334,6.65117222188565
25.7687979166667,6.64036492965534
25.76913125,6.64062534633558
25.7694645833334,6.63658888779173
25.7697979166667,6.63151076252689
25.77013125,6.6246097205003
25.7704645833334,6.62200555369782
25.7707979166667,6.62304722041881
25.77113125,6.61341180324962
25.7714645833334,6.60533888616192
25.7717979166667,6.60026076089707
25.77213125,6.60455763612117
25.7724645833334,6.60963576138602
25.7727979166667,6.60963576138602
25.77313125,6.60989617806627
25.7734645833334,6.6036461777403
25.7737979166667,6.60546909450204
25.77413125,6.61119826146751
25.7744645833334,6.62109409531695
25.7747979166667,6.61927117855521
25.77513125,6.6074222196039
25.7754645833334,6.59661492737359
25.7757979166667,6.59440138559148
25.77613125,6.59908888583595
25.7764645833334,6.60286492769956
25.7767979166667,6.59739617741434
25.77713125,6.58671909352415
25.7774645833334,6.58684930186428
25.7777979166667,6.59531284397235
25.77813125,6.60182326097856
25.7784645833334,6.59192742712912
25.7787979166667,6.57994825983769
25.77913125,6.57968784315745
25.7794645833334,6.58789096858527
25.7797979166667,6.59036492704763
25.78013125,6.58789096858527
25.7804645833334,6.58658888518403
25.7807979166667,6.58971388534701
25.78113125,6.5950524272921
25.7814645833334,6.591797218789
25.7817979166667,6.5869795102044
25.7821312500001,6.57565138461359
25.7824645833334,6.5703128426685
25.7827979166667,6.5703128426685
25.78313125,6.57044305100862
25.7834645833334,6.56575555076415
25.7837979166667,6.56158888388018
25.78413125,6.5579430503567
25.7844645833334,6.56263055060117
25.7847979166667,6.55494825853384
25.7851312500001,6.5574222169962
25.7854645833334,6.55664096695546
25.7857979166667,6.56679721748515
25.7861312500001,6.56705763416539
25.7864645833334,6.56627638412465
25.7867979166667,6.55716180031595
25.7871312500001,6.55403680015297
25.7874645833334,6.55338575845235
25.7877979166667,6.55690138363571
25.7881312500001,6.55130242501036
25.7884645833334,6.55429721683322
25.7887979166667,6.55598992525484
25.7891312500001,6.5531253417721
25.7894645833334,6.53984409107943
25.7897979166667,6.53229200735223
25.7901312500001,6.54322950792266
25.7904645833334,6.55716180031595
25.7907979166667,6.56237013392092
25.7911312500001,6.55729200865608
25.7914645833334,6.54778679982701
25.7917979166667,6.54752638314676
25.7921312500001,6.55247430007148
25.7924645833334,6.55442742517335
25.7927979166667,6.549870133269
25.7931312500001,6.53710971593682
25.7934645833334,6.53112013229111
25.7937979166667,6.52682325706701
25.7941312500001,6.53190138233185
25.7944645833334,6.53437534079421
25.7947979166667,6.54179721618129
25.7951312500001,6.53867221601831
25.7954645833334,6.5407555494603
25.7957979166667,6.53684929925657
25.7961312500001,6.53893263269856
25.7964645833334,6.53372429909359
25.7967979166667,6.53085971561086
25.7971312500001,6.52070346508117
25.7974645833334,6.51835971495893
25.7977979166667,6.51328158969409
25.7981312500001,6.51953159002005
25.7984645833334,6.51432325641508
25.7987979166667,6.50963575617061
25.7991312500001,6.50833367276937
25.7994645833334,6.51705763155769
25.7997979166667,6.52773471544788
25.8001312500001,6.52799513212813
25.8004645833334,6.51901075665955
25.8007979166667,6.5111982562521
25.8011312500001,6.50859408944962
25.8014645833334,6.51757846491819
25.8017979166667,6.52070346508117
25.8021312500001,6.5203128400608
25.8024645833334,6.51067742289161
25.8027979166667,6.5117190896126
25.8031312500001,6.51302117301384
25.8034645833334,6.51341179803421
25.8037979166667,6.51015658953111
25.8041312500001,6.50664096434775
25.8044645833334,6.50859408944962
25.8047979166667,6.50911492281011
25.8051312500001,6.507943047749
25.8054645833334,6.50507846426626
25.8057979166667,6.50182325576316
25.8061312500001,6.50937533949036
25.8064645833334,6.5160159648367
25.8067979166667,6.52057325674105
25.8071312500001,6.51237013131322
25.8074645833334,6.50859408944962
25.8077979166667,6.50820346442924
25.8081312500001,6.50820346442924
25.8084645833334,6.506901381028
25.8087979166667,6.50351596418477
25.8091312500001,6.51041700621136
25.8094645833334,6.51627638151695
25.8097979166667,6.52018263172067
25.8101312500001,6.51315138135396
25.8104645833334,6.5111982562521
25.8107979166668,6.51406283973483
25.8111312500001,6.51562533981632
25.8114645833334,6.5122399229731
25.8117979166668,6.50950554783049
25.8121312500001,6.5111982562521
25.8124645833334,6.50585971430701
25.8127979166668,6.50039096402179
25.8131312500001,6.50338575584465
25.8134645833334,6.50755242272862
25.8137979166668,6.49739617219893
25.8141312500001,6.48554721324763
25.8144645833334,6.48398471316614
25.8147979166668,6.4907555468526
25.8151312500001,6.48880242175073
25.8154645833334,6.48658887996862
25.8157979166668,6.48802117170999
25.8161312500001,6.48554721324763
25.8164645833334,6.48737013000937
25.8167979166668,6.4902347134921
25.8171312500001,6.49765658887918
25.8174645833334,6.4912763802131
25.8177979166668,6.48606804660813
25.8181312500001,6.48854200507049
25.8184645833334,6.4940107553557
25.8187979166668,6.49544304709707
25.8191312500001,6.48932325511123
25.8194645833334,6.48606804660813
25.8197979166668,6.48398471316614
25.8201312500001,6.48750033834949
25.8204645833334,6.49270867195446
25.8207979166668,6.49036492183222
25.8211312500001,6.48476596320688
25.8214645833334,6.48750033834949
25.8217979166668,6.49518263041682
25.8221312500001,6.49739617219893
25.8224645833334,6.48723992166924
25.8227979166668,6.47656283777906
25.8231312500001,6.47890658790129
25.8234645833334,6.485937838268
25.8237979166668,6.49518263041682
25.8241312500001,6.48619825494825
25.8244645833334,6.47213575421483
25.8247979166668,6.47291700425558
25.8251312500001,6.48684929664887
25.8254645833334,6.49570346377732
25.8257979166668,6.49257846361434
25.8261312500001,6.48854200507049
25.8264645833334,6.49231804693409
25.8267979166668,6.48997429681185
25.8271312500001,6.47929721292167
25.8274645833334,6.47317742093583
25.8277979166668,6.47382846263645
25.8281312500001,6.47890658790129
25.8284645833334,6.48281283810502
25.8287979166668,6.48007846296241
25.8291312500001,6.48203158806428
25.8294645833334,6.48294304644514
25.8297979166668,6.48255242142477
25.8301312500001,6.48294304644514
25.8304645833334,6.48294304644514
25.8307979166668,6.48177117138403
25.8311312500001,6.48033887964266
25.8314645833334,6.47343783761608
25.8317979166668,6.47122429583396
25.8321312500001,6.47161492085434
25.8324645833334,6.47096387915372
25.8327979166668,6.47942742126179
25.8331312500001,6.48125033802353
25.8334645833334,6.48632846328837
25.8337979166668,6.47812533786055
25.8341312500001,6.47083367081359
25.8344645833334,6.47109408749384
25.8347979166668,6.47513054603769
25.8351312500001,6.47031283745309
25.8354645833335,6.46575554554875
25.8357979166668,6.46458367048763
25.8361312500001,6.47083367081359
25.8364645833334,6.46835971235123
25.8367979166668,6.46588575388887
25.8371312500001,6.47096387915372
25.8374645833334,6.47604200441856
25.8377979166668,6.48072950466303
25.8381312500001,6.47630242109881
25.8384645833334,6.47083367081359
25.8387979166668,6.47460971267719
25.8391312500001,6.48020867130254
25.8394645833335,6.48919304677111
25.8397979166668,6.4864586716285
25.8401312500001,6.48632846328837
25.8404645833335,6.48658887996862
25.8407979166668,6.48802117170999
25.8411312500001,6.48476596320688
25.8414645833334,6.47773471284018
25.8417979166668,6.47213575421483
25.8421312500001,6.47135450417409
25.8424645833335,6.47473992101732
25.8427979166668,6.47135450417409
25.8431312500001,6.47187533753459
25.8434645833335,6.47682325445931
25.8437979166668,6.48125033802353
25.8441312500001,6.48138054636365
25.8444645833335,6.47278679591545
25.8447979166668,6.4740888793167
25.8451312500001,6.47317742093583
25.8454645833335,6.47708367113955
25.8457979166668,6.4816409630439
25.8461312500001,6.4826826297649
25.8464645833335,6.47773471284018
25.8467979166668,6.47109408749384
25.8471312500001,6.47291700425558
25.8474645833335,6.48007846296241
25.8477979166668,6.48007846296241
25.8481312500001,6.46731804563024
25.8484645833335,6.46054721194378
25.8487979166668,6.46718783729011
25.8491312500001,6.47864617122104
25.8494645833335,6.47760450450005
25.8497979166668,6.46380242044688
25.8501312500001,6.45546908667893
25.8504645833335,6.46484408716788
25.8507979166668,6.4740888793167
25.8511312500001,6.47929721292167
25.8514645833335,6.46705762894999
25.8517979166668,6.46158887866477
25.8521312500001,6.45872429518204
25.8524645833335,6.46770867065061
25.8527979166668,6.4687503373716
25.8531312500001,6.46731804563024
25.8534645833335,6.45755242012092
25.8537979166668,6.45572950335918
25.8541312500001,6.46562533720862
25.8544645833335,6.47747429615993
25.8547979166668,6.4811201296834
25.8551312500001,6.4730472125957
25.8554645833335,6.46419304546726
25.8557979166668,6.4601565869234
25.8561312500001,6.46354200376663
25.8564645833335,6.46679721226974
25.8567979166668,6.47044304579322
25.8571312500001,6.4697920040926
25.8574645833335,6.46666700392962
25.8577979166668,6.46171908700489
25.8581312500001,6.46458367048763
25.8584645833335,6.46562533720862
25.8587979166668,6.47760450450005
25.8591312500001,6.47747429615993
25.8594645833335,6.47929721292167
25.8597979166668,6.46471387882775
25.8601312500001,6.45820346182154
25.8604645833335,6.45612012837955
25.8607979166668,6.46536492052837
25.8611312500001,6.47369825429632
25.8614645833335,6.47473992101732
25.8617979166668,6.47317742093583
25.8621312500001,6.46940137907222
25.8624645833335,6.46588575388887
25.8627979166668,6.46640658724937
25.8631312500001,6.46614617056912
25.8634645833335,6.46731804563024
25.8637979166668,6.46809929567098
25.8641312500001,6.47552117105806
25.8644645833335,6.48554721324763
25.8647979166668,6.48033887964266
25.8651312500002,6.4692711707321
25.8654645833335,6.46328158708639
25.8657979166668,6.47369825429632
25.8661312500001,6.4821617964044
25.8664645833335,6.48294304644514
25.8667979166668,6.4826826297649
25.8671312500002,6.48750033834949
25.8674645833335,6.49557325543719
25.8677979166668,6.49388054701558
25.8681312500002,6.47955762960191
25.8684645833335,6.47278679591545
25.8687979166668,6.47539096271794
25.8691312500002,6.48997429681185
25.8694645833335,6.49049513017235
25.8697979166668,6.48867221341061
25.8701312500002,6.48528679656738
25.8704645833335,6.48919304677111
25.8707979166668,6.48763054668962
25.8711312500002,6.4816409630439
25.8714645833335,6.47994825462229
25.8717979166668,6.48450554652663
25.8721312500002,6.48945346345136
25.8724645833335,6.49270867195446
25.8727979166668,6.48919304677111
25.8731312500002,6.49205763025384
25.8734645833335,6.49010450515198
25.8737979166668,6.49257846361434
25.8741312500002,6.49205763025384
25.8744645833335,6.48684929664887
25.8747979166668,6.48476596320688
25.8751312500002,6.48919304677111
25.8754645833335,6.49804721389955
25.8757979166668,6.50130242240266
25.8761312500002,6.49674513049831
25.8764645833335,6.49218783859396
25.8767979166668,6.49049513017235
25.8771312500002,6.49596388045757
25.8774645833335,6.49843783891993
25.8777979166668,6.49713575551869
25.8781312500002,6.4902347134921
25.8784645833335,6.49661492215819
25.8787979166668,6.5074222143885
25.8791312500002,6.51080763123173
25.8794645833335,6.49583367211744
25.8797979166668,6.48059929632291
25.8801312500002,6.47434929599695
25.8804645833335,6.485937838268
25.8807979166668,6.49531283875695
25.8811312500002,6.50039096402179
25.8814645833335,6.49635450547794
25.8817979166668,6.49375033867546
25.8821312500002,6.49739617219893
25.8824645833335,6.50677117268788
25.8827979166668,6.51315138135396
25.8831312500002,6.51067742289161
25.8834645833335,6.49335971365508
25.8837979166668,6.48828158839024
25.8841312500002,6.4902347134921
25.8844645833335,6.50078158904216
25.8847979166668,6.50221388078353
25.8851312500002,6.49375033867546
25.8854645833335,6.48997429681185
25.8857979166668,6.49322950531496
25.8861312500002,6.50091179738229
25.8864645833335,6.50013054734154
25.8867979166668,6.49479200539645
25.8871312500002,6.49726596385881
25.8874645833335,6.50377638086502
25.8877979166668,6.5117190896126
25.8881312500002,6.50807325608912
25.8884645833335,6.50729200604837
25.8887979166668,6.50156283908291
25.8891312500002,6.50638054766751
25.8894645833335,6.51705763155769
25.8897979166668,6.51835971495893
25.8901312500002,6.51666700653732
25.8904645833335,6.50559929762676
25.8907979166668,6.50130242240266
25.8911312500002,6.50039096402179
25.8914645833335,6.49778679721931
25.8917979166668,6.5031253391644
25.8921312500002,6.49921908896067
25.8924645833335,6.4988284639403
25.8927979166668,6.49531283875695
25.8931312500002,6.50195346410328
25.8934645833335,6.5074222143885
25.8937979166669,6.51302117301384
25.8941312500002,6.51575554815645
25.8944645833335,6.51679721487744
25.8947979166669,6.51158888127247
25.8951312500002,6.51575554815645
25.8954645833335,6.51575554815645
25.8957979166669,6.51666700653732
25.8961312500002,6.5074222143885
25.8964645833335,6.50651075600763
25.8967979166669,6.51536492313608
25.8971312500002,6.52187534014229
25.8974645833335,6.53046909059049
25.8977979166669,6.53242221569235
25.8981312500002,6.53033888225036
25.8984645833335,6.52994825722999
25.8987979166669,6.52825554880838
25.8991312500002,6.53580763253558
25.8994645833335,6.53463575747446
25.8997979166669,6.53085971561086
25.9001312500002,6.52539096532564
25.9004645833335,6.5235680485639
25.9007979166669,6.53255242403247
25.9011312500002,6.53723992427695
25.9014645833335,6.54062534112018
25.9017979166669,6.54088575780043
25.9021312500002,6.5455732580449
25.9024645833335,6.54921909156838
25.9027979166669,6.54804721650726
25.9031312500002,6.54296909124241
25.9034645833335,6.53854200767819
25.9037979166669,6.53789096597757
25.9041312500002,6.53710971593682
25.9044645833335,6.53476596581459
25.9047979166669,6.53619825755595
25.9051312500002,6.54153679950105
25.9054645833335,6.54856804986776
25.9057979166669,6.55052117496962
25.9061312500002,6.54960971658875
25.9064645833335,6.54674513310602
25.9067979166669,6.53893263269856
25.9071312500002,6.53411492411397
25.9074645833335,6.53528679917508
25.9077979166669,6.54388054962328
25.9081312500002,6.55182325837086
25.9084645833335,6.55598992525484
25.9087979166669,6.54622429974552
25.9091312500002,6.54440138298378
25.9094645833335,6.54466179966403
25.9097979166669,6.55625034193508
25.9101312500002,6.5541670084931
25.9104645833335,6.5455732580449
25.9107979166669,6.53450554913434
25.9111312500002,6.5359378408757
25.9114645833335,6.54322950792266
25.9117979166669,6.54960971658875
25.9121312500002,6.54362013294303
25.9124645833335,6.54479200800415
25.9127979166669,6.54648471642577
25.9131312500002,6.55325555011223
25.9134645833335,6.5455732580449
25.9137979166669,6.54375034128316
25.9141312500002,6.53880242435844
25.9144645833335,6.54726596646651
25.9147979166669,6.56041700881906
25.9151312500002,6.56888055092713
25.9154645833335,6.56614617578453
25.9157979166669,6.55260450841161
25.9161312500002,6.549870133269
25.9164645833335,6.55690138363571
25.9167979166669,6.570833676029
25.9171312500002,6.58333367668092
25.9174645833333,6.58281284332043
25.9177979166667,6.57721388469509
25.91813125,6.5654951340839
25.9184645833333,6.56809930088639
25.9187979166667,6.57864617643645
25.91913125,6.58098992655869
25.9194645833333,6.57565138461359
25.9197979166667,6.56705763416539
25.92013125,6.57773471805558
25.9204645833333,6.58945346866676
25.9207979166667,6.58997430202726
25.92113125,6.58177117659943
25.9214645833333,6.57317742615123
25.9217979166667,6.57317742615123
25.92213125,6.58007846817782
25.9224645833333,6.58203159327968
25.9227979166667,6.58411492672167
25.92313125,6.57916700979695
25.9234645833333,6.58151075991918
25.9237979166667,6.58723992688465
25.92413125,6.59049513538776
25.9244645833333,6.5955732606526
25.9247979166667,6.59674513571372
25.92513125,6.59596388567297
25.9254645833333,6.59596388567297
25.9257979166667,6.59375034389086
25.92613125,6.59401076057111
25.9264645833333,6.59622430235322
25.9267979166667,6.60390659442055
25.92713125,6.61237013652863
25.9274645833333,6.61393263661012
25.9277979166667,6.60598992786254
25.92813125,6.60143263595819
25.9284645833333,6.59895867749583
25.9287979166667,6.59856805247546
25.92913125,6.59973992753658
25.9294645833334,6.59414096891123
25.9297979166667,6.59700555239397
25.93013125,6.59960971919645
25.9304645833334,6.61080763644713
25.9307979166667,6.61549513669161
25.93113125,6.61250034486875
25.9314645833334,6.60325555271993
25.9317979166667,6.60221388599894
25.93213125,6.61354201158974
25.9324645833334,6.6251305538608
25.9327979166667,6.62916701240465
25.93313125,6.62343784543919
25.9334645833334,6.61848992851446
25.9337979166667,6.61835972017434
25.93413125,6.6170576367731
25.9344645833334,6.61627638673235
25.9347979166667,6.61588576171198
25.93513125,6.62239617871819
25.9354645833334,6.62760451232316
25.9357979166667,6.62929722074478
25.93613125,6.62929722074478
25.9364645833334,6.63059930414602
25.9367979166667,6.63007847078552
25.93713125,6.62382847045956
25.9374645833334,6.62421909547993
25.9377979166667,6.63385451264912
25.93813125,6.63906284625409
25.9384645833334,6.63789097119297
25.9387979166667,6.62825555402378
25.93913125,6.63632847111148
25.9394645833334,6.63815138787322
25.9397979166667,6.63815138787322
25.94013125,6.63098992916639
25.9404645833334,6.63138055418676
25.9407979166667,6.63971388795471
25.94113125,6.63932326293434
25.9414645833334,6.63268263758801
25.9417979166667,6.62187534535769
25.94213125,6.62252638705832
25.9424645833334,6.63151076252689
25.9427979166667,6.63919305459422
25.94313125,6.64388055483869
25.9434645833334,6.64921909678378
25.9437979166667,6.64908888844366
25.94413125,6.64596388828068
25.9444645833334,6.64244826309732
25.9447979166667,6.64934930512391
25.94513125,6.66080763905484
25.9454645833334,6.66432326423819
25.9457979166667,6.6589847222931
25.94613125,6.65221388860664
25.9464645833334,6.64843784674304
25.9467979166667,6.64752638836217
25.94713125,6.64791701338254
25.9474645833334,6.65013055516465
25.9477979166667,6.65312534698751
25.94813125,6.64869826342329
25.9484645833334,6.65000034682453
25.9487979166667,6.65156284690602
25.94913125,6.65716180553136
25.9494645833334,6.65612013881037
25.9497979166667,6.65807326391223
25.95013125,6.65651076383074
25.9504645833334,6.66106805573509
25.9507979166667,6.65807326391223
25.95113125,6.65664097217086
25.9514645833334,6.64778680504242
25.9517979166667,6.6498701384844
25.95213125,6.65234409694676
25.9524645833334,6.65494826374925
25.9527979166667,6.65182326358627
25.95313125,6.64973993014428
25.9534645833334,6.65546909710975
25.9537979166667,6.65989618067397
25.9541312500001,6.65664097217086
25.9544645833334,6.6498701384844
25.9547979166667,6.6503909718449
25.9551312500001,6.66080763905484
25.9554645833334,6.67057326456415
25.9557979166667,6.66080763905484
25.9561312500001,6.65364618034801
25.9564645833334,6.65143263856589
25.9567979166667,6.65651076383074
25.95713125,6.6552086804295
25.9574645833334,6.65598993047024
25.9577979166667,6.66132847241534
25.9581312500001,6.6708336812444
25.9584645833334,6.67487013978826
25.9587979166667,6.67487013978826
25.9591312500001,6.67174513962527
25.9594645833334,6.66822951444192
25.9597979166667,6.66822951444192
25.9601312500001,6.6723961813259
25.9604645833334,6.67005243120366
25.9607979166667,6.67304722302652
25.9611312500001,6.67213576464565
25.9614645833334,6.675651389829
25.9617979166667,6.67304722302652
25.9621312500001,6.6713545146049
25.9624645833334,6.66901076448267
25.9627979166667,6.67200555630552
25.9631312500001,6.6713545146049
25.9634645833334,6.66731805606105
25.9637979166667,6.66250034747645
25.9641312500001,6.66744826440117
25.9644645833334,6.6804690984136
25.9647979166667,6.68658889039944
25.9651312500001,6.68112014011422
25.9654645833334,6.67356805638701
25.9657979166667,6.6708336812444
25.9661312500001,6.67747430659074
25.9664645833334,6.68190139015496
25.9667979166667,6.68072951509385
25.9671312500001,6.66770868108142
25.9674645833334,6.66067743071471
25.9677979166667,6.66393263921782
25.9681312500001,6.67812534829136
25.9684645833334,6.68007847339322
25.9687979166667,6.67916701501235
25.9691312500001,6.68385451525683
25.9694645833334,6.6960940992285
25.9697979166667,6.70325555793534
25.9701312500001,6.69362014076614
25.9704645833334,6.67539097314875
25.9707979166667,6.66692743104068
25.9711312500001,6.67343784804689
25.9714645833334,6.6885420155013
25.9717979166667,6.69036493226304
25.9721312500001,6.69140659898403
25.9724645833334,6.69010451558279
25.9727979166667,6.69479201582726
25.9731312500001,6.68645868205931
25.9734645833334,6.68098993177409
25.9737979166667,6.67447951476788
25.9741312500001,6.67929722335248
25.9744645833334,6.68281284853583
25.9747979166667,6.68841180716118
25.9751312500001,6.68606805703894
25.9754645833334,6.68710972375993
25.9757979166667,6.69127639064391
25.9761312500001,6.69648472424888
25.9764645833334,6.69088576562353
25.9767979166667,6.67773472327099
25.9771312500001,6.67213576464565
25.9774645833334,6.67291701468639
25.9777979166667,6.6804690984136
25.9781312500001,6.67877638999198
25.9784645833334,6.67643263986975
25.9787979166667,6.67929722335248
25.9791312500001,6.68671909873956
25.9794645833334,6.69127639064391
25.9797979166667,6.68020868173335
25.9801312500001,6.66497430593881
25.9804645833334,6.6638024308777
25.9807979166668,6.67747430659074
25.9811312500001,6.69375034910627
25.9814645833334,6.69518264084763
25.9817979166667,6.68281284853583
25.9821312500001,6.67747430659074
25.9824645833334,6.68229201517534
25.9827979166667,6.68971389056242
25.9831312500001,6.68593784869881
25.9834645833334,6.6751305564685
25.9837979166668,6.6751305564685
25.9841312500001,6.6842451402772
25.9844645833334,6.69062534894329
25.9847979166667,6.69153680732416
25.9851312500001,6.68554722367844
25.9854645833334,6.68502639031794
25.9857979166668,6.6880211821408
25.9861312500001,6.69010451558279
25.9864645833334,6.69492222416739
25.9867979166668,6.69596389088838
25.9871312500001,6.69804722433037
25.9874645833334,6.69635451590875
25.9877979166668,6.69648472424888
25.9881312500001,6.6917972240044
25.9884645833334,6.68919305720192
25.9887979166668,6.68085972343397
25.9891312500001,6.68502639031794
25.9894645833334,6.68528680699819
25.9897979166668,6.6842451402772
25.9901312500001,6.68489618197782
25.9904645833334,6.68528680699819
25.9907979166668,6.68867222384142
25.9911312500001,6.68763055712043
25.9914645833334,6.69062534894329
25.9917979166668,6.69127639064391
25.9921312500001,6.68723993210006
25.9924645833334,6.68945347388217
25.9927979166668,6.69505243250751
25.9931312500001,6.69856805769086
25.9934645833334,6.69335972408589
25.9937979166668,6.68919305720192
25.9941312500001,6.68958368222229
25.9944645833334,6.69140659898403
25.9947979166668,6.69270868238527
25.9951312500001,6.69804722433037
25.9954645833334,6.70403680797608
25.9957979166668,6.70364618295571
25.9961312500001,6.69843784935074
25.9964645833334,6.68697951541981
25.9967979166668,6.68359409857658
25.9971312500001,6.68684930707968
25.9974645833334,6.69270868238527
25.9977979166668,6.69882847437111
25.9981312500001,6.70221389121434
25.9984645833334,6.70065139113285
25.9987979166668,6.69869826603099
25.9991312500001,6.69583368254826
25.9994645833334,6.69804722433037
25.9997979166668,6.69739618262975
26.0001312500001,6.69479201582726
26.0004645833334,6.69362014076614
26.0007979166668,6.69531284918776
26.0011312500001,6.69648472424888
26.0014645833334,6.7003909744526
26.0017979166668,6.70494826635695
26.0021312500001,6.70859409988043
26.0024645833334,6.70169305785385
26.0027979166668,6.69322951574577
26.0031312500001,6.69062534894329
26.0034645833334,6.69830764101062
26.0037979166668,6.7057295163977
26.0041312500001,6.70716180813906
26.0044645833334,6.70846389154031
26.0047979166668,6.70299514125509
26.0051312500001,6.69934930773161
26.0054645833334,6.70260451623471
26.0057979166668,6.70885451656068
26.0061312500001,6.70820347486006
26.0064645833334,6.69934930773161
26.0067979166668,6.69453159914701
26.0071312500001,6.69921909939148
26.0074645833334,6.70247430789459
26.0077979166668,6.70937534992118
26.0081312500001,6.70924514158105
26.0084645833335,6.71093785000267
26.0087979166668,6.70598993307795
26.0091312500001,6.70065139113285
26.0094645833335,6.69869826603099
26.0097979166668,6.69583368254826
26.0101312500001,6.69817743267049
26.0104645833334,6.69869826603099
26.0107979166668,6.70026076611248
26.0111312500001,6.69726597428962
26.0114645833334,6.68867222384142
26.0117979166668,6.68645868205931
26.0121312500001,6.69544305752788
26.0124645833335,6.70299514125509
26.0127979166668,6.70664097477857
26.0131312500001,6.69544305752788
26.0134645833335,6.69309930740565
26.0137979166668,6.69375034910627
26.0141312500001,6.69739618262975
26.0144645833335,6.69479201582726
26.0147979166668,6.69205764068465
26.0151312500001,6.69453159914701
26.0154645833335,6.70273472457484
26.0157979166668,6.70651076643844
26.0161312500001,6.70716180813906
26.0164645833335,6.69895868271124
26.0167979166668,6.69062534894329
26.0171312500001,6.68619826537906
26.0174645833335,6.68658889039944
26.0177979166668,6.69401076578652
26.0181312500001,6.69075555728341
26.0184645833335,6.68281284853583
26.0187979166668,6.67526076480863
26.0191312500001,6.68346389023645
26.0194645833335,6.69479201582726
26.0197979166668,6.7009118078131
26.0201312500001,6.69479201582726
26.0204645833335,6.68997430724267
26.0207979166668,6.6880211821408
26.0211312500001,6.6928388907254
26.0214645833335,6.6928388907254
26.0217979166668,6.68385451525683
26.0221312500001,6.68138055679447
26.0224645833335,6.68567743201857
26.0227979166668,6.69648472424888
26.0231312500001,6.69479201582726
26.0234645833335,6.68619826537906
26.0237979166668,6.67643263986975
26.0241312500001,6.68463576529757
26.0244645833335,6.69830764101062
26.0247979166668,6.70729201647919
26.0251312500001,6.69635451590875
26.0254645833335,6.68710972375993
26.0257979166668,6.68658889039944
26.0261312500001,6.69257847404515
26.0264645833335,6.69466180748714
26.0267979166668,6.68710972375993
26.0271312500001,6.68072951509385
26.0274645833335,6.67825555663149
26.0277979166668,6.68190139015496
26.0281312500001,6.68606805703894
26.0284645833335,6.68776076546055
26.0287979166668,6.68528680699819
26.0291312500001,6.69192743234453
26.0294645833335,6.69544305752788
26.0297979166668,6.7003909744526
26.0301312500001,6.69348993242602
26.0304645833335,6.69309930740565
26.0307979166668,6.68763055712043
26.0311312500001,6.68606805703894
26.0314645833335,6.67929722335248
26.0317979166668,6.68177118181484
26.0321312500001,6.68710972375993
26.0324645833335,6.68593784869881
26.0327979166668,6.68593784869881
26.0331312500001,6.68307326521608
26.0334645833335,6.6885420155013
26.0337979166668,6.68984409890254
26.0341312500001,6.68619826537906
26.0344645833335,6.68359409857658
26.0347979166668,6.68138055679447
26.0351312500001,6.68190139015496
26.0354645833335,6.68125034845434
26.0357979166668,6.68059930675372
26.0361312500001,6.67903680667223
26.0364645833335,6.68138055679447
26.0367979166668,6.68216180683521
26.0371312500002,6.69023472392291
26.0374645833335,6.68893264052167
26.0377979166668,6.68632847371919
26.0381312500002,6.67200555630552
26.0384645833335,6.67591180650925
26.0387979166668,6.6837243069167
26.0391312500002,6.69752639096987
26.0394645833335,6.69648472424888
26.0397979166668,6.69244826570503
26.0401312500002,6.68450555695745
26.0404645833335,6.68567743201857
26.0407979166668,6.68528680699819
26.0411312500002,6.69023472392291
26.0414645833335,6.68489618197782
26.0417979166668,6.68411493193708
26.0421312500002,6.68085972343397
26.0424645833335,6.68307326521608
26.0427979166668,6.68437534861732
26.0431312500002,6.68580764035869
26.0434645833335,6.68515659865807
26.0437979166668,6.68359409857658
26.0441312500002,6.68697951541981
26.0444645833335,6.68632847371919
26.0447979166668,6.68528680699819
26.0451312500002,6.68098993177409
26.0454645833335,6.67929722335248
26.0457979166668,6.68138055679447
26.0461312500002,6.67968784837285
26.0464645833335,6.67682326489012
26.0467979166668,6.67278680634627
26.0471312500002,6.67838576497161
26.0474645833335,6.68841180716118
26.0477979166668,6.69596389088838
26.0481312500002,6.69544305752788
26.0484645833335,6.68997430724267
26.0487979166668,6.68580764035869
26.0491312500002,6.68411493193708
26.0494645833335,6.68723993210006
26.0497979166668,6.68763055712043
26.0501312500002,6.68385451525683
26.0504645833335,6.68346389023645
26.0507979166668,6.68867222384142
26.0511312500002,6.69088576562353
26.0514645833335,6.68684930707968
26.0517979166668,6.6723961813259
26.0521312500002,6.66783888942155
26.0524645833335,6.67148472294503
26.0527979166668,6.68138055679447
26.0531312500002,6.68320347355621
26.0534645833335,6.66940138950304
26.0537979166668,6.66497430593881
26.0541312500002,6.66549513929931
26.0544645833335,6.67682326489012
26.0547979166668,6.67760451493086
26.0551312500002,6.67682326489012
26.0554645833335,6.67656284820987
26.0557979166668,6.67500034812838
26.0561312500002,6.67630243152962
26.0564645833335,6.67786493161111
26.0567979166668,6.67812534829136
26.0571312500002,6.67825555663149
26.0574645833335,6.67421909808763
26.0577979166668,6.6761722231895
26.0581312500002,6.67343784804689
26.0584645833335,6.67669305654999
26.0587979166668,6.67356805638701
26.0591312500002,6.67838576497161
26.0594645833335,6.67877638999198
26.0597979166668,6.68294305687596
26.0601312500002,6.68320347355621
26.0604645833335,6.6799482650531
26.0607979166668,6.66979201452341
26.0611312500002,6.66549513929931
26.0614645833335,6.6638024308777
26.0617979166668,6.67487013978826
26.0621312500002,6.68007847339322
26.0624645833335,6.68059930675372
26.0627979166669,6.66848993112217
26.0631312500002,6.66197951411596
26.0634645833335,6.66484409759869
26.0637979166668,6.6708336812444
26.0641312500002,6.67018263954378
26.0644645833335,6.66940138950304
26.0647979166668,6.66940138950304
26.0651312500002,6.67044305622403
26.0654645833335,6.6675784727413
26.0657979166668,6.66197951411596
26.0661312500002,6.66015659735422
26.0664645833335,6.65664097217086
26.0667979166669,6.66367222253757
26.0671312500002,6.65924513897335
26.0674645833335,6.6589847222931
26.0677979166669,6.65533888876962
26.0681312500002,6.65612013881037
26.0684645833335,6.65703159719124
26.0687979166669,6.65612013881037
26.0691312500002,6.65533888876962
26.0694645833335,6.65833368059248
26.0697979166669,6.65859409727273
26.0701312500002,6.66237013913633
26.0704645833335,6.65403680536838
26.0707979166669,6.64895868010353
26.0711312500002,6.64921909678378
26.0714645833335,6.65429722204863
26.0717979166669,6.65820347225235
26.0721312500002,6.6509118052054
26.0724645833335,6.6503909718449
26.0727979166669,6.65130243022577
26.0731312500002,6.65442743038875
26.0734645833335,6.65078159686527
26.0737979166669,6.64765659670229
26.0741312500002,6.65273472196714
26.0744645833335,6.65612013881037
26.0747979166669,6.65716180553136
26.0751312500002,6.64856805508316
26.0754645833335,6.64804722172266
26.0757979166669,6.65065138852515
26.0761312500002,6.65312534698751
26.0764645833335,6.6460940966208
26.0767979166669,6.63580763775099
26.0771312500002,6.63606805443123
26.0774645833335,6.64166701305658
26.0777979166669,6.65013055516465
26.0781312500002,6.64583367994055
26.0784645833335,6.63541701273061
26.0787979166669,6.62604201224167
26.0791312500002,6.62695347062254
26.0794645833335,6.63489617937012
26.0797979166669,6.64075555467571
26.0801312500002,6.63763055451273
26.0804645833335,6.63112013750652
26.0807979166669,6.62604201224167
26.0811312500002,6.62721388730279
26.0814645833335,6.63098992916639
26.0817979166669,6.63125034584664
26.0821312500002,6.63294305426825
26.0824645833335,6.63763055451273
26.0827979166669,6.64049513799546
26.0831312500002,6.63776076285285
26.0834645833335,6.62929722074478
26.0837979166669,6.61966180357558
26.0841312500002,6.6175784701336
26.0844645833335,6.61471388665086
26.0847979166669,6.61862013685459
26.0851312500002,6.61692742843297
26.0854645833335,6.61523472001136
26.0857979166669,6.61054721976689
26.0861312500002,6.60625034454279
26.0864645833335,6.61458367831074
26.0867979166669,6.61966180357558
26.0871312500002,6.61770867847372
26.0874645833335,6.60507846948167
26.0877979166669,6.60026076089707
26.08813125,6.60338576106005
26.0884645833333,6.60963576138602
26.0887979166667,6.6084638863249
26.08913125,6.60625034454279
26.0894645833333,6.60338576106005
26.0897979166667,6.60716180292366
26.09013125,6.61575555337186
26.0904645833333,6.61848992851446
26.0907979166667,6.61796909515397
26.09113125,6.6089847196854
26.0914645833333,6.5998701358767
26.0917979166667,6.59544305231248
26.09213125,6.59778680243471
26.0924645833333,6.60638055288291
26.0927979166667,6.60716180292366
26.09313125,6.60807326130453
26.0934645833333,6.60299513603968
26.0937979166667,6.59700555239397
26.09413125,6.59388055223099
26.0944645833333,6.59791701077484
26.0947979166667,6.60260451101931
26.09513125,6.59596388567297
26.0954645833334,6.5912763854285
26.0957979166667,6.59427117725136
26.09613125,6.59778680243471
26.0964645833333,6.59570346899272
26.0967979166667,6.58177117659943
26.09713125,6.5821618016198
26.0974645833334,6.58619826016366
26.0977979166667,6.59700555239397
26.09813125,6.58893263530627
26.0984645833334,6.58346388502105
26.0987979166667,6.58763055190502
26.09913125,6.60520867782179
26.0994645833334,6.6084638863249
26.0997979166667,6.60000034421682
26.10013125,6.58867221862602
26.1004645833334,6.59192742712912
26.1007979166667,6.60065138591745
26.10113125,6.60117221927794
26.1014645833334,6.59166701044887
26.1017979166667,6.59036492704763
26.10213125,6.58893263530627
26.1024645833334,6.59166701044887
26.1027979166667,6.58515659344266
26.10313125,6.58424513506179
26.1034645833334,6.58789096858527
26.1037979166667,6.58645867684391
26.10413125,6.58580763514328
26.1044645833334,6.58177117659943
26.1047979166667,6.57994825983769
26.10513125,6.58502638510254
26.1054645833334,6.59348992721061
26.1057979166667,6.59713576073409
26.10613125,6.59440138559148
26.1064645833334,6.58541701012291
26.1067979166667,6.58151075991918
26.10713125,6.57591180129384
26.1074645833334,6.57369825951173
26.1077979166667,6.57226596777036
26.10813125,6.57200555109012
26.1084645833334,6.57421909287223
26.1087979166667,6.57877638477657
26.10913125,6.57929721813707
26.1094645833334,6.57903680145682
26.1097979166667,6.57825555141608
26.11013125,6.58671909352415
26.1104645833334,6.59218784380937
26.1107979166667,6.591797218789
26.11113125,6.58138055157906
26.1114645833334,6.57721388469509
26.1117979166667,6.57708367635496
26.11213125,6.58112013489881
26.1124645833334,6.57604200963397
26.1127979166667,6.57018263432838
26.11313125,6.56523471740366
26.1134645833334,6.56679721748515
26.1137979166667,6.57135450938949
26.11413125,6.57395867619198
26.1144645833334,6.56940138428763
26.1147979166667,6.56992221764813
26.11513125,6.57356805117161
26.1154645833334,6.57734409303521
26.1157979166667,6.56484409238328
26.11613125,6.55533888355421
26.1164645833334,6.55065138330974
26.1167979166667,6.55429721683322
26.11713125,6.55585971691471
26.1174645833334,6.5536461751326
26.1177979166667,6.55677117529558
26.11813125,6.5617190922203
26.1184645833334,6.56471388404316
26.1187979166667,6.55976596711844
26.11913125,6.54856804986776
26.1194645833334,6.54544304970477
26.1197979166667,6.54856804986776
26.12013125,6.55091179998999
26.1204645833334,6.55442742517335
26.1207979166667,6.55442742517335
26.12113125,6.55572950857459
26.1214645833334,6.55052117496962
26.1217979166667,6.55078159164987
26.12213125,6.55247430007148
26.1224645833334,6.55234409173136
26.1227979166667,6.54947950824862
26.12313125,6.5541670084931
26.1234645833334,6.56002638379869
26.1237979166667,6.5584638837172
26.1241312500001,6.54492221634428
26.1244645833334,6.53463575747446
26.1247979166667,6.52734409042751
26.1251312500001,6.52994825722999
26.1254645833334,6.53515659083496
26.1257979166667,6.54205763286154
26.12613125,6.5445315913239
26.1264645833334,6.53815138265782
26.1267979166667,6.53398471577384
26.1271312500001,6.52343784022378
26.1274645833334,6.5240888819244
26.1277979166667,6.52395867358428
26.1281312500001,6.52617221536639
26.1284645833334,6.52200554848241
26.1287979166667,6.5165367981972
26.1291312500001,6.52109409010154
26.1294645833334,6.52643263204664
26.1297979166667,6.52695346540713
26.1301312500001,6.5160159648367
26.1304645833334,6.50494825592614
26.1307979166667,6.4993492973008
26.1311312500001,6.50221388078353
26.1314645833334,6.50585971430701
26.1317979166667,6.50911492281011
26.1321312500001,6.51067742289161
26.1324645833334,6.50768263106875
26.1327979166667,6.51145867293235
26.1331312500001,6.51510450645583
26.1334645833334,6.51966179836018
26.1337979166667,6.51263054799347
26.1341312500001,6.50729200604837
26.1344645833334,6.50481804758601
26.1347979166667,6.5074222143885
26.1351312500001,6.50377638086502
26.1354645833334,6.49674513049831
26.1357979166667,6.49479200539645
26.1361312500001,6.50117221406254
26.1364645833334,6.50924513115024
26.1367979166667,6.50833367276937
26.1371312500001,6.49309929697483
26.1374645833334,6.48450554652663
26.1377979166667,6.48567742158775
26.1381312500001,6.49036492183222
26.1384645833334,6.48763054668962
26.1387979166667,6.48476596320688
26.1391312500001,6.48880242175073
26.1394645833334,6.49427117203595
26.1397979166667,6.49726596385881
26.1401312500001,6.49062533851247
26.1404645833334,6.48411492150626
26.1407979166667,6.4735680459562
26.1411312500001,6.47200554587471
26.1414645833334,6.47343783761608
26.1417979166667,6.4816409630439
26.1421312500001,6.49036492183222
26.1424645833334,6.48737013000937
26.1427979166667,6.48125033802353
26.1431312500001,6.4821617964044
26.1434645833334,6.49309929697483
26.1437979166667,6.49908888062055
26.1441312500001,6.49609408879769
26.1444645833334,6.49205763025384
26.1447979166667,6.48684929664887
26.1451312500001,6.48632846328837
26.1454645833334,6.48723992166924
26.1457979166667,6.48723992166924
26.1461312500001,6.47968783794204
26.1464645833334,6.47369825429632
26.1467979166667,6.47773471284018
26.1471312500001,6.48229200474452
26.1474645833334,6.48372429648589
26.1477979166667,6.47695346279943
26.1481312500001,6.47643262943893
26.1484645833334,6.48138054636365
26.1487979166667,6.47968783794204
26.1491312500001,6.47773471284018
26.1494645833334,6.47317742093583
26.1497979166668,6.47447950433707
26.1501312500001,6.47708367113955
26.1504645833334,6.47135450417409
26.1507979166668,6.4735680459562
26.1511312500001,6.46731804563024
26.1514645833334,6.46419304546726
26.1517979166667,6.4563805450598
26.1521312500001,6.45885450352216
26.1524645833334,6.45885450352216
26.1527979166668,6.45963575356291
26.1531312500001,6.4601565869234
26.1534645833334,6.4654951288685
26.1537979166668,6.46041700360365
26.1541312500001,6.45182325315545
26.1544645833334,6.44765658627148
26.1547979166668,6.45221387817583
26.1551312500001,6.45182325315545
26.1554645833334,6.45026075307396
26.1557979166668,6.44752637793135
26.1561312500001,6.44674512789061
26.1564645833334,6.44492221112887
26.1567979166668,6.44388054440788
26.1571312500001,6.44973991971347
26.1574645833334,6.45716179510055
26.1577979166668,6.46458367048763
26.1581312500001,6.4611982536444
26.1584645833334,6.45078158643446
26.1587979166668,6.44205762764614
26.1591312500001,6.43723991906154
26.1594645833334,6.43828158578253
26.1597979166668,6.44375033606775
26.1601312500001,6.44427116942825
26.1604645833334,6.44583366950974
26.1607979166668,6.43333366885781
26.1611312500001,6.43242221047694
26.1614645833334,6.42916700197384
26.1617979166668,6.4354170022998
26.1621312500001,6.44270866934676
26.1624645833334,6.44518262780912
26.1627979166668,6.44661491955048
26.1631312500001,6.44622429453011
26.1634645833334,6.44309929436713
26.1637979166668,6.43945346084365
26.1641312500001,6.42929721031396
26.1644645833334,6.42617221015098
26.1647979166668,6.4321617937967
26.1651312500001,6.43932325250353
26.1654645833334,6.43789096076216
26.1657979166668,6.42721387687197
26.1661312500001,6.41341179281881
26.1664645833334,6.41862012642378
26.1667979166668,6.42265658496763
26.1671312500001,6.42721387687197
26.1674645833334,6.42057325152564
26.1677979166668,6.42539096011024
26.1681312500001,6.43502637727943
26.1684645833334,6.43945346084365
26.1687979166668,6.42825554359297
26.1691312500001,6.41432325119968
26.1694645833334,6.4144534595398
26.1697979166668,6.42109408488614
26.1701312500001,6.43125033541583
26.1704645833334,6.43177116877632
26.1707979166668,6.42395866836887
26.1711312500001,6.40937533427496
26.1714645833334,6.40065137548663
26.1717979166668,6.40351595896937
26.1721312500001,6.41171908439719
26.1724645833334,6.41796908472315
26.1727979166668,6.41679720966204
26.1731312500001,6.41627637630154
26.1734645833334,6.41419304285955
26.1737979166668,6.41315137613856
26.1741312500001,6.41276075111819
26.1744645833334,6.40976595929533
26.1747979166668,6.40911491759471
26.1751312500001,6.4026045005885
26.1754645833334,6.39687533362303
26.1757979166668,6.39505241686129
26.1761312500001,6.39817741702427
26.1764645833334,6.40221387556812
26.1767979166668,6.40338575062924
26.1771312500001,6.39856804204464
26.1774645833334,6.39882845872489
26.1777979166668,6.39960970876564
26.1781312500001,6.40390658398974
26.1784645833335,6.40130241718725
26.1787979166668,6.39765658366378
26.1791312500001,6.39322950009955
26.1794645833334,6.39596387524216
26.1797979166668,6.39648470860266
26.1801312500001,6.4026045005885
26.1804645833335,6.40078158382676
26.1807979166668,6.40507845905086
26.1811312500001,6.40338575062924
26.1814645833335,6.40416700066999
26.1817979166668,6.3929690834193
26.1821312500001,6.38567741637235
26.1824645833335,6.38203158284887
26.1827979166668,6.3886722081952
26.1831312500001,6.39466179184092
26.1834645833335,6.39283887507918
26.1837979166668,6.38828158317483
26.1841312500001,6.38737012479396
26.1844645833335,6.39466179184092
26.1847979166668,6.39518262520141
26.1851312500001,6.38945345823595
26.1854645833335,6.37760449928464
26.1857979166668,6.37877637434576
26.1861312500001,6.38242220786924
26.1864645833335,6.38450554131123
26.1867979166668,6.38020866608713
26.1871312500001,6.38007845774701
26.1874645833335,6.38684929143346
26.1877979166668,6.39218783337856
26.1881312500001,6.38606804139272
26.1884645833335,6.38020866608713
26.1887979166668,6.37695345758402
26.1891312500001,6.37708366592415
26.1894645833335,6.37460970746179
26.1897979166668,6.37239616567967
26.1901312500001,6.3725263740198
26.1904645833335,6.37500033248216
26.1907979166668,6.37890658268589
26.1911312500001,6.37994824940688
26.1914645833335,6.37096387393831
26.1917979166668,6.35872428996663
26.1921312500001,6.36210970680986
26.1924645833335,6.37526074916241
26.1927979166668,6.38645866641309
26.1931312500001,6.38463574965135
26.1934645833335,6.37187533231918
26.1937979166668,6.35846387328638
26.1941312500001,6.35494824810303
26.1944645833335,6.35989616502775
26.1947979166668,6.36848991547595
26.1951312500001,6.36536491531297
26.1954645833335,6.36197949846974
26.1957979166668,6.35677116486477
26.1961312500001,6.35885449830676
26.1964645833335,6.36315137353086
26.1967979166668,6.36679720705433
26.1971312500001,6.36367220689135
26.1974645833335,6.35846387328638
26.1977979166668,6.359114914987
26.1981312500001,6.36106804008887
26.1984645833335,6.35846387328638
26.1987979166668,6.34713574769557
26.1991312500001,6.33750033052638
26.1994645833335,6.33932324728812
26.1997979166668,6.35182324794005
26.2001312500001,6.36367220689135
26.2004645833335,6.36562533199322
26.2007979166668,6.35468783142278
26.2011312500001,6.34856803943694
26.2014645833335,6.34375033085234
26.2017979166668,6.34518262259371
26.2021312500001,6.34309928915172
26.2024645833335,6.34010449732887
26.2027979166668,6.33606803878502
26.2031312500002,6.33476595538377
26.2034645833335,6.34362012251222
26.2037979166668,6.35091178955918
26.2041312500002,6.35143262291968
26.2044645833335,6.34309928915172
26.2047979166668,6.33697949716589
26.2051312500001,6.3343753303634
26.2054645833335,6.33841178890725
26.2057979166668,6.34322949749185
26.2061312500001,6.3429690808116
26.2064645833335,6.34166699741036
26.2067979166668,6.34010449732887
26.2071312500002,6.34583366429433
26.2074645833335,6.34283887247148
26.2077979166668,6.34648470599495
26.2081312500002,6.34869824777707
26.2084645833335,6.35013053951843
26.2087979166668,6.34309928915172
26.2091312500002,6.33554720542452
26.2094645833335,6.33098991352017
26.2097979166668,6.33281283028191
26.2101312500002,6.34010449732887
26.2104645833335,6.34908887279744
26.2107979166668,6.34921908113756
26.2111312500002,6.34335970583197
26.2114645833335,6.33229199692141
26.2117979166668,6.32617220493557
26.2121312500002,6.32500032987446
26.2124645833335,6.3305992884998
26.2127979166668,6.33567741376464
26.2131312500002,6.33242220526154
26.2134645833335,6.32942741343868
26.2137979166668,6.33177116356092
26.2141312500002,6.33763053886651
26.2144645833335,6.33593783044489
26.2147979166668,6.32604199659545
26.2151312500002,6.31705762112688
26.2154645833335,6.32161491303123
26.2157979166668,6.32539095489483
26.2161312500002,6.32669303829607
26.2164645833335,6.31783887116762
26.2167979166668,6.31523470436514
26.2171312500002,6.31315137092315
26.2174645833335,6.31796907950775
26.2177979166668,6.31510449602501
26.2181312500002,6.31731803780713
26.2184645833335,6.31523470436514
26.2187979166668,6.32226595473185
26.2191312500002,6.32070345465036
26.2194645833335,6.31848991286824
26.2197979166668,6.31666699610651
26.2201312500002,6.31966178792936
26.2204645833335,6.31757845448738
26.2207979166668,6.31145866250154
26.2211312500002,6.3096357457398
26.2214645833335,6.31354199594353
26.2217979166668,6.31484407934477
26.2221312500002,6.30833366233856
26.2224645833335,6.30703157893731
26.2227979166668,6.31132845416141
26.2231312500002,6.31835970452812
26.2234645833335,6.31953157958924
26.2237979166668,6.31888053788862
26.2241312500002,6.30612012055644
26.2244645833335,6.29687532840762
26.2247979166668,6.29570345334651
26.2251312500002,6.31302116258303
26.2254645833335,6.32343782979297
26.2257979166668,6.31862012120837
26.2261312500002,6.31679720444663
26.2264645833335,6.32083366299048
26.2267979166668,6.32617220493557
26.2271312500002,6.32591178825533
26.2274645833335,6.31588574606576
26.2277979166668,6.3048180371552
26.2281312500002,6.29921907852986
26.2284645833335,6.30989616242005
26.2287979166668,6.32226595473185
26.2291312500002,6.31992220460961
26.2294645833335,6.30377637043421
26.2297979166668,6.30312532873359
26.2301312500002,6.30872428735893
26.2304645833335,6.31757845448738
26.2307979166668,6.31093782914104
26.2311312500002,6.30299512039346
26.2314645833335,6.30598991221632
26.2317979166668,6.31315137092315
26.2321312500002,6.31979199626949
26.2324645833335,6.31041699578054
26.2327979166669,6.29869824516936
26.2331312500002,6.29609407836688
26.2334645833335,6.3015628286521
26.2337979166669,6.31210970420216
26.2341312500002,6.30755241229781
26.2344645833335,6.30416699545458
26.2347979166669,6.29830762014899
26.2351312500002,6.29518261998601
26.2354645833335,6.28971386970079
26.2357979166669,6.28737011957856
26.2361312500002,6.29088574476191
26.2364645833335,6.29804720346874
26.2367979166669,6.30182324533234
26.2371312500002,6.29635449504713
26.2374645833335,6.29492220330576
26.2377979166669,6.30065137027123
26.2381312500002,6.31145866250154
26.2384645833335,6.3091149123793
26.2387979166669,6.29440136994526
26.2391312500002,6.28776074459893
26.2394645833335,6.29036491140141
26.2397979166669,6.29635449504713
26.2401312500002,6.29427116160514
26.2404645833335,6.2924482448434
26.2407979166669,6.29166699480265
26.2411312500002,6.2967451200675
26.2414645833335,6.29570345334651
26.2417979166669,6.29414095326502
26.2421312500002,6.28958366136067
26.2424645833335,6.28880241131992
26.2427979166669,6.29153678646253
26.2431312500002,6.29375032824464
26.2434645833335,6.29557324500638
26.2437979166669,6.29166699480265
26.2441312500002,6.28411491107545
26.2444645833335,6.27994824419147
26.2447979166669,6.28359407771495
26.2451312500002,6.28997428638104
26.2454645833335,6.28593782783719
26.2457979166669,6.27942741083098
26.2461312500002,6.27643261900812
26.2464645833335,6.28372428605508
26.2467979166669,6.29140657812241
26.2471312500002,6.29062532808166
26.2474645833335,6.28606803617731
26.2477979166669,6.27851595245011
26.2481312500002,6.27968782751123
26.2484645833335,6.28177116095321
26.2487979166669,6.28802116127918
26.2491312500002,6.28802116127918
26.2494645833335,6.28684928621806
26.2497979166669,6.28372428605508
26.2501312500002,6.28255241099396
26.2504645833335,6.28085970257234
26.2507979166669,6.28138053593284
26.2511312500002,6.28958366136067
26.2514645833335,6.29010449472116
26.2517979166669,6.28411491107545
26.2521312500002,6.26966178532166
26.2524645833335,6.26809928524017
26.2527979166669,6.27356803552539
26.2531312500002,6.27708366070874
26.2534645833335,6.27747428572911
26.2537979166669,6.2714847020834
26.2541312500002,6.27239616046427
26.2544645833335,6.2677086602198
26.2547979166669,6.26627636847843
26.2551312500002,6.25898470143147
26.2554645833335,6.25989615981234
26.2557979166669,6.26106803487346
26.2561312500002,6.26835970192042
26.2564645833335,6.27395866054576
26.2567979166669,6.27539095228713
26.2571312500002,6.2800784525316
26.2574645833336,6.28033886921185
26.2577979166669,6.28476595277607
26.2581312500002,6.27916699415073
26.2584645833335,6.27460970224638
26.2587979166667,6.27382845220564
26.25913125,6.27343782718526
26.2594645833333,6.2747399105865
26.2597979166667,6.27109407706303
26.26013125,6.27786491074949
26.2604645833333,6.27864616079023
26.2607979166667,6.27213574378402
26.26113125,6.26445345171669
26.2614645833333,6.26354199333582
26.2617979166667,6.27083366038278
26.26213125,6.27239616046427
26.2624645833333,6.26848991026054
26.2627979166667,6.26523470175744
26.26313125,6.26940136864141
26.2634645833333,6.27591178564762
26.2637979166667,6.27877636913036
26.26413125,6.26848991026054
26.2644645833333,6.26302115997532
26.2647979166667,6.25533886790799
26.26513125,6.25651074296911
26.2654645833333,6.25247428442526
26.2657979166667,6.25520865956787
26.26613125,6.25494824288762
26.2664645833333,6.26132845155371
26.2667979166667,6.26614616013831
26.26713125,6.26783886855992
26.2674645833333,6.26901074362104
26.2677979166667,6.26445345171669
26.26813125,6.26497428507719
26.2684645833334,6.26653678515868
26.2687979166667,6.27291699382477
26.26913125,6.27174511876365
26.2694645833334,6.26041699317284
26.2697979166667,6.25520865956787
26.27013125,6.26197949325433
26.2704645833334,6.26875032694079
26.2707979166667,6.26744824353955
26.27113125,6.26380241001607
26.2714645833334,6.26223990993458
26.2717979166667,6.26458366005682
26.27213125,6.25885449309135
26.2724645833334,6.25533886790799
26.2727979166667,6.2548180345475
26.27313125,6.25520865956787
26.2734645833334,6.25872428475123
26.2737979166667,6.25585970126849
26.27413125,6.26458366005682
26.2744645833334,6.26497428507719
26.2747979166667,6.26263053495495
26.27513125,6.25364615948638
26.2754645833334,6.25494824288762
26.2757979166667,6.2591149097716
26.27613125,6.25924511811172
26.2764645833334,6.2505211593234
26.2767979166667,6.24661490911967
26.27713125,6.25091178434377
26.2774645833334,6.26367220167595
26.2777979166667,6.27044303536241
26.27813125,6.26679720183893
26.2784645833334,6.25872428475123
26.2787979166667,6.25625032628887
26.27913125,6.25364615948638
26.2794645833334,6.24987011762278
26.2797979166667,6.24635449243942
26.28013125,6.24726595082029
26.2804645833334,6.25364615948638
26.2807979166667,6.26119824321358
26.28113125,6.26223990993458
26.2814645833334,6.25872428475123
26.2817979166667,6.24934928426228
26.28213125,6.24817740920116
26.2824645833334,6.24973990928265
26.2827979166667,6.25364615948638
26.28313125,6.25794303471048
26.2834645833334,6.26171907657408
26.2837979166667,6.2591149097716
26.28413125,6.25494824288762
26.2844645833334,6.25091178434377
26.2847979166667,6.25520865956787
26.28513125,6.25794303471048
26.2854645833334,6.25638053462899
26.2857979166667,6.2500003259629
26.28613125,6.24830761754129
26.2864645833334,6.254297201187
26.2867979166667,6.25520865956787
26.28713125,6.25182324272464
26.2874645833334,6.24218782555545
26.2877979166667,6.24114615883445
26.28813125,6.23997428377334
26.2884645833334,6.24283886725607
26.2887979166667,6.24557324239868
26.28913125,6.25572949292837
26.2894645833334,6.25872428475123
26.2897979166667,6.26315136831545
26.29013125,6.26197949325433
26.2904645833334,6.26028678483272
26.2907979166667,6.25351595114626
26.29113125,6.25546907624812
26.2914645833334,6.25924511811172
26.2917979166667,6.26250032661483
26.29213125,6.24908886758203
26.2924645833334,6.24661490911967
26.2927979166667,6.24492220069806
26.2931312500001,6.2467451174598
26.2934645833334,6.24179720053508
26.2937979166667,6.24010449211346
26.29413125,6.25013053430303
26.2944645833334,6.26106803487346
26.2947979166667,6.26041699317284
26.29513125,6.25143261770427
26.2954645833334,6.23645865858998
26.2957979166667,6.23997428377334
26.29613125,6.24752636750054
26.2964645833334,6.25234407608514
26.2967979166667,6.24960970094253
26.2971312500001,6.24583365907893
26.2974645833334,6.25234407608514
26.2977979166667,6.25937532645185
26.2981312500001,6.26302115997532
26.2984645833334,6.25976595147222
26.2987979166667,6.25312532612588
26.2991312500001,6.24583365907893
26.2994645833334,6.24648470077955
26.2997979166667,6.24739615916042
26.3001312500001,6.2500003259629
26.3004645833334,6.24401074231719
26.3007979166667,6.24049511713383
26.3011312500001,6.2381513670116
26.3014645833334,6.24101595049433
26.3017979166667,6.24843782588141
26.3021312500001,6.25247428442526
26.3024645833334,6.24596386741905
26.3027979166667,6.23802115867147
26.3031312500001,6.23567740854924
26.3034645833334,6.24544303405855
26.3037979166667,6.25117220102402
26.3041312500001,6.25195345106476
26.3044645833334,6.24973990928265
26.3047979166667,6.25013053430303
26.3051312500001,6.25533886790799
26.3054645833334,6.25559928458824
26.3057979166667,6.25117220102402
26.3061312500001,6.24817740920116
26.3064645833334,6.2510419926839
26.3067979166667,6.25286490944564
26.3071312500001,6.24973990928265
26.3074645833334,6.24218782555545
26.3077979166667,6.23867220037209
26.3081312500001,6.23697949195048
26.3084645833334,6.23776074199122
26.3087979166667,6.24440136733756
26.3091312500001,6.24791699252091
26.3094645833334,6.25117220102402
26.3097979166667,6.24973990928265
26.3101312500001,6.2494794926024
26.3104645833334,6.24791699252091
26.3107979166667,6.24335970061657
26.3111312500001,6.24453157567768
26.3114645833334,6.24960970094253
26.3117979166667,6.2505211593234
26.3121312500001,6.24362011729681
26.3124645833334,6.23997428377334
26.3127979166667,6.24518261737831
26.3131312500001,6.2500003259629
26.3134645833334,6.24596386741905
26.3137979166667,6.24114615883445
26.3141312500001,6.2467451174598
26.3144645833334,6.25403678450675
26.3147979166667,6.25156282604439
26.3151312500001,6.2424482422357
26.3154645833334,6.24075553381408
26.3157979166667,6.24466178401781
26.3161312500001,6.25130240936414
26.3164645833334,6.2505211593234
26.3167979166667,6.2500003259629
26.3171312500001,6.24218782555545
26.3174645833334,6.24335970061657
26.3177979166667,6.24934928426228
26.3181312500001,6.25351595114626
26.3184645833334,6.25338574280613
26.3187979166667,6.25598990960862
26.3191312500001,6.25533886790799
26.3194645833334,6.25546907624812
26.3197979166668,6.24544303405855
26.3201312500001,6.24205761721532
26.3204645833334,6.23398470012762
26.3207979166667,6.23619824190973
26.3211312500001,6.23854199203197
26.3214645833334,6.24765657584067
26.3217979166668,6.24987011762278
26.3221312500001,6.2505211593234
26.3224645833334,6.25130240936414
26.3227979166668,6.25169303438452
26.3231312500001,6.25325553446601
26.3234645833334,6.24908886758203
26.3237979166668,6.2424482422357
26.3241312500001,6.2419274088752
26.3244645833334,6.24596386741905
26.3247979166668,6.25273470110551
26.3251312500001,6.25195345106476
26.3254645833334,6.24765657584067
26.3257979166668,6.24609407575917
26.3261312500001,6.25091178434377
26.3264645833334,6.25182324272464
26.3267979166668,6.24687532579992
26.3271312500001,6.23945345041284
26.3274645833334,6.24205761721532
26.3277979166668,6.25195345106476
26.3281312500001,6.25989615981234
26.3284645833334,6.25612011794874
26.3287979166668,6.24114615883445
26.3291312500001,6.23450553348812
26.3294645833334,6.23945345041284
26.3297979166668,6.25520865956787
26.3301312500001,6.25950553479197
26.3304645833334,6.25390657616663
26.3307979166668,6.24882845090178
26.3311312500001,6.24934928426228
26.3314645833334,6.254297201187
26.3317979166668,6.25625032628887
26.3321312500001,6.25703157632961
26.3324645833334,6.25677115964936
26.3327979166668,6.25533886790799
26.3331312500001,6.25559928458824
26.3334645833334,6.25364615948638
26.3337979166668,6.24960970094253
26.3341312500001,6.24335970061657
26.3344645833334,6.24987011762278
26.3347979166668,6.25664095130924
26.3351312500001,6.26263053495495
26.3354645833334,6.25833365973085
26.3357979166668,6.24791699252091
26.3361312500001,6.24062532547396
26.3364645833334,6.2376305336511
26.3367979166668,6.24518261737831
26.3371312500001,6.25716178466973
26.3374645833334,6.26536491009756
26.3377979166668,6.26497428507719
26.3381312500001,6.25742220134998
26.3384645833334,6.25117220102402
26.3387979166668,6.25286490944564
26.3391312500001,6.2505211593234
26.3394645833334,6.24427115899744
26.3397979166668,6.23737011697085
26.3401312500001,6.23958365875296
26.3404645833334,6.24466178401781
26.3407979166668,6.24817740920116
26.3411312500001,6.24466178401781
26.3414645833334,6.23697949195048
26.3417979166668,6.23489615850849
26.3421312500001,6.24518261737831
26.3424645833334,6.25781282637036
26.3427979166668,6.25703157632961
26.3431312500001,6.24882845090178
26.3434645833334,6.24557324239868
26.3437979166668,6.25403678450675
26.3441312500001,6.25950553479197
26.3444645833334,6.25690136798949
26.3447979166668,6.24700553414005
26.3451312500001,6.23776074199122
26.3454645833334,6.23802115867147
26.3457979166668,6.25312532612588
26.3461312500001,6.26458366005682
26.3464645833334,6.26432324337657
26.3467979166668,6.25273470110551
26.3471312500001,6.2419274088752
26.3474645833334,6.24414095065731
26.3477979166668,6.24531282571843
26.3481312500001,6.24648470077955
26.3484645833334,6.24518261737831
26.3487979166668,6.24518261737831
26.3491312500001,6.24908886758203
26.3494645833334,6.24752636750054
26.3497979166668,6.24440136733756
26.3501312500001,6.24817740920116
26.3504645833334,6.254297201187
26.3507979166668,6.2596357431321
26.3511312500001,6.2580732430506
26.3514645833335,6.25325553446601
26.3517979166668,6.25468782620737
26.3521312500001,6.25755240969011
26.3524645833335,6.26093782653334
26.3527979166668,6.26145865989383
26.3531312500001,6.2585940764111
26.3534645833335,6.25924511811172
26.3537979166668,6.25794303471048
26.3541312500001,6.25651074296911
26.3544645833335,6.2585940764111
26.3547979166668,6.25520865956787
26.3551312500001,6.25820345139073
26.3554645833335,6.25768261803023
26.3557979166668,6.26354199333582
26.3561312500001,6.25533886790799
26.3564645833335,6.24908886758203
26.3567979166668,6.24713574248017
26.3571312500001,6.25221386774501
26.3574645833335,6.25716178466973
26.3577979166668,6.25625032628887
26.3581312500001,6.25546907624812
26.3584645833335,6.25091178434377
26.3587979166668,6.24830761754129
26.3591312500001,6.24908886758203
26.3594645833335,6.25312532612588
26.3597979166668,6.25651074296911
26.3601312500001,6.2505211593234
26.3604645833335,6.24479199235793
26.3607979166668,6.2467451174598
26.3611312500001,6.25325553446601
26.3614645833335,6.25026074264315
26.3617979166668,6.24257845057582
26.3621312500001,6.24401074231719
26.3624645833335,6.25351595114626
26.3627979166668,6.25403678450675
26.3631312500001,6.24257845057582
26.3634645833335,6.23098990830477
26.3637979166668,6.23229199170601
26.3641312500001,6.24557324239868
26.3644645833335,6.25950553479197
26.3647979166668,6.26588574345806
26.3651312500001,6.26119824321358
26.3654645833335,6.26367220167595
26.3657979166668,6.26263053495495
26.3661312500001,6.26796907690005
26.3664645833335,6.26848991026054
26.3667979166668,6.26901074362104
26.3671312500001,6.26315136831545
26.3674645833335,6.25468782620737
26.3677979166668,6.25533886790799
26.3681312500001,6.25976595147222
26.3684645833335,6.26406282669632
26.3687979166668,6.26158886823396
26.3691312500001,6.2591149097716
26.3694645833335,6.26132845155371
26.3697979166668,6.26731803519942
26.3701312500001,6.26940136864141
26.3704645833335,6.27057324370253
26.3707979166668,6.26119824321358
26.3711312500001,6.2591149097716
26.3714645833335,6.26145865989383
26.3717979166668,6.27122428540315
26.3721312500001,6.27226595212414
26.3724645833335,6.2714847020834
26.3727979166668,6.26731803519942
26.3731312500001,6.27265657714452
26.3734645833335,6.2757815773075
26.3737979166668,6.28268261933408
26.3741312500001,6.27747428572911
26.3744645833335,6.26888053528091
26.3747979166668,6.26380241001607
26.3751312500001,6.2634117849957
26.3754645833335,6.26458366005682
26.3757979166668,6.26276074329508
26.3761312500002,6.26171907657408
26.3764645833335,6.26315136831545
26.3767979166668,6.26458366005682
26.3771312500002,6.26731803519942
26.3774645833335,6.26848991026054
26.3777979166668,6.26588574345806
26.3781312500002,6.26862011860067
26.3784645833335,6.27239616046427
26.3787979166668,6.27890657747048
26.3791312500001,6.2800784525316
26.3794645833335,6.27851595245011
26.3797979166668,6.2757815773075
26.3801312500002,6.28281282767421
26.3804645833335,6.2795576191711
26.3807979166668,6.27877636913036
26.3811312500002,6.26914095196116
26.3814645833335,6.26692741017905
26.3817979166668,6.27330761884514
26.3821312500002,6.28398470273532
26.3824645833335,6.29609407836688
26.3827979166668,6.29010449472116
26.3831312500002,6.2709638687229
26.3834645833335,6.26406282669632
26.3837979166668,6.26848991026054
26.3841312500002,6.28072949423222
26.3844645833335,6.27760449406924
26.3847979166668,6.2666669934988
26.3851312500002,6.26914095196116
26.3854645833335,6.28020866087172
26.3857979166668,6.29114616144216
26.3861312500002,6.28684928621806
26.3864645833335,6.27239616046427
26.3867979166668,6.27291699382477
26.3871312500002,6.28033886921185
26.3874645833335,6.28789095293905
26.3877979166668,6.2833336610347
26.3881312500002,6.27682324402849
26.3884645833335,6.27643261900812
26.3887979166668,6.28229199431371
26.3891312500002,6.28854199463967
26.3894645833335,6.28932324468042
26.3897979166668,6.28802116127918
26.3901312500002,6.28776074459893
26.3904645833335,6.28919303634029
26.3907979166668,6.29049511974154
26.3911312500002,6.28606803617731
26.3914645833335,6.27760449406924
26.3917979166668,6.27421907722601
26.3921312500002,6.28020866087172
26.3924645833335,6.28971386970079
26.3927979166668,6.28893261966005
26.3931312500002,6.28697949455818
26.3934645833335,6.28723991123843
26.3937979166668,6.29127636978228
26.3941312500002,6.29049511974154
26.3944645833335,6.29023470306129
26.3947979166668,6.28893261966005
26.3951312500002,6.28789095293905
26.3954645833335,6.28554720281682
26.3957979166668,6.27708366070874
26.3961312500002,6.27122428540315
26.3964645833335,6.27539095228713
26.3967979166668,6.2876305362588
26.3971312500002,6.29557324500638
26.3974645833335,6.28997428638104
26.3977979166668,6.2881513696193
26.3981312500002,6.29453157828539
26.3984645833335,6.30221387035272
26.3987979166668,6.30247428703297
26.3991312500002,6.29505241164588
26.3994645833335,6.29531282832613
26.3997979166668,6.29492220330576
26.4001312500002,6.29635449504713
26.4004645833335,6.28789095293905
26.4007979166668,6.28085970257234
26.4011312500002,6.27669303568837
26.4014645833335,6.27890657747048
26.4017979166668,6.2848961611162
26.4021312500002,6.28841178629955
26.4024645833335,6.29062532808166
26.4027979166669,6.28841178629955
26.4031312500002,6.28737011957856
26.4034645833335,6.28684928621806
26.4037979166668,6.28841178629955
26.4041312500002,6.28541699447669
26.4044645833335,6.2876305362588
26.4047979166669,6.28854199463967
26.4051312500002,6.2929690782039
26.4054645833335,6.28932324468042
26.4057979166669,6.29166699480265
26.4061312500002,6.29518261998601
26.4064645833335,6.29804720346874
26.4067979166668,6.29283886986377
26.4071312500002,6.29583366168663
26.4074645833335,6.30377637043421
26.4077979166669,6.31354199594353
26.4081312500002,6.31237012088241
26.4084645833335,6.30520866217557
26.4087979166669,6.29596387002675
26.4091312500002,6.29869824516936
26.4094645833335,6.30468782881508
26.4097979166669,6.32044303797011
26.4101312500002,6.32239616307197
26.4104645833335,6.31679720444663
26.4107979166669,6.31432324598427
26.4111312500002,6.31406282930402
26.4114645833335,6.31562532938551
26.4117979166669,6.30794303731818
26.4121312500002,6.30273470371321
26.4124645833335,6.30520866217557
26.4127979166669,6.31276074590278
26.4131312500002,6.317187829467
26.4134645833335,6.31549512104539
26.4137979166669,6.30950553739967
26.4141312500002,6.3048180371552
26.4144645833335,6.30273470371321
26.4147979166669,6.29973991189036
26.4151312500002,6.29648470338725
26.4154645833335,6.29765657844837
26.4157979166669,6.30625032889657
26.4161312500002,6.32018262128986
26.4164645833335,6.32408887149359
26.4167979166669,6.31848991286824
26.4171312500002,6.30898470403918
26.4174645833335,6.3128909542429
26.4177979166669,6.32552116323495
26.4181312500002,6.33203158024116
26.4184645833335,6.32500032987446
26.4187979166669,6.31276074590278
26.4191312500002,6.30872428735893
26.4194645833335,6.31171907918179
26.4197979166669,6.31731803780713
26.4201312500002,6.31432324598427
26.4204645833335,6.31263053756265
26.4207979166669,6.31328157926328
26.4211312500002,6.32265657975222
26.4214645833335,6.3268232466362
26.4217979166669,6.31796907950775
26.4221312500002,6.30703157893731
26.4224645833335,6.30872428735893
26.4227979166669,6.31979199626949
26.4231312500002,6.32669303829607
26.4234645833335,6.32617220493557
26.4237979166669,6.31796907950775
26.4241312500002,6.31432324598427
26.4244645833335,6.30742220395769
26.4247979166669,6.31210970420216
26.4251312500002,6.31848991286824
26.4254645833335,6.3268232466362
26.4257979166669,6.32669303829607
26.4261312500002,6.32408887149359
26.4264645833335,6.32395866315346
26.4267979166669,6.32473991319421
26.4271312500002,6.32226595473185
26.4274645833335,6.32291699643247
26.4277979166669,6.32721387165657
26.4281312500002,6.3343753303634
26.4284645833335,6.33710970550601
26.4287979166669,6.33229199692141
26.4291312500002,6.3225263714121
26.4294645833333,6.32213574639172
26.4297979166667,6.32942741343868
26.43013125,6.33737012218626
26.4304645833333,6.33177116356092
26.4307979166667,6.32187532971148
26.43113125,6.32096387133061
26.4314645833333,6.3311201218603
26.4317979166667,6.34179720575048
26.43213125,6.33971387230849
26.4324645833333,6.32513053821458
26.4327979166667,6.31692741278676
26.43313125,6.3225263714121
26.4334645833333,6.32773470501707
26.4337979166667,6.32760449667694
26.43413125,6.32070345465036
26.4344645833333,6.32122428801085
26.4347979166667,6.32473991319421
26.43513125,6.32929720509856
26.4354645833333,6.33085970518005
26.4357979166667,6.32070345465036
26.43613125,6.31497428768489
26.4364645833333,6.32031282962998
26.4367979166667,6.33307324696216
26.43713125,6.33541699708439
26.4374645833333,6.32747428833682
26.4377979166667,6.32747428833682
26.43813125,6.33190137190104
26.4384645833334,6.33906283060787
26.4387979166667,6.33294303862203
26.43913125,6.32721387165657
26.4394645833333,6.32031282962998
26.4397979166667,6.32591178825533
26.44013125,6.33723991384613
26.4404645833334,6.34205762243073
26.4407979166667,6.33789095554675
26.44113125,6.32968783011893
26.4414645833334,6.3295576217788
26.4417979166667,6.33906283060787
26.44213125,6.34882845611719
26.4424645833334,6.35338574802154
26.4427979166667,6.34830762275669
26.44313125,6.34635449765483
26.4434645833334,6.34388053919247
26.4437979166667,6.34140658073011
26.44413125,6.338151372227
26.4444645833334,6.33658887214551
26.4447979166667,6.33463574704365
26.44513125,6.33372428866278
26.4454645833334,6.33906283060787
26.4457979166667,6.34765658105607
26.44613125,6.3472659560357
26.4464645833334,6.34088574736961
26.4467979166667,6.33776074720663
26.44713125,6.33658887214551
26.4474645833334,6.33750033052638
26.4477979166667,6.33463574704365
26.44813125,6.33580762210477
26.4484645833334,6.33880241392763
26.4487979166667,6.3434899141721
26.44913125,6.34713574769557
26.4494645833334,6.34752637271595
26.4497979166667,6.34817741441657
26.45013125,6.34570345595421
26.4504645833334,6.34114616404986
26.4507979166667,6.33997428898874
26.45113125,6.3429690808116
26.4514645833334,6.34648470599495
26.4517979166667,6.34218783077086
26.45213125,6.33229199692141
26.4524645833334,6.32903678841831
26.4527979166667,6.33424512202328
26.45313125,6.34036491400912
26.4534645833334,6.33802116388688
26.4537979166667,6.33203158024116
26.45413125,6.3305992884998
26.4544645833334,6.33802116388688
26.4547979166667,6.3429690808116
26.45513125,6.34427116421284
26.4554645833334,6.33710970550601
26.4557979166667,6.33567741376464
26.45613125,6.33320345530228
26.4564645833334,6.33411491368315
26.4567979166667,6.33046908015967
26.45713125,6.33776074720663
26.4574645833334,6.34609408097458
26.4577979166667,6.35442741474253
26.45813125,6.34817741441657
26.4584645833334,6.34440137255297
26.4587979166667,6.3467451226752
26.45913125,6.35572949814377
26.4594645833334,6.35755241490551
26.4597979166667,6.34661491433508
26.46013125,6.33697949716589
26.4604645833334,6.33372428866278
26.4607979166667,6.34179720575048
26.46113125,6.34283887247148
26.4614645833334,6.33619824712514
26.4617979166667,6.32473991319421
26.46213125,6.33164095522079
26.4624645833334,6.33984408064862
26.4627979166667,6.34596387263446
26.46313125,6.33372428866278
26.4634645833334,6.33020866347943
26.4637979166667,6.33476595538377
26.46413125,6.34283887247148
26.4644645833334,6.34205762243073
26.4647979166667,6.33281283028191
26.46513125,6.32382845481334
26.4654645833334,6.3220055380516
26.4657979166667,6.32473991319421
26.4661312500001,6.32851595505781
26.4664645833334,6.32838574671769
26.4667979166667,6.33151074688067
26.4671312500001,6.33763053886651
26.4674645833334,6.34023470566899
26.4677979166667,6.33776074720663
26.46813125,6.33789095554675
26.4684645833334,6.34362012251222
26.4687979166667,6.34817741441657
26.46913125,6.34596387263446
26.4694645833334,6.34062533068936
26.4697979166667,6.3386722055875
26.4701312500001,6.339193038948
26.4704645833334,6.33671908048564
26.4707979166667,6.33398470534303
26.4711312500001,6.32838574671769
26.4714645833334,6.33098991352017
26.4717979166667,6.33658887214551
26.4721312500001,6.34114616404986
26.4724645833334,6.34596387263446
26.4727979166667,6.339193038948
26.4731312500001,6.33502637206402
26.4734645833334,6.32877637173806
26.4737979166667,6.33294303862203
26.4741312500001,6.3424482474511
26.4744645833334,6.35065137287893
26.4747979166667,6.34987012283818
26.4751312500001,6.34908887279744
26.4754645833334,6.34335970583197
26.4757979166667,6.34166699741036
26.4761312500001,6.33098991352017
26.4764645833334,6.3263024132757
26.4767979166667,6.32721387165657
26.4771312500001,6.33151074688067
26.4774645833334,6.33320345530228
26.4777979166667,6.33307324696216
26.4781312500001,6.33528678874427
26.4784645833334,6.3338544970029
26.4787979166667,6.33098991352017
26.4791312500001,6.33242220526154
26.4794645833334,6.33593783044489
26.4797979166667,6.33997428898874
26.4801312500001,6.33945345562825
26.4804645833334,6.34544303927396
26.4807979166667,6.34700553935545
26.4811312500001,6.34804720607645
26.4814645833334,6.34843783109682
26.4817979166667,6.35377637304191
26.4821312500001,6.35442741474253
26.4824645833334,6.34973991449806
26.4827979166667,6.34609408097458
26.4831312500001,6.34218783077086
26.4834645833334,6.33684928882576
26.4837979166667,6.33046908015967
26.4841312500001,6.3300784551393
26.4844645833334,6.33658887214551
26.4847979166667,6.33450553870353
26.4851312500001,6.3300784551393
26.4854645833334,6.32903678841831
26.4857979166667,6.32929720509856
26.4861312500001,6.33255241360166
26.4864645833334,6.32786491335719
26.4867979166667,6.33450553870353
26.4871312500001,6.34544303927396
26.4874645833334,6.35039095619868
26.4877979166667,6.34427116421284
26.4881312500001,6.34101595570974
26.4884645833334,6.34101595570974
26.4887979166667,6.34231803911098
26.4891312500001,6.33541699708439
26.4894645833334,6.33033887181955
26.4897979166667,6.32591178825533
26.4901312500001,6.32903678841831
26.4904645833334,6.3305992884998
26.4907979166667,6.33958366396837
26.4911312500001,6.33671908048564
26.4914645833334,6.33580762210477
26.4917979166667,6.32604199659545
26.4921312500001,6.32786491335719
26.4924645833334,6.32942741343868
26.4927979166667,6.33737012218626
26.4931312500001,6.33763053886651
26.4934645833334,6.33619824712514
26.4937979166667,6.33723991384613
26.4941312500001,6.33854199724738
26.4944645833334,6.34335970583197
26.4947979166668,6.34179720575048
26.4951312500001,6.33945345562825
26.4954645833334,6.33945345562825
26.4957979166668,6.33893262226775
26.4961312500001,6.33697949716589
26.4964645833334,6.33216178858129
26.4967979166668,6.33476595538377
26.4971312500001,6.34322949749185
26.4974645833334,6.34622428931471
26.4977979166668,6.3429690808116
26.4981312500001,6.33580762210477
26.4984645833334,6.33763053886651
26.4987979166668,6.3424482474511
26.4991312500001,6.34283887247148
26.4994645833334,6.33398470534303
26.4997979166668,6.3263024132757
26.5001312500001,6.32552116323495
26.5004645833334,6.33997428898874
26.5007979166668,6.3467451226752
26.5011312500001,6.34973991449806
26.5014645833334,6.33828158056713
26.5017979166668,6.33697949716589
26.5021312500001,6.34166699741036
26.5024645833334,6.34921908113756
26.5027979166668,6.35026074785856
26.5031312500001,6.34153678907023
26.5034645833334,6.33710970550601
26.5037979166668,6.33476595538377
26.5041312500001,6.34401074753259
26.5044645833334,6.34895866445731
26.5047979166668,6.34921908113756
26.5051312500001,6.33750033052638
26.5054645833334,6.33359408032266
26.5057979166668,6.33854199724738
26.5061312500001,6.34557324761409
26.5064645833334,6.34322949749185
26.5067979166668,6.33255241360166
26.5071312500001,6.32864616339794
26.5074645833334,6.33541699708439
26.5077979166668,6.33971387230849
26.5081312500001,6.34166699741036
26.5084645833334,6.33203158024116
26.5087979166668,6.33307324696216
26.5091312500001,6.33750033052638
26.5094645833334,6.34231803911098
26.5097979166668,6.34947949781781
26.5101312500001,6.35390658138204
26.5104645833334,6.36002637336787
26.5107979166668,6.35403678972216
26.5111312500001,6.34218783077086
26.5114645833334,6.33450553870353
26.5117979166668,6.33424512202328
26.5121312500001,6.34153678907023
26.5124645833334,6.34622428931471
26.5127979166668,6.35143262291968
26.5131312500001,6.34947949781781
26.5134645833334,6.35091178955918
26.5137979166668,6.35026074785856
26.5141312500001,6.35260449798079
26.5144645833334,6.35117220623943
26.5147979166668,6.35039095619868
26.5151312500001,6.3515628312598
26.5154645833334,6.35013053951843
26.5157979166668,6.34492220591346
26.5161312500001,6.33333366364241
26.5164645833334,6.33320345530228
26.5167979166668,6.33776074720663
26.5171312500001,6.34388053919247
26.5174645833334,6.33932324728812
26.5177979166668,6.34023470566899
26.5181312500001,6.34856803943694
26.5184645833334,6.35989616502775
26.5187979166668,6.35195345628017
26.5191312500001,6.34466178923322
26.5194645833334,6.33880241392763
26.5197979166668,6.34973991449806
26.5201312500001,6.3558597064839
26.5204645833335,6.3558597064839
26.5207979166668,6.34713574769557
26.5211312500001,6.34075553902949
26.5214645833335,6.33828158056713
26.5217979166668,6.34609408097458
26.5221312500001,6.35143262291968
26.5224645833334,6.35625033150427
26.5227979166668,6.35598991482402
26.5231312500001,6.35143262291968
26.5234645833335,6.34895866445731
26.5237979166668,6.33945345562825
26.5241312500001,6.34114616404986
26.5244645833335,6.3429690808116
26.5247979166668,6.34375033085234
26.5251312500001,6.34075553902949
26.5254645833335,6.34140658073011
26.5257979166668,6.34231803911098
26.5261312500001,6.34700553935545
26.5264645833335,6.34414095587272
26.5267979166668,6.35455762308266
26.5271312500001,6.35403678972216
26.5274645833335,6.35546908146353
26.5277979166668,6.35013053951843
26.5281312500001,6.35247428964067
26.5284645833335,6.3515628312598
26.5287979166668,6.34987012283818
26.5291312500001,6.34075553902949
26.5294645833335,6.33554720542452
26.5297979166668,6.33723991384613
26.5301312500001,6.34622428931471
26.5304645833335,6.35598991482402
26.5307979166668,6.35377637304191
26.5311312500001,6.3515628312598
26.5314645833335,6.35351595636166
26.5317979166668,6.35612012316415
26.5321312500001,6.35260449798079
26.5324645833335,6.35013053951843
26.5327979166668,6.35833366494626
26.5331312500001,6.36536491531297
26.5334645833335,6.36132845676912
26.5337979166668,6.34687533101533
26.5341312500001,6.34101595570974
26.5344645833335,6.34843783109682
26.5347979166668,6.35989616502775
26.5351312500001,6.36093783174874
26.5354645833335,6.359114914987
26.5357979166668,6.36119824842899
26.5361312500001,6.36653679037408
26.5364645833335,6.36263054017036
26.5367979166668,6.34960970615794
26.5371312500001,6.34609408097458
26.5374645833335,6.34856803943694
26.5377979166668,6.359114914987
26.5381312500001,6.36523470697284
26.5384645833335,6.36250033183023
26.5387979166668,6.35807324826601
26.5391312500001,6.35898470664688
26.5394645833335,6.36497429029259
26.5397979166668,6.3677086654352
26.5401312500001,6.35677116486477
26.5404645833335,6.3520836646203
26.5407979166668,6.35143262291968
26.5411312500001,6.35065137287893
26.5414645833335,6.34570345595421
26.5417979166668,6.34765658105607
26.5421312500001,6.36276074851048
26.5424645833335,6.3773440826044
26.5427979166668,6.37473991580191
26.5431312500001,6.36289095685061
26.5434645833335,6.3596357483475
26.5437979166668,6.36627637369384
26.5441312500001,6.37278679070005
26.5444645833335,6.37343783240067
26.5447979166668,6.36666699871421
26.5451312500001,6.36223991514999
26.5454645833335,6.36250033183023
26.5457979166668,6.36809929045558
26.5461312500002,6.37591179086303
26.5464645833335,6.37669304090378
26.5467979166668,6.37473991580191
26.5471312500002,6.3763024158834
26.5474645833335,6.37864616600564
26.5477979166668,6.38072949944763
26.5481312500001,6.3757815825229
26.5484645833335,6.36757845709508
26.5487979166668,6.36263054017036
26.5491312500002,6.36028679004812
26.5494645833335,6.36692741539446
26.5497979166668,6.36940137385682
26.5501312500002,6.37929720770626
26.5504645833335,6.3773440826044
26.5507979166668,6.37981804106676
26.5511312500002,6.37825554098527
26.5514645833335,6.3854169996921
26.5517979166668,6.39257845839893
26.5521312500002,6.39531283354154
26.5524645833335,6.38710970811371
26.5527979166668,6.38632845807297
26.5531312500002,6.39010449993657
26.5534645833335,6.39635450026253
26.5537979166668,6.38893262487545
26.5541312500002,6.37825554098527
26.5544645833335,6.3768232492439
26.5547979166668,6.3886722081952
26.5551312500002,6.39791700034402
26.5554645833335,6.39557325022179
26.5557979166668,6.38723991645384
26.5561312500002,6.38841179151496
26.5564645833335,6.39205762503843
26.5567979166668,6.39479200018104
26.5571312500002,6.38463574965135
26.5574645833335,6.38776074981433
26.5577979166668,6.39570345856191
26.5581312500002,6.40572950075148
26.5584645833335,6.40013054212614
26.5587979166668,6.39283887507918
26.5591312500002,6.39179720835819
26.5594645833335,6.40065137548663
26.5597979166668,6.40677116747247
26.5601312500002,6.40755241751322
26.5604645833335,6.40273470892862
26.5607979166668,6.40598991743173
26.5611312500002,6.40872429257434
26.5614645833335,6.41210970941756
26.5617979166668,6.40898470925458
26.5621312500002,6.40286491726874
26.5624645833335,6.39987012544589
26.5627979166668,6.3977867920039
26.5631312500002,6.40703158415272
26.5634645833335,6.41588575128117
26.5637979166668,6.41276075111819
26.5641312500002,6.40364616730949
26.5644645833335,6.39856804204464
26.5647979166668,6.40911491759471
26.5651312500002,6.41276075111819
26.5654645833335,6.41002637597558
26.5657979166668,6.40052116714651
26.5661312500002,6.39804720868415
26.5664645833335,6.4026045005885
26.5667979166668,6.40989616763545
26.5671312500002,6.41432325119968
26.5674645833335,6.40703158415272
26.5677979166668,6.40117220884713
26.5681312500002,6.41184929273732
26.5684645833335,6.42473991840962
26.5687979166668,6.42552116845036
26.5691312500002,6.41237012609781
26.5694645833335,6.4015628338675
26.5697979166668,6.40130241718725
26.5701312500002,6.40703158415272
26.5704645833335,6.41028679265583
26.5707979166668,6.41263054277806
26.5711312500002,6.41354200115893
26.5714645833335,6.41315137613856
26.5717979166668,6.41614616796142
26.5721312500002,6.41679720966204
26.5724645833335,6.42408887670899
26.5727979166668,6.42643262683123
26.5731312500002,6.42369825168862
26.5734645833335,6.42473991840962
26.5737979166668,6.42369825168862
26.5741312500002,6.42434929338924
26.5744645833335,6.4192711681244
26.5747979166668,6.42109408488614
26.5751312500002,6.4278649185726
26.5754645833335,6.43463575225906
26.5757979166668,6.43151075209607
26.5761312500002,6.42200554326701
26.5764645833335,6.41432325119968
26.5767979166668,6.41562533460092
26.5771312500002,6.41601595962129
26.5774645833335,6.41484408456017
26.5777979166669,6.41953158480465
26.5781312500002,6.42513054342999
26.5784645833335,6.42591179347073
26.5787979166669,6.41575554294104
26.5791312500002,6.41406283451943
26.5794645833335,6.42096387654601
26.5797979166669,6.42187533492688
26.5801312500002,6.42070345986576
26.5804645833335,6.42109408488614
26.5807979166669,6.42539096011024
26.5811312500002,6.43268262715719
26.5814645833335,6.43020866869483
26.5817979166669,6.4273440852121
26.5821312500002,6.42057325152564
26.5824645833335,6.41549512626079
26.5827979166669,6.42213575160713
26.5831312500002,6.43242221047694
26.5834645833335,6.44062533590477
26.5837979166669,6.44153679428564
26.5841312500002,6.43398471055844
26.5844645833335,6.43528679395968
26.5847979166669,6.43268262715719
26.5851312500002,6.43281283549732
26.5854645833335,6.42851596027322
26.5857979166669,6.4278649185726
26.5861312500002,6.42487012674974
26.5864645833335,6.42343783500837
26.5867979166669,6.423047209988
26.5871312500002,6.42695346019173
26.5874645833335,6.43580762732017
26.5877979166669,6.43854200246278
26.5881312500002,6.43841179412266
26.5884645833335,6.43997429420415
26.5887979166669,6.44362012772763
26.5891312500002,6.44674512789061
26.5894645833335,6.44661491955048
26.5897979166669,6.44570346116962
26.5901312500002,6.44726596125111
26.5904645833335,6.44257846100663
26.5907979166669,6.44765658627148
26.5911312500002,6.44531283614924
26.5914645833335,6.44309929436713
26.5917979166669,6.44153679428564
26.5921312500002,6.44596387784986
26.5924645833335,6.44817741963198
26.5927979166669,6.45182325315545
26.5931312500002,6.4531253365567
26.5934645833335,6.45716179510055
26.5937979166669,6.44843783631222
26.5941312500002,6.43984408586403
26.5944645833335,6.44088575258502
26.5947979166669,6.44804721129185
26.5951312500002,6.4563805450598
26.5954645833335,6.45013054473384
26.5957979166669,6.44192741930601
26.5961312500002,6.44231804432639
26.5964645833335,6.44947950303322
26.5967979166669,6.45507846165856
26.5971312500002,6.44791700295173
26.5974645833335,6.44309929436713
26.5977979166669,6.44192741930601
26.5981312500002,6.44036491922452
26.5984645833335,6.44127637760539
26.5987979166669,6.44713575291098
26.5991312500002,6.45598992003943
26.5994645833335,6.4574222117808
26.5997979166669,6.45625033671968
26.60013125,6.4526045031962
26.6004645833333,6.45273471153632
26.6007979166667,6.45872429518204
26.60113125,6.46197950368514
26.6014645833333,6.46809929567098
26.6017979166667,6.46588575388887
26.60213125,6.47382846263645
26.6024645833333,6.46862012903148
26.6027979166667,6.4697920040926
26.60313125,6.47057325413334
26.6034645833333,6.47447950433707
26.6037979166667,6.47096387915372
26.60413125,6.46458367048763
26.6044645833333,6.46705762894999
26.6047979166667,6.46028679526353
26.60513125,6.46302117040614
26.6054645833333,6.46328158708639
26.6057979166667,6.47317742093583
26.60613125,6.47708367113955
26.6064645833334,6.47226596255496
26.6067979166667,6.46692742060986
26.60713125,6.45781283680117
26.6074645833334,6.45169304481533
26.6077979166667,6.45052116975421
26.60813125,6.45299512821657
26.6084645833334,6.46210971202527
26.6087979166667,6.46757846231048
26.60913125,6.46471387882775
26.6094645833333,6.46263054538577
26.6097979166667,6.46458367048763
26.61013125,6.47291700425558
26.6104645833334,6.47487012935744
26.6107979166667,6.47317742093583
26.61113125,6.46822950401111
26.6114645833334,6.47591179607844
26.6117979166667,6.48059929632291
26.61213125,6.48632846328837
26.6124645833334,6.4783857545408
26.6127979166667,6.47213575421483
26.61313125,6.47447950433707
26.6134645833334,6.4730472125957
26.6137979166667,6.47369825429632
26.61413125,6.47526075437781
26.6144645833334,6.48684929664887
26.6147979166667,6.49322950531496
26.61513125,6.49036492183222
26.6154645833334,6.48229200474452
26.6157979166667,6.48450554652663
26.61613125,6.49049513017235
26.6164645833334,6.49804721389955
26.6167979166667,6.49309929697483
26.61713125,6.48515658822726
26.6174645833334,6.48632846328837
26.6177979166667,6.49062533851247
26.61813125,6.48958367179148
26.6184645833334,6.47981804628216
26.6187979166667,6.47239617089508
26.61913125,6.47565137939819
26.6194645833334,6.48098992134328
26.6197979166667,6.48554721324763
26.62013125,6.48359408814577
26.6204645833334,6.48841179673036
26.6207979166667,6.48945346345136
26.62113125,6.49036492183222
26.6214645833334,6.48658887996862
26.6217979166667,6.48177117138403
26.62213125,6.48697950498899
26.6224645833334,6.49752638053906
26.6227979166667,6.50559929762676
26.62313125,6.50208367244341
26.6234645833334,6.49270867195446
26.6237979166667,6.49036492183222
26.62413125,6.50156283908291
26.6244645833334,6.50442742256564
26.6247979166667,6.50520867260639
26.62513125,6.49947950564092
26.6254645833334,6.49687533883844
26.6257979166667,6.50013054734154
26.62613125,6.49895867228042
26.6264645833334,6.49518263041682
26.6267979166667,6.49427117203595
26.62713125,6.49856804726005
26.6274645833334,6.50963575617061
26.6277979166667,6.51028679787123
26.62813125,6.50612013098726
26.6284645833334,6.50169304742303
26.6287979166667,6.5036461725249
26.62913125,6.5036461725249
26.6294645833334,6.49960971398105
26.6297979166667,6.48893263009086
26.63013125,6.49062533851247
26.6304645833334,6.49479200539645
26.6307979166667,6.50559929762676
26.63113125,6.50872429778974
26.6314645833334,6.51289096467372
26.6317979166667,6.50703158936813
26.63213125,6.50572950596688
26.6324645833334,6.50677117268788
26.6327979166667,6.51731804823794
26.63313125,6.51914096499968
26.6334645833334,6.51588575649657
26.6337979166667,6.51302117301384
26.63413125,6.51458367309533
26.6344645833334,6.51783888159844
26.6347979166667,6.52148471512191
26.63513125,6.51809929827869
26.6354645833334,6.51041700621136
26.6357979166667,6.50468783924589
26.6361312500001,6.50546908928664
26.6364645833334,6.51562533981632
26.6367979166667,6.51744825657806
26.63713125,6.51445346475521
26.6374645833334,6.51210971463297
26.6377979166667,6.51744825657806
26.6381312500001,6.52304721520341
26.6384645833334,6.51901075665955
26.6387979166667,6.50572950596688
26.6391312500001,6.50000033900142
26.6394645833334,6.50703158936813
26.6397979166667,6.52252638184291
26.6401312500001,6.5321617990121
26.6404645833334,6.52695346540713
26.6407979166667,6.5160159648367
26.6411312500001,6.51666700653732
26.6414645833334,6.52630242370651
26.6417979166667,6.53802117431769
26.6421312500001,6.5332034657331
26.6424645833334,6.52604200702626
26.6427979166667,6.52617221536639
26.6431312500001,6.5326826323726
26.6434645833334,6.53723992427695
26.6437979166667,6.53932325771893
26.6441312500001,6.53854200767819
26.6444645833334,6.54101596614055
26.6447979166667,6.53984409107943
26.6451312500001,6.53450554913434
26.6454645833334,6.52695346540713
26.6457979166667,6.52330763188366
26.6461312500001,6.52669304872688
26.6464645833334,6.53737013261707
26.6467979166667,6.53776075763744
26.6471312500001,6.53737013261707
26.6474645833334,6.52916700718925
26.6477979166667,6.52812534046825
26.6481312500001,6.52955763220962
26.6484645833334,6.53554721585533
26.6487979166667,6.53893263269856
26.6491312500001,6.54257846622204
26.6494645833334,6.54322950792266
26.6497979166667,6.54518263302453
26.6501312500001,6.54440138298378
26.6504645833334,6.54700554978626
26.6507979166667,6.55143263335049
26.6511312500001,6.549870133269
26.6514645833334,6.54648471642577
26.6517979166667,6.54192742452142
26.6521312500001,6.54804721650726
26.6524645833334,6.55130242501036
26.6527979166667,6.55807325869682
26.6531312500001,6.55664096695546
26.6534645833334,6.55208367505111
26.6537979166667,6.54544304970477
26.6541312500001,6.55455763351347
26.6544645833334,6.56458367570303
26.6547979166667,6.56562534242403
26.6551312500001,6.5531253417721
26.6554645833334,6.55039096662949
26.6557979166667,6.55468784185359
26.6561312500001,6.56458367570303
26.6564645833334,6.56106805051968
26.6567979166667,6.55872430039744
26.6571312500001,6.55299513343198
26.6574645833334,6.54700554978626
26.6577979166667,6.54570346638502
26.6581312500001,6.55208367505111
26.6584645833334,6.57018263432838
26.6587979166667,6.57109409270925
26.6591312500001,6.56445346736291
26.6594645833334,6.55963575877831
26.6597979166667,6.55911492541782
26.6601312500001,6.55976596711844
26.6604645833334,6.55911492541782
26.6607979166668,6.56028680047894
26.6611312500001,6.55924513375794
26.6614645833334,6.55690138363571
26.6617979166668,6.56002638379869
26.6621312500001,6.56953159262776
26.6624645833334,6.57669305133459
26.6627979166667,6.57135450938949
26.6631312500001,6.56237013392092
26.6634645833334,6.5531253417721
26.6637979166667,6.55546909189434
26.6641312500001,6.55455763351347
26.6644645833334,6.55078159164987
26.6647979166668,6.55117221667024
26.6651312500001,6.55976596711844
26.6654645833334,6.56888055092713
26.6657979166668,6.56914096760738
26.6661312500001,6.56158888388018
26.6664645833334,6.56015659213881
26.6667979166668,6.56822950922651
